Id,Label
224959,0
224960,0
224961,0
224962,0
224963,0
224964,0
224965,0
224966,0
224967,0
224968,0
224969,0
224970,0
224971,0
224972,0
224973,0
224974,0
224975,0
224976,0
224977,0
224978,0
224979,0
224980,0
224981,0
224982,0
224983,0
224984,0
224985,0
224986,0
224987,0
224988,0
224989,0
224990,0
224991,0
224992,0
224993,0
224994,0
224995,0
224996,0
224997,0
224998,0
224999,0
225000,0
225001,0
225002,0
225003,0
225004,0
225005,0
225006,0
225007,0
225008,0
225009,0
225010,0
225011,0
225012,0
225013,0
225014,0
225015,0
225016,0
225017,0
225018,0
225019,0
225020,0
225021,0
225022,0
225023,0
225024,0
225025,0
225026,0
225027,0
225028,0
225029,0
225030,0
225031,0
225032,0
225033,0
225034,0
225035,0
225036,0
225037,0
225038,0
225039,0
225040,0
225041,0
225042,0
225043,0
225044,0
225045,0
225046,0
225047,0
225048,0
225049,0
225050,0
225051,0
225052,0
225053,0
225054,0
225055,0
225056,0
225057,0
225058,0
225059,0
225060,0
225061,0
225062,0
225063,0
225064,0
225065,0
225066,0
225067,0
225068,0
225069,0
225070,0
225071,0
225072,0
225073,0
225074,0
225075,0
225076,0
225077,0
225078,0
225079,0
225080,0
225081,0
225082,0
225083,0
225084,0
225085,0
225086,0
225087,0
225088,0
225089,0
225090,0
225091,0
225092,0
225093,0
225094,0
225095,0
225096,0
225097,0
225098,0
225099,0
225100,0
225101,0
225102,0
225103,0
225104,0
225105,0
225106,0
225107,0
225108,0
225109,0
225110,0
225111,0
225112,0
225113,0
225114,0
225115,0
225116,0
225117,0
225118,0
225119,0
225120,0
225121,0
225122,0
225123,0
225124,0
225125,0
225126,0
225127,0
225128,0
225129,0
225130,0
225131,0
225132,0
225133,0
225134,0
225135,0
225136,0
225137,0
225138,0
225139,0
225140,0
225141,0
225142,0
225143,0
225144,0
225145,0
225146,0
225147,0
225148,0
225149,0
225150,0
225151,0
225152,0
225153,0
225154,0
225155,0
225156,0
225157,0
225158,0
225159,0
225160,0
225161,0
225162,0
225163,0
225164,0
225165,0
225166,0
225167,0
225168,0
225169,0
225170,0
225171,0
225172,0
225173,0
225174,0
225175,0
225176,0
225177,0
225178,0
225179,0
225180,0
225181,0
225182,0
225183,0
225184,0
225185,0
225186,0
225187,0
225188,0
225189,0
225190,0
225191,0
225192,0
225193,0
225194,0
225195,0
225196,0
225197,0
225198,0
225199,0
225200,0
225201,0
225202,0
225203,0
225204,0
225205,0
225206,0
225207,0
225208,0
225209,0
225210,0
225211,0
225212,0
225213,0
225214,0
225215,0
225216,0
225217,0
225218,0
225219,0
225220,0
225221,0
225222,0
225223,0
225224,0
225225,0
225226,0
225227,0
225228,0
225229,0
225230,0
225231,0
225232,0
225233,0
225234,0
225235,0
225236,0
225237,0
225238,0
225239,0
225240,0
225241,0
225242,0
225243,0
225244,0
225245,0
225246,0
225247,0
225248,0
225249,0
225250,0
225251,0
225252,0
225253,0
225254,0
225255,0
225256,0
225257,0
225258,0
225259,0
225260,0
225261,0
225262,0
225263,0
225264,0
225265,0
225266,0
225267,0
225268,0
225269,0
225270,0
225271,0
225272,0
225273,0
225274,0
225275,0
225276,0
225277,0
225278,0
225279,0
225280,0
225281,0
225282,0
225283,0
225284,0
225285,0
225286,0
225287,0
225288,0
225289,0
225290,0
225291,0
225292,0
225293,0
225294,0
225295,0
225296,0
225297,0
225298,0
225299,0
225300,0
225301,0
225302,0
225303,0
225304,0
225305,0
225306,0
225307,0
225308,0
225309,0
225310,0
225311,0
225312,0
225313,0
225314,0
225315,0
225316,0
225317,0
225318,0
225319,0
225320,0
225321,0
225322,0
225323,0
225324,0
225325,0
225326,0
225327,0
225328,0
225329,0
225330,0
225331,0
225332,0
225333,0
225334,0
225335,0
225336,0
225337,0
225338,0
225339,0
225340,0
225341,0
225342,0
225343,0
225344,0
225345,0
225346,0
225347,0
225348,0
225349,0
225350,0
225351,0
225352,0
225353,0
225354,0
225355,0
225356,0
225357,0
225358,0
225359,0
225360,0
225361,0
225362,0
225363,0
225364,0
225365,0
225366,0
225367,0
225368,0
225369,0
225370,0
225371,0
225372,0
225373,0
225374,0
225375,0
225376,0
225377,0
225378,0
225379,0
225380,0
225381,0
225382,0
225383,0
225384,0
225385,0
225386,0
225387,0
225388,0
225389,0
225390,0
225391,0
225392,0
225393,0
225394,0
225395,0
225396,0
225397,0
225398,0
225399,0
225400,0
225401,0
225402,0
225403,0
225404,0
225405,0
225406,0
225407,0
225408,0
225409,0
225410,0
225411,0
225412,0
225413,0
225414,0
225415,0
225416,0
225417,0
225418,0
225419,0
225420,0
225421,0
225422,0
225423,0
225424,0
225425,0
225426,0
225427,0
225428,0
225429,0
225430,0
225431,0
225432,0
225433,0
225434,0
225435,0
225436,0
225437,0
225438,0
225439,0
225440,0
225441,0
225442,0
225443,0
225444,0
225445,0
225446,0
225447,0
225448,0
225449,0
225450,0
225451,0
225452,0
225453,0
225454,0
225455,0
225456,0
225457,0
225458,0
225459,0
225460,0
225461,0
225462,0
225463,0
225464,0
225465,0
225466,0
225467,0
225468,0
225469,0
225470,0
225471,0
225472,0
225473,0
225474,0
225475,0
225476,0
225477,0
225478,0
225479,0
225480,0
225481,0
225482,0
225483,0
225484,0
225485,0
225486,0
225487,0
225488,0
225489,0
225490,0
225491,0
225492,0
225493,0
225494,0
225495,0
225496,0
225497,0
225498,0
225499,0
225500,0
225501,0
225502,0
225503,0
225504,0
225505,0
225506,0
225507,0
225508,0
225509,0
225510,0
225511,0
225512,0
225513,0
225514,0
225515,0
225516,0
225517,0
225518,0
225519,0
225520,0
225521,0
225522,0
225523,0
225524,0
225525,0
225526,0
225527,0
225528,0
225529,0
225530,0
225531,0
225532,0
225533,0
225534,0
225535,0
225536,0
225537,0
225538,0
225539,0
225540,0
225541,0
225542,0
225543,0
225544,0
225545,0
225546,0
225547,0
225548,0
225549,0
225550,0
225551,0
225552,0
225553,0
225554,0
225555,0
225556,0
225557,0
225558,0
225559,0
225560,0
225561,0
225562,0
225563,0
225564,0
225565,0
225566,0
225567,0
225568,0
225569,0
225570,0
225571,0
225572,0
225573,0
225574,0
225575,0
225576,0
225577,0
225578,0
225579,0
225580,0
225581,0
225582,0
225583,0
225584,0
225585,0
225586,0
225587,0
225588,0
225589,0
225590,0
225591,0
225592,0
225593,0
225594,0
225595,0
225596,0
225597,0
225598,0
225599,0
225600,0
225601,0
225602,0
225603,0
225604,0
225605,0
225606,0
225607,0
225608,0
225609,0
225610,0
225611,0
225612,0
225613,0
225614,0
225615,0
225616,0
225617,0
225618,0
225619,0
225620,0
225621,0
225622,0
225623,0
225624,0
225625,0
225626,0
225627,0
225628,0
225629,0
225630,0
225631,0
225632,0
225633,0
225634,0
225635,0
225636,0
225637,0
225638,0
225639,0
225640,0
225641,0
225642,0
225643,0
225644,0
225645,0
225646,0
225647,0
225648,0
225649,0
225650,0
225651,0
225652,0
225653,0
225654,0
225655,0
225656,0
225657,0
225658,0
225659,0
225660,0
225661,0
225662,0
225663,0
225664,0
225665,0
225666,0
225667,0
225668,0
225669,0
225670,0
225671,0
225672,0
225673,0
225674,0
225675,0
225676,0
225677,0
225678,0
225679,0
225680,0
225681,0
225682,0
225683,0
225684,0
225685,0
225686,0
225687,0
225688,0
225689,0
225690,0
225691,0
225692,0
225693,0
225694,0
225695,0
225696,0
225697,0
225698,0
225699,0
225700,0
225701,0
225702,0
225703,0
225704,0
225705,0
225706,0
225707,0
225708,0
225709,0
225710,0
225711,0
225712,0
225713,0
225714,0
225715,0
225716,0
225717,0
225718,0
225719,0
225720,0
225721,0
225722,0
225723,0
225724,0
225725,0
225726,0
225727,0
225728,0
225729,0
225730,0
225731,0
225732,0
225733,0
225734,0
225735,0
225736,0
225737,0
225738,0
225739,0
225740,0
225741,0
225742,0
225743,0
225744,0
225745,0
225746,0
225747,0
225748,0
225749,0
225750,0
225751,0
225752,0
225753,0
225754,0
225755,0
225756,0
225757,0
225758,0
225759,0
225760,0
225761,0
225762,0
225763,0
225764,0
225765,0
225766,0
225767,0
225768,0
225769,0
225770,0
225771,0
225772,0
225773,0
225774,0
225775,0
225776,0
225777,0
225778,0
225779,0
225780,0
225781,0
225782,0
225783,0
225784,0
225785,0
225786,0
225787,0
225788,0
225789,0
225790,0
225791,0
225792,0
225793,0
225794,0
225795,0
225796,0
225797,0
225798,0
225799,0
225800,0
225801,0
225802,0
225803,0
225804,0
225805,0
225806,0
225807,0
225808,0
225809,0
225810,0
225811,0
225812,0
225813,0
225814,0
225815,0
225816,0
225817,0
225818,0
225819,0
225820,0
225821,0
225822,0
225823,0
225824,0
225825,0
225826,0
225827,0
225828,0
225829,0
225830,0
225831,0
225832,0
225833,0
225834,0
225835,0
225836,0
225837,0
225838,0
225839,0
225840,0
225841,0
225842,0
225843,0
225844,0
225845,0
225846,0
225847,0
225848,0
225849,0
225850,0
225851,0
225852,0
225853,0
225854,0
225855,0
225856,0
225857,0
225858,0
225859,0
225860,0
225861,0
225862,0
225863,0
225864,0
225865,0
225866,0
225867,0
225868,0
225869,0
225870,0
225871,0
225872,0
225873,0
225874,0
225875,0
225876,0
225877,0
225878,0
225879,0
225880,0
225881,0
225882,0
225883,0
225884,0
225885,0
225886,0
225887,0
225888,0
225889,0
225890,0
225891,0
225892,0
225893,0
225894,0
225895,0
225896,0
225897,0
225898,0
225899,0
225900,0
225901,0
225902,0
225903,0
225904,0
225905,0
225906,0
225907,0
225908,0
225909,0
225910,0
225911,0
225912,0
225913,0
225914,0
225915,0
225916,0
225917,0
225918,0
225919,0
225920,0
225921,0
225922,0
225923,0
225924,0
225925,0
225926,0
225927,0
225928,0
225929,0
225930,0
225931,0
225932,0
225933,0
225934,0
225935,0
225936,0
225937,0
225938,0
225939,0
225940,0
225941,0
225942,0
225943,0
225944,0
225945,0
225946,0
225947,0
225948,0
225949,0
225950,0
225951,0
225952,0
225953,0
225954,0
225955,0
225956,0
225957,0
225958,0
225959,0
225960,0
225961,0
225962,0
225963,0
225964,0
225965,0
225966,0
225967,0
225968,0
225969,0
225970,0
225971,0
225972,0
225973,0
225974,0
225975,0
225976,0
225977,0
225978,0
225979,0
225980,0
225981,0
225982,0
225983,0
225984,0
225985,0
225986,0
225987,0
225988,0
225989,0
225990,0
225991,0
225992,0
225993,0
225994,0
225995,0
225996,0
225997,0
225998,0
225999,0
226000,0
226001,0
226002,0
226003,0
226004,0
226005,0
226006,0
226007,0
226008,0
226009,0
226010,0
226011,0
226012,0
226013,0
226014,0
226015,0
226016,0
226017,0
226018,0
226019,0
226020,0
226021,0
226022,0
226023,0
226024,0
226025,0
226026,0
226027,0
226028,0
226029,0
226030,0
226031,0
226032,0
226033,0
226034,0
226035,0
226036,0
226037,0
226038,0
226039,0
226040,0
226041,0
226042,0
226043,0
226044,0
226045,0
226046,0
226047,0
226048,0
226049,0
226050,0
226051,0
226052,0
226053,0
226054,0
226055,0
226056,0
226057,0
226058,0
226059,0
226060,0
226061,0
226062,0
226063,0
226064,0
226065,0
226066,0
226067,0
226068,0
226069,0
226070,0
226071,0
226072,0
226073,0
226074,0
226075,0
226076,0
226077,0
226078,0
226079,0
226080,0
226081,0
226082,0
226083,0
226084,0
226085,0
226086,0
226087,0
226088,0
226089,0
226090,0
226091,0
226092,0
226093,0
226094,0
226095,0
226096,0
226097,0
226098,0
226099,0
226100,0
226101,0
226102,0
226103,0
226104,0
226105,0
226106,0
226107,0
226108,0
226109,0
226110,0
226111,0
226112,0
226113,0
226114,0
226115,0
226116,0
226117,0
226118,0
226119,0
226120,0
226121,0
226122,0
226123,0
226124,0
226125,0
226126,0
226127,0
226128,0
226129,0
226130,0
226131,0
226132,0
226133,0
226134,0
226135,0
226136,0
226137,0
226138,0
226139,0
226140,0
226141,0
226142,0
226143,0
226144,0
226145,0
226146,0
226147,0
226148,0
226149,0
226150,0
226151,0
226152,0
226153,0
226154,0
226155,0
226156,0
226157,0
226158,0
226159,0
226160,0
226161,0
226162,0
226163,0
226164,0
226165,0
226166,0
226167,0
226168,0
226169,0
226170,0
226171,0
226172,0
226173,0
226174,0
226175,0
226176,0
226177,0
226178,0
226179,0
226180,0
226181,0
226182,0
226183,0
226184,0
226185,0
226186,0
226187,0
226188,0
226189,0
226190,0
226191,0
226192,0
226193,0
226194,0
226195,0
226196,0
226197,0
226198,0
226199,0
226200,0
226201,0
226202,0
226203,0
226204,0
226205,0
226206,0
226207,0
226208,0
226209,0
226210,0
226211,0
226212,0
226213,0
226214,0
226215,0
226216,0
226217,0
226218,0
226219,0
226220,0
226221,0
226222,0
226223,0
226224,0
226225,0
226226,0
226227,0
226228,0
226229,0
226230,0
226231,0
226232,0
226233,0
226234,0
226235,0
226236,0
226237,0
226238,0
226239,0
226240,0
226241,0
226242,0
226243,0
226244,0
226245,0
226246,0
226247,0
226248,0
226249,0
226250,0
226251,0
226252,0
226253,0
226254,0
226255,0
226256,0
226257,0
226258,0
226259,0
226260,0
226261,0
226262,0
226263,0
226264,0
226265,0
226266,0
226267,0
226268,0
226269,0
226270,0
226271,0
226272,0
226273,0
226274,0
226275,0
226276,0
226277,0
226278,0
226279,0
226280,0
226281,0
226282,0
226283,0
226284,0
226285,0
226286,0
226287,0
226288,0
226289,0
226290,0
226291,0
226292,0
226293,0
226294,0
226295,0
226296,0
226297,0
226298,0
226299,0
226300,0
226301,0
226302,0
226303,0
226304,0
226305,0
226306,0
226307,0
226308,0
226309,0
226310,0
226311,0
226312,0
226313,0
226314,0
226315,0
226316,0
226317,0
226318,0
226319,0
226320,0
226321,0
226322,0
226323,0
226324,0
226325,0
226326,0
226327,0
226328,0
226329,0
226330,0
226331,0
226332,0
226333,0
226334,0
226335,0
226336,0
226337,0
226338,0
226339,0
226340,0
226341,0
226342,0
226343,0
226344,0
226345,0
226346,0
226347,0
226348,0
226349,0
226350,0
226351,0
226352,0
226353,0
226354,0
226355,0
226356,0
226357,0
226358,0
226359,0
226360,0
226361,0
226362,0
226363,0
226364,0
226365,0
226366,0
226367,0
226368,0
226369,0
226370,0
226371,0
226372,0
226373,0
226374,0
226375,0
226376,0
226377,0
226378,0
226379,0
226380,0
226381,0
226382,0
226383,0
226384,0
226385,0
226386,0
226387,0
226388,0
226389,0
226390,0
226391,0
226392,0
226393,0
226394,0
226395,0
226396,0
226397,0
226398,0
226399,0
226400,0
226401,0
226402,0
226403,0
226404,0
226405,0
226406,0
226407,0
226408,0
226409,0
226410,0
226411,0
226412,0
226413,0
226414,0
226415,0
226416,0
226417,0
226418,0
226419,0
226420,0
226421,0
226422,0
226423,0
226424,0
226425,0
226426,0
226427,0
226428,0
226429,0
226430,0
226431,0
226432,0
226433,0
226434,0
226435,0
226436,0
226437,0
226438,0
226439,0
226440,0
226441,0
226442,0
226443,0
226444,0
226445,0
226446,0
226447,0
226448,0
226449,0
226450,0
226451,0
226452,0
226453,0
226454,0
226455,0
226456,0
226457,0
226458,0
226459,0
226460,0
226461,0
226462,0
226463,0
226464,0
226465,0
226466,0
226467,0
226468,0
226469,0
226470,0
226471,0
226472,0
226473,0
226474,0
226475,0
226476,0
226477,0
226478,0
226479,0
226480,0
226481,0
226482,0
226483,0
226484,0
226485,0
226486,0
226487,0
226488,0
226489,0
226490,0
226491,0
226492,0
226493,0
226494,0
226495,0
226496,0
226497,0
226498,0
226499,0
226500,0
226501,0
226502,0
226503,0
226504,0
226505,0
226506,0
226507,0
226508,0
226509,0
226510,0
226511,0
226512,0
226513,0
226514,0
226515,0
226516,0
226517,0
226518,0
226519,0
226520,0
226521,0
226522,0
226523,0
226524,0
226525,0
226526,0
226527,0
226528,0
226529,0
226530,0
226531,0
226532,0
226533,0
226534,0
226535,0
226536,0
226537,0
226538,0
226539,0
226540,0
226541,0
226542,0
226543,0
226544,0
226545,0
226546,0
226547,0
226548,0
226549,0
226550,0
226551,0
226552,0
226553,0
226554,0
226555,0
226556,0
226557,0
226558,0
226559,0
226560,0
226561,0
226562,0
226563,0
226564,0
226565,0
226566,0
226567,0
226568,0
226569,0
226570,0
226571,0
226572,0
226573,0
226574,0
226575,0
226576,0
226577,0
226578,0
226579,0
226580,0
226581,0
226582,0
226583,0
226584,0
226585,0
226586,0
226587,0
226588,0
226589,0
226590,0
226591,0
226592,0
226593,0
226594,0
226595,0
226596,0
226597,0
226598,0
226599,0
226600,0
226601,0
226602,0
226603,0
226604,0
226605,0
226606,0
226607,0
226608,0
226609,0
226610,0
226611,0
226612,0
226613,0
226614,0
226615,0
226616,0
226617,0
226618,0
226619,0
226620,0
226621,0
226622,0
226623,0
226624,0
226625,0
226626,0
226627,0
226628,0
226629,0
226630,0
226631,0
226632,0
226633,0
226634,0
226635,0
226636,0
226637,0
226638,0
226639,0
226640,0
226641,0
226642,0
226643,0
226644,0
226645,0
226646,0
226647,0
226648,0
226649,0
226650,0
226651,0
226652,0
226653,0
226654,0
226655,0
226656,0
226657,0
226658,0
226659,0
226660,0
226661,0
226662,0
226663,0
226664,0
226665,0
226666,0
226667,0
226668,0
226669,0
226670,0
226671,0
226672,0
226673,0
226674,0
226675,0
226676,0
226677,0
226678,0
226679,0
226680,0
226681,0
226682,0
226683,0
226684,0
226685,0
226686,0
226687,0
226688,0
226689,0
226690,0
226691,0
226692,0
226693,0
226694,0
226695,0
226696,0
226697,0
226698,0
226699,0
226700,0
226701,0
226702,0
226703,0
226704,0
226705,0
226706,0
226707,0
226708,0
226709,0
226710,0
226711,0
226712,0
226713,0
226714,0
226715,0
226716,0
226717,0
226718,0
226719,0
226720,0
226721,0
226722,0
226723,0
226724,0
226725,0
226726,0
226727,0
226728,0
226729,0
226730,0
226731,0
226732,0
226733,0
226734,0
226735,0
226736,0
226737,0
226738,0
226739,0
226740,0
226741,0
226742,0
226743,0
226744,0
226745,0
226746,0
226747,0
226748,0
226749,0
226750,0
226751,0
226752,0
226753,0
226754,0
226755,0
226756,0
226757,0
226758,0
226759,0
226760,0
226761,0
226762,0
226763,0
226764,0
226765,0
226766,0
226767,0
226768,0
226769,0
226770,0
226771,0
226772,0
226773,0
226774,0
226775,0
226776,0
226777,0
226778,0
226779,0
226780,0
226781,0
226782,0
226783,0
226784,0
226785,0
226786,0
226787,0
226788,0
226789,0
226790,0
226791,0
226792,0
226793,0
226794,0
226795,0
226796,0
226797,0
226798,0
226799,0
226800,0
226801,0
226802,0
226803,0
226804,0
226805,0
226806,0
226807,0
226808,0
226809,0
226810,0
226811,0
226812,0
226813,0
226814,0
226815,0
226816,0
226817,0
226818,0
226819,0
226820,0
226821,0
226822,0
226823,0
226824,0
226825,0
226826,0
226827,0
226828,0
226829,0
226830,0
226831,0
226832,0
226833,0
226834,0
226835,0
226836,0
226837,0
226838,0
226839,0
226840,0
226841,0
226842,0
226843,0
226844,0
226845,0
226846,0
226847,0
226848,0
226849,0
226850,0
226851,0
226852,0
226853,0
226854,0
226855,0
226856,0
226857,0
226858,0
226859,0
226860,0
226861,0
226862,0
226863,0
226864,0
226865,0
226866,0
226867,0
226868,0
226869,0
226870,0
226871,0
226872,0
226873,0
226874,0
226875,0
226876,0
226877,0
226878,0
226879,0
226880,0
226881,0
226882,0
226883,0
226884,0
226885,0
226886,0
226887,0
226888,0
226889,0
226890,0
226891,0
226892,0
226893,0
226894,0
226895,0
226896,0
226897,0
226898,0
226899,0
226900,0
226901,0
226902,0
226903,0
226904,0
226905,0
226906,0
226907,0
226908,0
226909,0
226910,0
226911,0
226912,0
226913,0
226914,0
226915,0
226916,0
226917,0
226918,0
226919,0
226920,0
226921,0
226922,0
226923,0
226924,0
226925,0
226926,0
226927,0
226928,0
226929,0
226930,0
226931,0
226932,0
226933,0
226934,0
226935,0
226936,0
226937,0
226938,0
226939,0
226940,0
226941,0
226942,0
226943,0
226944,0
226945,0
226946,0
226947,0
226948,0
226949,0
226950,0
226951,0
226952,0
226953,0
226954,0
226955,0
226956,0
226957,0
226958,0
226959,0
226960,0
226961,0
226962,0
226963,0
226964,0
226965,0
226966,0
226967,0
226968,0
226969,0
226970,0
226971,0
226972,0
226973,0
226974,0
226975,0
226976,0
226977,0
226978,0
226979,0
226980,0
226981,0
226982,0
226983,0
226984,0
226985,0
226986,0
226987,0
226988,0
226989,0
226990,0
226991,0
226992,0
226993,0
226994,0
226995,0
226996,0
226997,0
226998,0
226999,0
227000,0
227001,0
227002,0
227003,0
227004,0
227005,0
227006,0
227007,0
227008,0
227009,0
227010,0
227011,0
227012,0
227013,0
227014,0
227015,0
227016,0
227017,0
227018,0
227019,0
227020,0
227021,0
227022,0
227023,0
227024,0
227025,0
227026,0
227027,0
227028,0
227029,0
227030,0
227031,0
227032,0
227033,0
227034,0
227035,0
227036,0
227037,0
227038,0
227039,0
227040,0
227041,0
227042,0
227043,0
227044,0
227045,0
227046,0
227047,0
227048,0
227049,0
227050,0
227051,0
227052,0
227053,0
227054,0
227055,0
227056,0
227057,0
227058,0
227059,0
227060,0
227061,0
227062,0
227063,0
227064,0
227065,0
227066,0
227067,0
227068,0
227069,0
227070,0
227071,0
227072,0
227073,0
227074,0
227075,0
227076,0
227077,0
227078,0
227079,0
227080,0
227081,0
227082,0
227083,0
227084,0
227085,0
227086,0
227087,0
227088,0
227089,0
227090,0
227091,0
227092,0
227093,0
227094,0
227095,0
227096,0
227097,0
227098,0
227099,0
227100,0
227101,0
227102,0
227103,0
227104,0
227105,0
227106,0
227107,0
227108,0
227109,0
227110,0
227111,0
227112,0
227113,0
227114,0
227115,0
227116,0
227117,0
227118,0
227119,0
227120,0
227121,0
227122,0
227123,0
227124,0
227125,0
227126,0
227127,0
227128,0
227129,0
227130,0
227131,0
227132,0
227133,0
227134,0
227135,0
227136,0
227137,0
227138,0
227139,0
227140,0
227141,0
227142,0
227143,0
227144,0
227145,0
227146,0
227147,0
227148,0
227149,0
227150,0
227151,0
227152,0
227153,0
227154,0
227155,0
227156,0
227157,0
227158,0
227159,0
227160,0
227161,0
227162,0
227163,0
227164,0
227165,0
227166,0
227167,0
227168,0
227169,0
227170,0
227171,0
227172,0
227173,0
227174,0
227175,0
227176,0
227177,0
227178,0
227179,0
227180,0
227181,0
227182,0
227183,0
227184,0
227185,0
227186,0
227187,0
227188,0
227189,0
227190,0
227191,0
227192,0
227193,0
227194,0
227195,0
227196,0
227197,0
227198,0
227199,0
227200,0
227201,0
227202,0
227203,0
227204,0
227205,0
227206,0
227207,0
227208,0
227209,0
227210,0
227211,0
227212,0
227213,0
227214,0
227215,0
227216,0
227217,0
227218,0
227219,0
227220,0
227221,0
227222,0
227223,0
227224,0
227225,0
227226,0
227227,0
227228,0
227229,0
227230,0
227231,0
227232,0
227233,0
227234,0
227235,0
227236,0
227237,0
227238,0
227239,0
227240,0
227241,0
227242,0
227243,0
227244,0
227245,0
227246,0
227247,0
227248,0
227249,0
227250,0
227251,0
227252,0
227253,0
227254,0
227255,0
227256,0
227257,0
227258,0
227259,0
227260,0
227261,0
227262,0
227263,0
227264,0
227265,0
227266,0
227267,0
227268,0
227269,0
227270,0
227271,0
227272,0
227273,0
227274,0
227275,0
227276,0
227277,0
227278,0
227279,0
227280,0
227281,0
227282,0
227283,0
227284,0
227285,0
227286,0
227287,0
227288,0
227289,0
227290,0
227291,0
227292,0
227293,0
227294,0
227295,0
227296,0
227297,0
227298,0
227299,0
227300,0
227301,0
227302,0
227303,0
227304,0
227305,0
227306,0
227307,0
227308,0
227309,0
227310,0
227311,0
227312,0
227313,0
227314,0
227315,0
227316,0
227317,0
227318,0
227319,0
227320,0
227321,0
227322,0
227323,0
227324,0
227325,0
227326,0
227327,0
227328,0
227329,0
227330,0
227331,0
227332,0
227333,0
227334,0
227335,0
227336,0
227337,0
227338,0
227339,0
227340,0
227341,0
227342,0
227343,0
227344,0
227345,0
227346,0
227347,0
227348,0
227349,0
227350,0
227351,0
227352,0
227353,0
227354,0
227355,0
227356,0
227357,0
227358,0
227359,0
227360,0
227361,0
227362,0
227363,0
227364,0
227365,0
227366,0
227367,0
227368,0
227369,0
227370,0
227371,0
227372,0
227373,0
227374,0
227375,0
227376,0
227377,0
227378,0
227379,0
227380,0
227381,0
227382,0
227383,0
227384,0
227385,0
227386,0
227387,0
227388,0
227389,0
227390,0
227391,0
227392,0
227393,0
227394,0
227395,0
227396,0
227397,0
227398,0
227399,0
227400,0
227401,0
227402,0
227403,0
227404,0
227405,0
227406,0
227407,0
227408,0
227409,0
227410,0
227411,0
227412,0
227413,0
227414,0
227415,0
227416,0
227417,0
227418,0
227419,0
227420,0
227421,0
227422,0
227423,0
227424,0
227425,0
227426,0
227427,0
227428,0
227429,0
227430,0
227431,0
227432,0
227433,0
227434,0
227435,0
227436,0
227437,0
227438,0
227439,0
227440,0
227441,0
227442,0
227443,0
227444,0
227445,0
227446,0
227447,0
227448,0
227449,0
227450,0
227451,0
227452,0
227453,0
227454,0
227455,0
227456,0
227457,0
227458,0
227459,0
227460,0
227461,0
227462,0
227463,0
227464,0
227465,0
227466,0
227467,0
227468,0
227469,0
227470,0
227471,0
227472,0
227473,0
227474,0
227475,0
227476,0
227477,0
227478,0
227479,0
227480,0
227481,0
227482,0
227483,0
227484,0
227485,0
227486,0
227487,0
227488,0
227489,0
227490,0
227491,0
227492,0
227493,0
227494,0
227495,0
227496,0
227497,0
227498,0
227499,0
227500,0
227501,0
227502,0
227503,0
227504,0
227505,0
227506,0
227507,0
227508,0
227509,0
227510,0
227511,0
227512,0
227513,0
227514,0
227515,0
227516,0
227517,0
227518,0
227519,0
227520,0
227521,0
227522,0
227523,0
227524,0
227525,0
227526,0
227527,0
227528,0
227529,0
227530,0
227531,0
227532,0
227533,0
227534,0
227535,0
227536,0
227537,0
227538,0
227539,0
227540,0
227541,0
227542,0
227543,0
227544,0
227545,0
227546,0
227547,0
227548,0
227549,0
227550,0
227551,0
227552,0
227553,0
227554,0
227555,0
227556,0
227557,0
227558,0
227559,0
227560,0
227561,0
227562,0
227563,0
227564,0
227565,0
227566,0
227567,0
227568,0
227569,0
227570,0
227571,0
227572,0
227573,0
227574,0
227575,0
227576,0
227577,0
227578,0
227579,0
227580,0
227581,0
227582,0
227583,0
227584,0
227585,0
227586,0
227587,0
227588,0
227589,0
227590,0
227591,0
227592,0
227593,0
227594,0
227595,0
227596,0
227597,0
227598,0
227599,0
227600,0
227601,0
227602,0
227603,0
227604,0
227605,0
227606,0
227607,0
227608,0
227609,0
227610,0
227611,0
227612,0
227613,0
227614,0
227615,0
227616,0
227617,0
227618,0
227619,0
227620,0
227621,0
227622,0
227623,0
227624,0
227625,0
227626,0
227627,0
227628,0
227629,0
227630,0
227631,0
227632,0
227633,0
227634,0
227635,0
227636,0
227637,0
227638,0
227639,0
227640,0
227641,0
227642,0
227643,0
227644,0
227645,0
227646,0
227647,0
227648,0
227649,0
227650,0
227651,0
227652,0
227653,0
227654,0
227655,0
227656,0
227657,0
227658,0
227659,0
227660,0
227661,0
227662,0
227663,0
227664,0
227665,0
227666,0
227667,0
227668,0
227669,0
227670,0
227671,0
227672,0
227673,0
227674,0
227675,0
227676,0
227677,0
227678,0
227679,0
227680,0
227681,0
227682,0
227683,0
227684,0
227685,0
227686,0
227687,0
227688,0
227689,0
227690,0
227691,0
227692,0
227693,0
227694,0
227695,0
227696,0
227697,0
227698,0
227699,0
227700,0
227701,0
227702,0
227703,0
227704,0
227705,0
227706,0
227707,0
227708,0
227709,0
227710,0
227711,0
227712,0
227713,0
227714,0
227715,0
227716,0
227717,0
227718,0
227719,0
227720,0
227721,0
227722,0
227723,0
227724,0
227725,0
227726,0
227727,0
227728,0
227729,0
227730,0
227731,0
227732,0
227733,0
227734,0
227735,0
227736,0
227737,0
227738,0
227739,0
227740,0
227741,0
227742,0
227743,0
227744,0
227745,0
227746,0
227747,0
227748,0
227749,0
227750,0
227751,0
227752,0
227753,0
227754,0
227755,0
227756,0
227757,0
227758,0
227759,0
227760,0
227761,0
227762,0
227763,0
227764,0
227765,0
227766,0
227767,0
227768,0
227769,0
227770,0
227771,0
227772,0
227773,0
227774,0
227775,0
227776,0
227777,0
227778,0
227779,0
227780,0
227781,0
227782,0
227783,0
227784,0
227785,0
227786,0
227787,0
227788,0
227789,0
227790,0
227791,0
227792,0
227793,0
227794,0
227795,0
227796,0
227797,0
227798,0
227799,0
227800,0
227801,0
227802,0
227803,0
227804,0
227805,0
227806,0
227807,0
227808,0
227809,0
227810,0
227811,0
227812,0
227813,0
227814,0
227815,0
227816,0
227817,0
227818,0
227819,0
227820,0
227821,0
227822,0
227823,0
227824,0
227825,0
227826,0
227827,0
227828,0
227829,0
227830,0
227831,0
227832,0
227833,0
227834,0
227835,0
227836,0
227837,0
227838,0
227839,0
227840,0
227841,0
227842,0
227843,0
227844,0
227845,0
227846,0
227847,0
227848,0
227849,0
227850,0
227851,0
227852,0
227853,0
227854,0
227855,0
227856,0
227857,0
227858,0
227859,0
227860,0
227861,0
227862,0
227863,0
227864,0
227865,0
227866,0
227867,0
227868,0
227869,0
227870,0
227871,0
227872,0
227873,0
227874,0
227875,0
227876,0
227877,0
227878,0
227879,0
227880,0
227881,0
227882,0
227883,0
227884,0
227885,0
227886,0
227887,0
227888,0
227889,0
227890,0
227891,0
227892,0
227893,0
227894,0
227895,0
227896,0
227897,0
227898,0
227899,0
227900,0
227901,0
227902,0
227903,0
227904,0
227905,0
227906,0
227907,0
227908,0
227909,0
227910,0
227911,0
227912,0
227913,0
227914,0
227915,0
227916,0
227917,0
227918,0
227919,0
227920,0
227921,0
227922,0
227923,0
227924,0
227925,0
227926,0
227927,0
227928,0
227929,0
227930,0
227931,0
227932,0
227933,0
227934,0
227935,0
227936,0
227937,0
227938,0
227939,0
227940,0
227941,0
227942,0
227943,0
227944,0
227945,0
227946,0
227947,0
227948,0
227949,0
227950,0
227951,0
227952,0
227953,0
227954,0
227955,0
227956,0
227957,0
227958,0
227959,0
227960,0
227961,0
227962,0
227963,0
227964,0
227965,0
227966,0
227967,0
227968,0
227969,0
227970,0
227971,0
227972,0
227973,0
227974,0
227975,0
227976,0
227977,0
227978,0
227979,0
227980,0
227981,0
227982,0
227983,0
227984,0
227985,0
227986,0
227987,0
227988,0
227989,0
227990,0
227991,0
227992,0
227993,0
227994,0
227995,0
227996,0
227997,0
227998,0
227999,0
228000,0
228001,0
228002,0
228003,0
228004,0
228005,0
228006,0
228007,0
228008,0
228009,0
228010,0
228011,0
228012,0
228013,0
228014,0
228015,0
228016,0
228017,0
228018,0
228019,0
228020,0
228021,0
228022,0
228023,0
228024,0
228025,0
228026,0
228027,0
228028,0
228029,0
228030,0
228031,0
228032,0
228033,0
228034,0
228035,0
228036,0
228037,0
228038,0
228039,0
228040,0
228041,0
228042,0
228043,0
228044,0
228045,0
228046,0
228047,0
228048,0
228049,0
228050,0
228051,0
228052,0
228053,0
228054,0
228055,0
228056,0
228057,0
228058,0
228059,0
228060,0
228061,0
228062,0
228063,0
228064,0
228065,0
228066,0
228067,0
228068,0
228069,0
228070,0
228071,0
228072,0
228073,0
228074,0
228075,0
228076,0
228077,0
228078,0
228079,0
228080,0
228081,0
228082,0
228083,0
228084,0
228085,0
228086,0
228087,0
228088,0
228089,0
228090,0
228091,0
228092,0
228093,0
228094,0
228095,0
228096,0
228097,0
228098,0
228099,0
228100,0
228101,0
228102,0
228103,0
228104,0
228105,0
228106,0
228107,0
228108,0
228109,0
228110,0
228111,0
228112,0
228113,0
228114,0
228115,0
228116,0
228117,0
228118,0
228119,0
228120,0
228121,0
228122,0
228123,0
228124,0
228125,0
228126,0
228127,0
228128,0
228129,0
228130,0
228131,0
228132,0
228133,0
228134,0
228135,0
228136,0
228137,0
228138,0
228139,0
228140,0
228141,0
228142,0
228143,0
228144,0
228145,0
228146,0
228147,0
228148,0
228149,0
228150,0
228151,0
228152,0
228153,0
228154,0
228155,0
228156,0
228157,0
228158,0
228159,0
228160,0
228161,0
228162,0
228163,0
228164,0
228165,0
228166,0
228167,0
228168,0
228169,0
228170,0
228171,0
228172,0
228173,0
228174,0
228175,0
228176,0
228177,0
228178,0
228179,0
228180,0
228181,0
228182,0
228183,0
228184,0
228185,0
228186,0
228187,0
228188,0
228189,0
228190,0
228191,0
228192,0
228193,0
228194,0
228195,0
228196,0
228197,0
228198,0
228199,0
228200,0
228201,0
228202,0
228203,0
228204,0
228205,0
228206,0
228207,0
228208,0
228209,0
228210,0
228211,0
228212,0
228213,0
228214,0
228215,0
228216,0
228217,0
228218,0
228219,0
228220,0
228221,0
228222,0
228223,0
228224,0
228225,0
228226,0
228227,0
228228,0
228229,0
228230,0
228231,0
228232,0
228233,0
228234,0
228235,0
228236,0
228237,0
228238,0
228239,0
228240,0
228241,0
228242,0
228243,0
228244,0
228245,0
228246,0
228247,0
228248,0
228249,0
228250,0
228251,0
228252,0
228253,0
228254,0
228255,0
228256,0
228257,0
228258,0
228259,0
228260,0
228261,0
228262,0
228263,0
228264,0
228265,0
228266,0
228267,0
228268,0
228269,0
228270,0
228271,0
228272,0
228273,0
228274,0
228275,0
228276,0
228277,0
228278,0
228279,0
228280,0
228281,0
228282,0
228283,0
228284,0
228285,0
228286,0
228287,0
228288,0
228289,0
228290,0
228291,0
228292,0
228293,0
228294,0
228295,0
228296,0
228297,0
228298,0
228299,0
228300,0
228301,0
228302,0
228303,0
228304,0
228305,0
228306,0
228307,0
228308,0
228309,0
228310,0
228311,0
228312,0
228313,0
228314,0
228315,0
228316,0
228317,0
228318,0
228319,0
228320,0
228321,0
228322,0
228323,0
228324,0
228325,0
228326,0
228327,0
228328,0
228329,0
228330,0
228331,0
228332,0
228333,0
228334,0
228335,0
228336,0
228337,0
228338,0
228339,0
228340,0
228341,0
228342,0
228343,0
228344,0
228345,0
228346,0
228347,0
228348,0
228349,0
228350,0
228351,0
228352,0
228353,0
228354,0
228355,0
228356,0
228357,0
228358,0
228359,0
228360,0
228361,0
228362,0
228363,0
228364,0
228365,0
228366,0
228367,0
228368,0
228369,0
228370,0
228371,0
228372,0
228373,0
228374,0
228375,0
228376,0
228377,0
228378,0
228379,0
228380,0
228381,0
228382,0
228383,0
228384,0
228385,0
228386,0
228387,0
228388,0
228389,0
228390,0
228391,0
228392,0
228393,0
228394,0
228395,0
228396,0
228397,0
228398,0
228399,0
228400,0
228401,0
228402,0
228403,0
228404,0
228405,0
228406,0
228407,0
228408,0
228409,0
228410,0
228411,0
228412,0
228413,0
228414,0
228415,0
228416,0
228417,0
228418,0
228419,0
228420,0
228421,0
228422,0
228423,0
228424,0
228425,0
228426,0
228427,0
228428,0
228429,0
228430,0
228431,0
228432,0
228433,0
228434,0
228435,0
228436,0
228437,0
228438,0
228439,0
228440,0
228441,0
228442,0
228443,0
228444,0
228445,0
228446,0
228447,0
228448,0
228449,0
228450,0
228451,0
228452,0
228453,0
228454,0
228455,0
228456,0
228457,0
228458,0
228459,0
228460,0
228461,0
228462,0
228463,0
228464,0
228465,0
228466,0
228467,0
228468,0
228469,0
228470,0
228471,0
228472,0
228473,0
228474,0
228475,0
228476,0
228477,0
228478,0
228479,0
228480,0
228481,0
228482,0
228483,0
228484,0
228485,0
228486,0
228487,0
228488,0
228489,0
228490,0
228491,0
228492,0
228493,0
228494,0
228495,0
228496,0
228497,0
228498,0
228499,0
228500,0
228501,0
228502,0
228503,0
228504,0
228505,0
228506,0
228507,0
228508,0
228509,0
228510,0
228511,0
228512,0
228513,0
228514,0
228515,0
228516,0
228517,0
228518,0
228519,0
228520,0
228521,0
228522,0
228523,0
228524,0
228525,0
228526,0
228527,0
228528,0
228529,0
228530,0
228531,0
228532,0
228533,0
228534,0
228535,0
228536,0
228537,0
228538,0
228539,0
228540,0
228541,0
228542,0
228543,0
228544,0
228545,0
228546,0
228547,0
228548,0
228549,0
228550,0
228551,0
228552,0
228553,0
228554,0
228555,0
228556,0
228557,0
228558,0
228559,0
228560,0
228561,0
228562,0
228563,0
228564,0
228565,0
228566,0
228567,0
228568,0
228569,0
228570,0
228571,0
228572,0
228573,0
228574,0
228575,0
228576,0
228577,0
228578,0
228579,0
228580,0
228581,0
228582,0
228583,0
228584,0
228585,0
228586,0
228587,0
228588,0
228589,0
228590,0
228591,0
228592,0
228593,0
228594,0
228595,0
228596,0
228597,0
228598,0
228599,0
228600,0
228601,0
228602,0
228603,0
228604,0
228605,0
228606,0
228607,0
228608,0
228609,0
228610,0
228611,0
228612,0
228613,0
228614,0
228615,0
228616,0
228617,0
228618,0
228619,0
228620,0
228621,0
228622,0
228623,0
228624,0
228625,0
228626,0
228627,0
228628,0
228629,0
228630,0
228631,0
228632,0
228633,0
228634,0
228635,0
228636,0
228637,0
228638,0
228639,0
228640,0
228641,0
228642,0
228643,0
228644,0
228645,0
228646,0
228647,0
228648,0
228649,0
228650,0
228651,0
228652,0
228653,0
228654,0
228655,0
228656,0
228657,0
228658,0
228659,0
228660,0
228661,0
228662,0
228663,0
228664,0
228665,0
228666,0
228667,0
228668,0
228669,0
228670,0
228671,0
228672,0
228673,0
228674,0
228675,0
228676,0
228677,0
228678,0
228679,0
228680,0
228681,0
228682,0
228683,0
228684,0
228685,0
228686,0
228687,0
228688,0
228689,0
228690,0
228691,0
228692,0
228693,0
228694,0
228695,0
228696,0
228697,0
228698,0
228699,0
228700,0
228701,0
228702,0
228703,0
228704,0
228705,0
228706,0
228707,0
228708,0
228709,0
228710,0
228711,0
228712,0
228713,0
228714,0
228715,0
228716,0
228717,0
228718,0
228719,0
228720,0
228721,0
228722,0
228723,0
228724,0
228725,0
228726,0
228727,0
228728,0
228729,0
228730,0
228731,0
228732,0
228733,0
228734,0
228735,0
228736,0
228737,0
228738,0
228739,0
228740,0
228741,0
228742,0
228743,0
228744,0
228745,0
228746,0
228747,0
228748,0
228749,0
228750,0
228751,0
228752,0
228753,0
228754,0
228755,0
228756,0
228757,0
228758,0
228759,0
228760,0
228761,0
228762,0
228763,0
228764,0
228765,0
228766,0
228767,0
228768,0
228769,0
228770,0
228771,0
228772,0
228773,0
228774,0
228775,0
228776,0
228777,0
228778,0
228779,0
228780,0
228781,0
228782,0
228783,0
228784,0
228785,0
228786,0
228787,0
228788,0
228789,0
228790,0
228791,0
228792,0
228793,0
228794,0
228795,0
228796,0
228797,0
228798,0
228799,0
228800,0
228801,0
228802,0
228803,0
228804,0
228805,0
228806,0
228807,0
228808,0
228809,0
228810,0
228811,0
228812,0
228813,0
228814,0
228815,0
228816,0
228817,0
228818,0
228819,0
228820,0
228821,0
228822,0
228823,0
228824,0
228825,0
228826,0
228827,0
228828,0
228829,0
228830,0
228831,0
228832,0
228833,0
228834,0
228835,0
228836,0
228837,0
228838,0
228839,0
228840,0
228841,0
228842,0
228843,0
228844,0
228845,0
228846,0
228847,0
228848,0
228849,0
228850,0
228851,0
228852,0
228853,0
228854,0
228855,0
228856,0
228857,0
228858,0
228859,0
228860,0
228861,0
228862,0
228863,0
228864,0
228865,0
228866,0
228867,0
228868,0
228869,0
228870,0
228871,0
228872,0
228873,0
228874,0
228875,0
228876,0
228877,0
228878,0
228879,0
228880,0
228881,0
228882,0
228883,0
228884,0
228885,0
228886,0
228887,0
228888,0
228889,0
228890,0
228891,0
228892,0
228893,0
228894,0
228895,0
228896,0
228897,0
228898,0
228899,0
228900,0
228901,0
228902,0
228903,0
228904,0
228905,0
228906,0
228907,0
228908,0
228909,0
228910,0
228911,0
228912,0
228913,0
228914,0
228915,0
228916,0
228917,0
228918,0
228919,0
228920,0
228921,0
228922,0
228923,0
228924,0
228925,0
228926,0
228927,0
228928,0
228929,0
228930,0
228931,0
228932,0
228933,0
228934,0
228935,0
228936,0
228937,0
228938,0
228939,0
228940,0
228941,0
228942,0
228943,0
228944,0
228945,0
228946,0
228947,0
228948,0
228949,0
228950,0
228951,0
228952,0
228953,0
228954,0
228955,0
228956,0
228957,0
228958,0
228959,0
228960,0
228961,0
228962,0
228963,0
228964,0
228965,0
228966,0
228967,0
228968,0
228969,0
228970,0
228971,0
228972,0
228973,0
228974,0
228975,0
228976,0
228977,0
228978,0
228979,0
228980,0
228981,0
228982,0
228983,0
228984,0
228985,0
228986,0
228987,0
228988,0
228989,0
228990,0
228991,0
228992,0
228993,0
228994,0
228995,0
228996,0
228997,0
228998,0
228999,0
229000,0
229001,0
229002,0
229003,0
229004,0
229005,0
229006,0
229007,0
229008,0
229009,0
229010,0
229011,0
229012,0
229013,0
229014,0
229015,0
229016,0
229017,0
229018,0
229019,0
229020,0
229021,0
229022,0
229023,0
229024,0
229025,0
229026,0
229027,0
229028,0
229029,0
229030,0
229031,0
229032,0
229033,0
229034,0
229035,0
229036,0
229037,0
229038,0
229039,0
229040,0
229041,0
229042,0
229043,0
229044,0
229045,0
229046,0
229047,0
229048,0
229049,0
229050,0
229051,0
229052,0
229053,0
229054,0
229055,0
229056,0
229057,0
229058,0
229059,0
229060,0
229061,0
229062,0
229063,0
229064,0
229065,0
229066,0
229067,0
229068,0
229069,0
229070,0
229071,0
229072,0
229073,0
229074,0
229075,0
229076,0
229077,0
229078,0
229079,0
229080,0
229081,0
229082,0
229083,0
229084,0
229085,0
229086,0
229087,0
229088,0
229089,0
229090,0
229091,0
229092,0
229093,0
229094,0
229095,0
229096,0
229097,0
229098,0
229099,0
229100,0
229101,0
229102,0
229103,0
229104,0
229105,0
229106,0
229107,0
229108,0
229109,0
229110,0
229111,0
229112,0
229113,0
229114,0
229115,0
229116,0
229117,0
229118,0
229119,0
229120,0
229121,0
229122,0
229123,0
229124,0
229125,0
229126,0
229127,0
229128,0
229129,0
229130,0
229131,0
229132,0
229133,0
229134,0
229135,0
229136,0
229137,0
229138,0
229139,0
229140,0
229141,0
229142,0
229143,0
229144,0
229145,0
229146,0
229147,0
229148,0
229149,0
229150,0
229151,0
229152,0
229153,0
229154,0
229155,0
229156,0
229157,0
229158,0
229159,0
229160,0
229161,0
229162,0
229163,0
229164,0
229165,0
229166,0
229167,0
229168,0
229169,0
229170,0
229171,0
229172,0
229173,0
229174,0
229175,0
229176,0
229177,0
229178,0
229179,0
229180,0
229181,0
229182,0
229183,0
229184,0
229185,0
229186,0
229187,0
229188,0
229189,0
229190,0
229191,0
229192,0
229193,0
229194,0
229195,0
229196,0
229197,0
229198,0
229199,0
229200,0
229201,0
229202,0
229203,0
229204,0
229205,0
229206,0
229207,0
229208,0
229209,0
229210,0
229211,0
229212,0
229213,0
229214,0
229215,0
229216,0
229217,0
229218,0
229219,0
229220,0
229221,0
229222,0
229223,0
229224,0
229225,0
229226,0
229227,0
229228,0
229229,0
229230,0
229231,0
229232,0
229233,0
229234,0
229235,0
229236,0
229237,0
229238,0
229239,0
229240,0
229241,0
229242,0
229243,0
229244,0
229245,0
229246,0
229247,0
229248,0
229249,0
229250,0
229251,0
229252,0
229253,0
229254,0
229255,0
229256,0
229257,0
229258,0
229259,0
229260,0
229261,0
229262,0
229263,0
229264,0
229265,0
229266,0
229267,0
229268,0
229269,0
229270,0
229271,0
229272,0
229273,0
229274,0
229275,0
229276,0
229277,0
229278,0
229279,0
229280,0
229281,0
229282,0
229283,0
229284,0
229285,0
229286,0
229287,0
229288,0
229289,0
229290,0
229291,0
229292,0
229293,0
229294,0
229295,0
229296,0
229297,0
229298,0
229299,0
229300,0
229301,0
229302,0
229303,0
229304,0
229305,0
229306,0
229307,0
229308,0
229309,0
229310,0
229311,0
229312,0
229313,0
229314,0
229315,0
229316,0
229317,0
229318,0
229319,0
229320,0
229321,0
229322,0
229323,0
229324,0
229325,0
229326,0
229327,0
229328,0
229329,0
229330,0
229331,0
229332,0
229333,0
229334,0
229335,0
229336,0
229337,0
229338,0
229339,0
229340,0
229341,0
229342,0
229343,0
229344,0
229345,0
229346,0
229347,0
229348,0
229349,0
229350,0
229351,0
229352,0
229353,0
229354,0
229355,0
229356,0
229357,0
229358,0
229359,0
229360,0
229361,0
229362,0
229363,0
229364,0
229365,0
229366,0
229367,0
229368,0
229369,0
229370,0
229371,0
229372,0
229373,0
229374,0
229375,0
229376,0
229377,0
229378,0
229379,0
229380,0
229381,0
229382,0
229383,0
229384,0
229385,0
229386,0
229387,0
229388,0
229389,0
229390,0
229391,0
229392,0
229393,0
229394,0
229395,0
229396,0
229397,0
229398,0
229399,0
229400,0
229401,0
229402,0
229403,0
229404,0
229405,0
229406,0
229407,0
229408,0
229409,0
229410,0
229411,0
229412,0
229413,0
229414,0
229415,0
229416,0
229417,0
229418,0
229419,0
229420,0
229421,0
229422,0
229423,0
229424,0
229425,0
229426,0
229427,0
229428,0
229429,0
229430,0
229431,0
229432,0
229433,0
229434,0
229435,0
229436,0
229437,0
229438,0
229439,0
229440,0
229441,0
229442,0
229443,0
229444,0
229445,0
229446,0
229447,0
229448,0
229449,0
229450,0
229451,0
229452,0
229453,0
229454,0
229455,0
229456,0
229457,0
229458,0
229459,0
229460,0
229461,0
229462,0
229463,0
229464,0
229465,0
229466,0
229467,0
229468,0
229469,0
229470,0
229471,0
229472,0
229473,0
229474,0
229475,0
229476,0
229477,0
229478,0
229479,0
229480,0
229481,0
229482,0
229483,0
229484,0
229485,0
229486,0
229487,0
229488,0
229489,0
229490,0
229491,0
229492,0
229493,0
229494,0
229495,0
229496,0
229497,0
229498,0
229499,0
229500,0
229501,0
229502,0
229503,0
229504,0
229505,0
229506,0
229507,0
229508,0
229509,0
229510,0
229511,0
229512,0
229513,0
229514,0
229515,0
229516,0
229517,0
229518,0
229519,0
229520,0
229521,0
229522,0
229523,0
229524,0
229525,0
229526,0
229527,0
229528,0
229529,0
229530,0
229531,0
229532,0
229533,0
229534,0
229535,0
229536,0
229537,0
229538,0
229539,0
229540,0
229541,0
229542,0
229543,0
229544,0
229545,0
229546,0
229547,0
229548,0
229549,0
229550,0
229551,0
229552,0
229553,0
229554,0
229555,0
229556,0
229557,0
229558,0
229559,0
229560,0
229561,0
229562,0
229563,0
229564,0
229565,0
229566,0
229567,0
229568,0
229569,0
229570,0
229571,0
229572,0
229573,0
229574,0
229575,0
229576,0
229577,0
229578,0
229579,0
229580,0
229581,0
229582,0
229583,0
229584,0
229585,0
229586,0
229587,0
229588,0
229589,0
229590,0
229591,0
229592,0
229593,0
229594,0
229595,0
229596,0
229597,0
229598,0
229599,0
229600,0
229601,0
229602,0
229603,0
229604,0
229605,0
229606,0
229607,0
229608,0
229609,0
229610,0
229611,0
229612,0
229613,0
229614,0
229615,0
229616,0
229617,0
229618,0
229619,0
229620,0
229621,0
229622,0
229623,0
229624,0
229625,0
229626,0
229627,0
229628,0
229629,0
229630,0
229631,0
229632,0
229633,0
229634,0
229635,0
229636,0
229637,0
229638,0
229639,0
229640,0
229641,0
229642,0
229643,0
229644,0
229645,0
229646,0
229647,0
229648,0
229649,0
229650,0
229651,0
229652,0
229653,0
229654,0
229655,0
229656,0
229657,0
229658,0
229659,0
229660,0
229661,0
229662,0
229663,0
229664,0
229665,0
229666,0
229667,0
229668,0
229669,0
229670,0
229671,0
229672,0
229673,0
229674,0
229675,0
229676,0
229677,0
229678,0
229679,0
229680,0
229681,0
229682,0
229683,0
229684,0
229685,0
229686,0
229687,0
229688,0
229689,0
229690,0
229691,0
229692,0
229693,0
229694,0
229695,0
229696,0
229697,0
229698,0
229699,0
229700,0
229701,0
229702,0
229703,0
229704,0
229705,0
229706,0
229707,0
229708,0
229709,0
229710,0
229711,0
229712,0
229713,0
229714,0
229715,0
229716,0
229717,0
229718,0
229719,0
229720,0
229721,0
229722,0
229723,0
229724,0
229725,0
229726,0
229727,0
229728,0
229729,0
229730,0
229731,0
229732,0
229733,0
229734,0
229735,0
229736,0
229737,0
229738,0
229739,0
229740,0
229741,0
229742,0
229743,0
229744,0
229745,0
229746,0
229747,0
229748,0
229749,0
229750,0
229751,0
229752,0
229753,0
229754,0
229755,0
229756,0
229757,0
229758,0
229759,0
229760,0
229761,0
229762,0
229763,0
229764,0
229765,0
229766,0
229767,0
229768,0
229769,0
229770,0
229771,0
229772,0
229773,0
229774,0
229775,0
229776,0
229777,0
229778,0
229779,0
229780,0
229781,0
229782,0
229783,0
229784,0
229785,0
229786,0
229787,0
229788,0
229789,0
229790,0
229791,0
229792,0
229793,0
229794,0
229795,0
229796,0
229797,0
229798,0
229799,0
229800,0
229801,0
229802,0
229803,0
229804,0
229805,0
229806,0
229807,0
229808,0
229809,0
229810,0
229811,0
229812,0
229813,0
229814,0
229815,0
229816,0
229817,0
229818,0
229819,0
229820,0
229821,0
229822,0
229823,0
229824,0
229825,0
229826,0
229827,0
229828,0
229829,0
229830,0
229831,0
229832,0
229833,0
229834,0
229835,0
229836,0
229837,0
229838,0
229839,0
229840,0
229841,0
229842,0
229843,0
229844,0
229845,0
229846,0
229847,0
229848,0
229849,0
229850,0
229851,0
229852,0
229853,0
229854,0
229855,0
229856,0
229857,0
229858,0
229859,0
229860,0
229861,0
229862,0
229863,0
229864,0
229865,0
229866,0
229867,0
229868,0
229869,0
229870,0
229871,0
229872,0
229873,0
229874,0
229875,0
229876,0
229877,0
229878,0
229879,0
229880,0
229881,0
229882,0
229883,0
229884,0
229885,0
229886,0
229887,0
229888,0
229889,0
229890,0
229891,0
229892,0
229893,0
229894,0
229895,0
229896,0
229897,0
229898,0
229899,0
229900,0
229901,0
229902,0
229903,0
229904,0
229905,0
229906,0
229907,0
229908,0
229909,0
229910,0
229911,0
229912,0
229913,0
229914,0
229915,0
229916,0
229917,0
229918,0
229919,0
229920,0
229921,0
229922,0
229923,0
229924,0
229925,0
229926,0
229927,0
229928,0
229929,0
229930,0
229931,0
229932,0
229933,0
229934,0
229935,0
229936,0
229937,0
229938,0
229939,0
229940,0
229941,0
229942,0
229943,0
229944,0
229945,0
229946,0
229947,0
229948,0
229949,0
229950,0
229951,0
229952,0
229953,0
229954,0
229955,0
229956,0
229957,0
229958,0
229959,0
229960,0
229961,0
229962,0
229963,0
229964,0
229965,0
229966,0
229967,0
229968,0
229969,0
229970,0
229971,0
229972,0
229973,0
229974,0
229975,0
229976,0
229977,0
229978,0
229979,0
229980,0
229981,0
229982,0
229983,0
229984,0
229985,0
229986,0
229987,0
229988,0
229989,0
229990,0
229991,0
229992,0
229993,0
229994,0
229995,0
229996,0
229997,0
229998,0
229999,0
230000,0
230001,0
230002,0
230003,0
230004,0
230005,0
230006,0
230007,0
230008,0
230009,0
230010,0
230011,0
230012,0
230013,0
230014,0
230015,0
230016,0
230017,0
230018,0
230019,0
230020,0
230021,0
230022,0
230023,0
230024,0
230025,0
230026,0
230027,0
230028,0
230029,0
230030,0
230031,0
230032,0
230033,0
230034,0
230035,0
230036,0
230037,0
230038,0
230039,0
230040,0
230041,0
230042,0
230043,0
230044,0
230045,0
230046,0
230047,0
230048,0
230049,0
230050,0
230051,0
230052,0
230053,0
230054,0
230055,0
230056,0
230057,0
230058,0
230059,0
230060,0
230061,0
230062,0
230063,0
230064,0
230065,0
230066,0
230067,0
230068,0
230069,0
230070,0
230071,0
230072,0
230073,0
230074,0
230075,0
230076,0
230077,0
230078,0
230079,0
230080,0
230081,0
230082,0
230083,0
230084,0
230085,0
230086,0
230087,0
230088,0
230089,0
230090,0
230091,0
230092,0
230093,0
230094,0
230095,0
230096,0
230097,0
230098,0
230099,0
230100,0
230101,0
230102,0
230103,0
230104,0
230105,0
230106,0
230107,0
230108,0
230109,0
230110,0
230111,0
230112,0
230113,0
230114,0
230115,0
230116,0
230117,0
230118,0
230119,0
230120,0
230121,0
230122,0
230123,0
230124,0
230125,0
230126,0
230127,0
230128,0
230129,0
230130,0
230131,0
230132,0
230133,0
230134,0
230135,0
230136,0
230137,0
230138,0
230139,0
230140,0
230141,0
230142,0
230143,0
230144,0
230145,0
230146,0
230147,0
230148,0
230149,0
230150,0
230151,0
230152,0
230153,0
230154,0
230155,0
230156,0
230157,0
230158,0
230159,0
230160,0
230161,0
230162,0
230163,0
230164,0
230165,0
230166,0
230167,0
230168,0
230169,0
230170,0
230171,0
230172,0
230173,0
230174,0
230175,0
230176,0
230177,0
230178,0
230179,0
230180,0
230181,0
230182,0
230183,0
230184,0
230185,0
230186,0
230187,0
230188,0
230189,0
230190,0
230191,0
230192,0
230193,0
230194,0
230195,0
230196,0
230197,0
230198,0
230199,0
230200,0
230201,0
230202,0
230203,0
230204,0
230205,0
230206,0
230207,0
230208,0
230209,0
230210,0
230211,0
230212,0
230213,0
230214,0
230215,0
230216,0
230217,0
230218,0
230219,0
230220,0
230221,0
230222,0
230223,0
230224,0
230225,0
230226,0
230227,0
230228,0
230229,0
230230,0
230231,0
230232,0
230233,0
230234,0
230235,0
230236,0
230237,0
230238,0
230239,0
230240,0
230241,0
230242,0
230243,0
230244,0
230245,0
230246,0
230247,0
230248,0
230249,0
230250,0
230251,0
230252,0
230253,0
230254,0
230255,0
230256,0
230257,0
230258,0
230259,0
230260,0
230261,0
230262,0
230263,0
230264,0
230265,0
230266,0
230267,0
230268,0
230269,0
230270,0
230271,0
230272,0
230273,0
230274,0
230275,0
230276,0
230277,0
230278,0
230279,0
230280,0
230281,0
230282,0
230283,0
230284,0
230285,0
230286,0
230287,0
230288,0
230289,0
230290,0
230291,0
230292,0
230293,0
230294,0
230295,0
230296,0
230297,0
230298,0
230299,0
230300,0
230301,0
230302,0
230303,0
230304,0
230305,0
230306,0
230307,0
230308,0
230309,0
230310,0
230311,0
230312,0
230313,0
230314,0
230315,0
230316,0
230317,0
230318,0
230319,0
230320,0
230321,0
230322,0
230323,0
230324,0
230325,0
230326,0
230327,0
230328,0
230329,0
230330,0
230331,0
230332,0
230333,0
230334,0
230335,0
230336,0
230337,0
230338,0
230339,0
230340,0
230341,0
230342,0
230343,0
230344,0
230345,0
230346,0
230347,0
230348,0
230349,0
230350,0
230351,0
230352,0
230353,0
230354,0
230355,0
230356,0
230357,0
230358,0
230359,0
230360,0
230361,0
230362,0
230363,0
230364,0
230365,0
230366,0
230367,0
230368,0
230369,0
230370,0
230371,0
230372,0
230373,0
230374,0
230375,0
230376,0
230377,0
230378,0
230379,0
230380,0
230381,0
230382,0
230383,0
230384,0
230385,0
230386,0
230387,0
230388,0
230389,0
230390,0
230391,0
230392,0
230393,0
230394,0
230395,0
230396,0
230397,0
230398,0
230399,0
230400,0
230401,0
230402,0
230403,0
230404,0
230405,0
230406,0
230407,0
230408,0
230409,0
230410,0
230411,0
230412,0
230413,0
230414,0
230415,0
230416,0
230417,0
230418,0
230419,0
230420,0
230421,0
230422,0
230423,0
230424,0
230425,0
230426,0
230427,0
230428,0
230429,0
230430,0
230431,0
230432,0
230433,0
230434,0
230435,0
230436,0
230437,0
230438,0
230439,0
230440,0
230441,0
230442,0
230443,0
230444,0
230445,0
230446,0
230447,0
230448,0
230449,0
230450,0
230451,0
230452,0
230453,0
230454,0
230455,0
230456,0
230457,0
230458,0
230459,0
230460,0
230461,0
230462,0
230463,0
230464,0
230465,0
230466,0
230467,0
230468,0
230469,0
230470,0
230471,0
230472,0
230473,0
230474,0
230475,0
230476,0
230477,0
230478,0
230479,0
230480,0
230481,0
230482,0
230483,0
230484,0
230485,0
230486,0
230487,0
230488,0
230489,0
230490,0
230491,0
230492,0
230493,0
230494,0
230495,0
230496,0
230497,0
230498,0
230499,0
230500,0
230501,0
230502,0
230503,0
230504,0
230505,0
230506,0
230507,0
230508,0
230509,0
230510,0
230511,0
230512,0
230513,0
230514,0
230515,0
230516,0
230517,0
230518,0
230519,0
230520,0
230521,0
230522,0
230523,0
230524,0
230525,0
230526,0
230527,0
230528,0
230529,0
230530,0
230531,0
230532,0
230533,0
230534,0
230535,0
230536,0
230537,0
230538,0
230539,0
230540,0
230541,0
230542,0
230543,0
230544,0
230545,0
230546,0
230547,0
230548,0
230549,0
230550,0
230551,0
230552,0
230553,0
230554,0
230555,0
230556,0
230557,0
230558,0
230559,0
230560,0
230561,0
230562,0
230563,0
230564,0
230565,0
230566,0
230567,0
230568,0
230569,0
230570,0
230571,0
230572,0
230573,0
230574,0
230575,0
230576,0
230577,0
230578,0
230579,0
230580,0
230581,0
230582,0
230583,0
230584,0
230585,0
230586,0
230587,0
230588,0
230589,0
230590,0
230591,0
230592,0
230593,0
230594,0
230595,0
230596,0
230597,0
230598,0
230599,0
230600,0
230601,0
230602,0
230603,0
230604,0
230605,0
230606,0
230607,0
230608,0
230609,0
230610,0
230611,0
230612,0
230613,0
230614,0
230615,0
230616,0
230617,0
230618,0
230619,0
230620,0
230621,0
230622,0
230623,0
230624,0
230625,0
230626,0
230627,0
230628,0
230629,0
230630,0
230631,0
230632,0
230633,0
230634,0
230635,0
230636,0
230637,0
230638,0
230639,0
230640,0
230641,0
230642,0
230643,0
230644,0
230645,0
230646,0
230647,0
230648,0
230649,0
230650,0
230651,0
230652,0
230653,0
230654,0
230655,0
230656,0
230657,0
230658,0
230659,0
230660,0
230661,0
230662,0
230663,0
230664,0
230665,0
230666,0
230667,0
230668,0
230669,0
230670,0
230671,0
230672,0
230673,0
230674,0
230675,0
230676,0
230677,0
230678,0
230679,0
230680,0
230681,0
230682,0
230683,0
230684,0
230685,0
230686,0
230687,0
230688,0
230689,0
230690,0
230691,0
230692,0
230693,0
230694,0
230695,0
230696,0
230697,0
230698,0
230699,0
230700,0
230701,0
230702,0
230703,0
230704,0
230705,0
230706,0
230707,0
230708,0
230709,0
230710,0
230711,0
230712,0
230713,0
230714,0
230715,0
230716,0
230717,0
230718,0
230719,0
230720,0
230721,0
230722,0
230723,0
230724,0
230725,0
230726,0
230727,0
230728,0
230729,0
230730,0
230731,0
230732,0
230733,0
230734,0
230735,0
230736,0
230737,0
230738,0
230739,0
230740,0
230741,0
230742,0
230743,0
230744,0
230745,0
230746,0
230747,0
230748,0
230749,0
230750,0
230751,0
230752,0
230753,0
230754,0
230755,0
230756,0
230757,0
230758,0
230759,0
230760,0
230761,0
230762,0
230763,0
230764,0
230765,0
230766,0
230767,0
230768,0
230769,0
230770,0
230771,0
230772,0
230773,0
230774,0
230775,0
230776,0
230777,0
230778,0
230779,0
230780,0
230781,0
230782,0
230783,0
230784,0
230785,0
230786,0
230787,0
230788,0
230789,0
230790,0
230791,0
230792,0
230793,0
230794,0
230795,0
230796,0
230797,0
230798,0
230799,0
230800,0
230801,0
230802,0
230803,0
230804,0
230805,0
230806,0
230807,0
230808,0
230809,0
230810,0
230811,0
230812,0
230813,0
230814,0
230815,0
230816,0
230817,0
230818,0
230819,0
230820,0
230821,0
230822,0
230823,0
230824,0
230825,0
230826,0
230827,0
230828,0
230829,0
230830,0
230831,0
230832,0
230833,0
230834,0
230835,0
230836,0
230837,0
230838,0
230839,0
230840,0
230841,0
230842,0
230843,0
230844,0
230845,0
230846,0
230847,0
230848,0
230849,0
230850,0
230851,0
230852,0
230853,0
230854,0
230855,0
230856,0
230857,0
230858,0
230859,0
230860,0
230861,0
230862,0
230863,0
230864,0
230865,0
230866,0
230867,0
230868,0
230869,0
230870,0
230871,0
230872,0
230873,0
230874,0
230875,0
230876,0
230877,0
230878,0
230879,0
230880,0
230881,0
230882,0
230883,0
230884,0
230885,0
230886,0
230887,0
230888,0
230889,0
230890,0
230891,0
230892,0
230893,0
230894,0
230895,0
230896,0
230897,0
230898,0
230899,0
230900,0
230901,0
230902,0
230903,0
230904,0
230905,0
230906,0
230907,0
230908,0
230909,0
230910,0
230911,0
230912,0
230913,0
230914,0
230915,0
230916,0
230917,0
230918,0
230919,0
230920,0
230921,0
230922,0
230923,0
230924,0
230925,0
230926,0
230927,0
230928,0
230929,0
230930,0
230931,0
230932,0
230933,0
230934,0
230935,0
230936,0
230937,0
230938,0
230939,0
230940,0
230941,0
230942,0
230943,0
230944,0
230945,0
230946,0
230947,0
230948,0
230949,0
230950,0
230951,0
230952,0
230953,0
230954,0
230955,0
230956,0
230957,0
230958,0
230959,0
230960,0
230961,0
230962,0
230963,0
230964,0
230965,0
230966,0
230967,0
230968,0
230969,0
230970,0
230971,0
230972,0
230973,0
230974,0
230975,0
230976,0
230977,0
230978,0
230979,0
230980,0
230981,0
230982,0
230983,0
230984,0
230985,0
230986,0
230987,0
230988,0
230989,0
230990,0
230991,0
230992,0
230993,0
230994,0
230995,0
230996,0
230997,0
230998,0
230999,0
231000,0
231001,0
231002,0
231003,0
231004,0
231005,0
231006,0
231007,0
231008,0
231009,0
231010,0
231011,0
231012,0
231013,0
231014,0
231015,0
231016,0
231017,0
231018,0
231019,0
231020,0
231021,0
231022,0
231023,0
231024,0
231025,0
231026,0
231027,0
231028,0
231029,0
231030,0
231031,0
231032,0
231033,0
231034,0
231035,0
231036,0
231037,0
231038,0
231039,0
231040,0
231041,0
231042,0
231043,0
231044,0
231045,0
231046,0
231047,0
231048,0
231049,0
231050,0
231051,0
231052,0
231053,0
231054,0
231055,0
231056,0
231057,0
231058,0
231059,0
231060,0
231061,0
231062,0
231063,0
231064,0
231065,0
231066,0
231067,0
231068,0
231069,0
231070,0
231071,0
231072,0
231073,0
231074,0
231075,0
231076,0
231077,0
231078,0
231079,0
231080,0
231081,0
231082,0
231083,0
231084,0
231085,0
231086,0
231087,0
231088,0
231089,0
231090,0
231091,0
231092,0
231093,0
231094,0
231095,0
231096,0
231097,0
231098,0
231099,0
231100,0
231101,0
231102,0
231103,0
231104,0
231105,0
231106,0
231107,0
231108,0
231109,0
231110,0
231111,0
231112,0
231113,0
231114,0
231115,0
231116,0
231117,0
231118,0
231119,0
231120,0
231121,0
231122,0
231123,0
231124,0
231125,0
231126,0
231127,0
231128,0
231129,0
231130,0
231131,0
231132,0
231133,0
231134,0
231135,0
231136,0
231137,0
231138,0
231139,0
231140,0
231141,0
231142,0
231143,0
231144,0
231145,0
231146,0
231147,0
231148,0
231149,0
231150,0
231151,0
231152,0
231153,0
231154,0
231155,0
231156,0
231157,0
231158,0
231159,0
231160,0
231161,0
231162,0
231163,0
231164,0
231165,0
231166,0
231167,0
231168,0
231169,0
231170,0
231171,0
231172,0
231173,0
231174,0
231175,0
231176,0
231177,0
231178,0
231179,0
231180,0
231181,0
231182,0
231183,0
231184,0
231185,0
231186,0
231187,0
231188,0
231189,0
231190,0
231191,0
231192,0
231193,0
231194,0
231195,0
231196,0
231197,0
231198,0
231199,0
231200,0
231201,0
231202,0
231203,0
231204,0
231205,0
231206,0
231207,0
231208,0
231209,0
231210,0
231211,0
231212,0
231213,0
231214,0
231215,0
231216,0
231217,0
231218,0
231219,0
231220,0
231221,0
231222,0
231223,0
231224,0
231225,0
231226,0
231227,0
231228,0
231229,0
231230,0
231231,0
231232,0
231233,0
231234,0
231235,0
231236,0
231237,0
231238,0
231239,0
231240,0
231241,0
231242,0
231243,0
231244,0
231245,0
231246,0
231247,0
231248,0
231249,0
231250,0
231251,0
231252,0
231253,0
231254,0
231255,0
231256,0
231257,0
231258,0
231259,0
231260,0
231261,0
231262,0
231263,0
231264,0
231265,0
231266,0
231267,0
231268,0
231269,0
231270,0
231271,0
231272,0
231273,0
231274,0
231275,0
231276,0
231277,0
231278,0
231279,0
231280,0
231281,0
231282,0
231283,0
231284,0
231285,0
231286,0
231287,0
231288,0
231289,0
231290,0
231291,0
231292,0
231293,0
231294,0
231295,0
231296,0
231297,0
231298,0
231299,0
231300,0
231301,0
231302,0
231303,0
231304,0
231305,0
231306,0
231307,0
231308,0
231309,0
231310,0
231311,0
231312,0
231313,0
231314,0
231315,0
231316,0
231317,0
231318,0
231319,0
231320,0
231321,0
231322,0
231323,0
231324,0
231325,0
231326,0
231327,0
231328,0
231329,0
231330,0
231331,0
231332,0
231333,0
231334,0
231335,0
231336,0
231337,0
231338,0
231339,0
231340,0
231341,0
231342,0
231343,0
231344,0
231345,0
231346,0
231347,0
231348,0
231349,0
231350,0
231351,0
231352,0
231353,0
231354,0
231355,0
231356,0
231357,0
231358,0
231359,0
231360,0
231361,0
231362,0
231363,0
231364,0
231365,0
231366,0
231367,0
231368,0
231369,0
231370,0
231371,0
231372,0
231373,0
231374,0
231375,0
231376,0
231377,0
231378,0
231379,0
231380,0
231381,0
231382,0
231383,0
231384,0
231385,0
231386,0
231387,0
231388,0
231389,0
231390,0
231391,0
231392,0
231393,0
231394,0
231395,0
231396,0
231397,0
231398,0
231399,0
231400,0
231401,0
231402,0
231403,0
231404,0
231405,0
231406,0
231407,0
231408,0
231409,0
231410,0
231411,0
231412,0
231413,0
231414,0
231415,0
231416,0
231417,0
231418,0
231419,0
231420,0
231421,0
231422,0
231423,0
231424,0
231425,0
231426,0
231427,0
231428,0
231429,0
231430,0
231431,0
231432,0
231433,0
231434,0
231435,0
231436,0
231437,0
231438,0
231439,0
231440,0
231441,0
231442,0
231443,0
231444,0
231445,0
231446,0
231447,0
231448,0
231449,0
231450,0
231451,0
231452,0
231453,0
231454,0
231455,0
231456,0
231457,0
231458,0
231459,0
231460,0
231461,0
231462,0
231463,0
231464,0
231465,0
231466,0
231467,0
231468,0
231469,0
231470,0
231471,0
231472,0
231473,0
231474,0
231475,0
231476,0
231477,0
231478,0
231479,0
231480,0
231481,0
231482,0
231483,0
231484,0
231485,0
231486,0
231487,0
231488,0
231489,0
231490,0
231491,0
231492,0
231493,0
231494,0
231495,0
231496,0
231497,0
231498,0
231499,0
231500,0
231501,0
231502,0
231503,0
231504,0
231505,0
231506,0
231507,0
231508,0
231509,0
231510,0
231511,0
231512,0
231513,0
231514,0
231515,0
231516,0
231517,0
231518,0
231519,0
231520,0
231521,0
231522,0
231523,0
231524,0
231525,0
231526,0
231527,0
231528,0
231529,0
231530,0
231531,0
231532,0
231533,0
231534,0
231535,0
231536,0
231537,0
231538,0
231539,0
231540,0
231541,0
231542,0
231543,0
231544,0
231545,0
231546,0
231547,0
231548,0
231549,0
231550,0
231551,0
231552,0
231553,0
231554,0
231555,0
231556,0
231557,0
231558,0
231559,0
231560,0
231561,0
231562,0
231563,0
231564,0
231565,0
231566,0
231567,0
231568,0
231569,0
231570,0
231571,0
231572,0
231573,0
231574,0
231575,0
231576,0
231577,0
231578,0
231579,0
231580,0
231581,0
231582,0
231583,0
231584,0
231585,0
231586,0
231587,0
231588,0
231589,0
231590,0
231591,0
231592,0
231593,0
231594,0
231595,0
231596,0
231597,0
231598,0
231599,0
231600,0
231601,0
231602,0
231603,0
231604,0
231605,0
231606,0
231607,0
231608,0
231609,0
231610,0
231611,0
231612,0
231613,0
231614,0
231615,0
231616,0
231617,0
231618,0
231619,0
231620,0
231621,0
231622,0
231623,0
231624,0
231625,0
231626,0
231627,0
231628,0
231629,0
231630,0
231631,0
231632,0
231633,0
231634,0
231635,0
231636,0
231637,0
231638,0
231639,0
231640,0
231641,0
231642,0
231643,0
231644,0
231645,0
231646,0
231647,0
231648,0
231649,0
231650,0
231651,0
231652,0
231653,0
231654,0
231655,0
231656,0
231657,0
231658,0
231659,0
231660,0
231661,0
231662,0
231663,0
231664,0
231665,0
231666,0
231667,0
231668,0
231669,0
231670,0
231671,0
231672,0
231673,0
231674,0
231675,0
231676,0
231677,0
231678,0
231679,0
231680,0
231681,0
231682,0
231683,0
231684,0
231685,0
231686,0
231687,0
231688,0
231689,0
231690,0
231691,0
231692,0
231693,0
231694,0
231695,0
231696,0
231697,0
231698,0
231699,0
231700,0
231701,0
231702,0
231703,0
231704,0
231705,0
231706,0
231707,0
231708,0
231709,0
231710,0
231711,0
231712,0
231713,0
231714,0
231715,0
231716,0
231717,0
231718,0
231719,0
231720,0
231721,0
231722,0
231723,0
231724,0
231725,0
231726,0
231727,0
231728,0
231729,0
231730,0
231731,0
231732,0
231733,0
231734,0
231735,0
231736,0
231737,0
231738,0
231739,0
231740,0
231741,0
231742,0
231743,0
231744,0
231745,0
231746,0
231747,0
231748,0
231749,0
231750,0
231751,0
231752,0
231753,0
231754,0
231755,0
231756,0
231757,0
231758,0
231759,0
231760,0
231761,0
231762,0
231763,0
231764,0
231765,0
231766,0
231767,0
231768,0
231769,0
231770,0
231771,0
231772,0
231773,0
231774,0
231775,0
231776,0
231777,0
231778,0
231779,0
231780,0
231781,0
231782,0
231783,0
231784,0
231785,0
231786,0
231787,0
231788,0
231789,0
231790,0
231791,0
231792,0
231793,0
231794,0
231795,0
231796,0
231797,0
231798,0
231799,0
231800,0
231801,0
231802,0
231803,0
231804,0
231805,0
231806,0
231807,0
231808,0
231809,0
231810,0
231811,0
231812,0
231813,0
231814,0
231815,0
231816,0
231817,0
231818,0
231819,0
231820,0
231821,0
231822,0
231823,0
231824,0
231825,0
231826,0
231827,0
231828,0
231829,0
231830,0
231831,0
231832,0
231833,0
231834,0
231835,0
231836,0
231837,0
231838,0
231839,0
231840,0
231841,0
231842,0
231843,0
231844,0
231845,0
231846,0
231847,0
231848,0
231849,0
231850,0
231851,0
231852,0
231853,0
231854,0
231855,0
231856,0
231857,0
231858,0
231859,0
231860,0
231861,0
231862,0
231863,0
231864,0
231865,0
231866,0
231867,0
231868,0
231869,0
231870,0
231871,0
231872,0
231873,0
231874,0
231875,0
231876,0
231877,0
231878,0
231879,0
231880,0
231881,0
231882,0
231883,0
231884,0
231885,0
231886,0
231887,0
231888,0
231889,0
231890,0
231891,0
231892,0
231893,0
231894,0
231895,0
231896,0
231897,0
231898,0
231899,0
231900,0
231901,0
231902,0
231903,0
231904,0
231905,0
231906,0
231907,0
231908,0
231909,0
231910,0
231911,0
231912,0
231913,0
231914,0
231915,0
231916,0
231917,0
231918,0
231919,0
231920,0
231921,0
231922,0
231923,0
231924,0
231925,0
231926,0
231927,0
231928,0
231929,0
231930,0
231931,0
231932,0
231933,0
231934,0
231935,0
231936,0
231937,0
231938,0
231939,0
231940,0
231941,0
231942,0
231943,0
231944,0
231945,0
231946,0
231947,0
231948,0
231949,0
231950,0
231951,0
231952,0
231953,0
231954,0
231955,0
231956,0
231957,0
231958,0
231959,0
231960,0
231961,0
231962,0
231963,0
231964,0
231965,0
231966,0
231967,0
231968,0
231969,0
231970,0
231971,0
231972,0
231973,0
231974,0
231975,0
231976,0
231977,0
231978,0
231979,0
231980,0
231981,0
231982,0
231983,0
231984,0
231985,0
231986,0
231987,0
231988,0
231989,0
231990,0
231991,0
231992,0
231993,0
231994,0
231995,0
231996,0
231997,0
231998,0
231999,0
232000,0
232001,0
232002,0
232003,0
232004,0
232005,0
232006,0
232007,0
232008,0
232009,0
232010,0
232011,0
232012,0
232013,0
232014,0
232015,0
232016,0
232017,0
232018,0
232019,0
232020,0
232021,0
232022,0
232023,0
232024,0
232025,0
232026,0
232027,0
232028,0
232029,0
232030,0
232031,0
232032,0
232033,0
232034,0
232035,0
232036,0
232037,0
232038,0
232039,0
232040,0
232041,0
232042,0
232043,0
232044,0
232045,0
232046,0
232047,0
232048,0
232049,0
232050,0
232051,0
232052,0
232053,0
232054,0
232055,0
232056,0
232057,0
232058,0
232059,0
232060,0
232061,0
232062,0
232063,0
232064,0
232065,0
232066,0
232067,0
232068,0
232069,0
232070,0
232071,0
232072,0
232073,0
232074,0
232075,0
232076,0
232077,0
232078,0
232079,0
232080,0
232081,0
232082,0
232083,0
232084,0
232085,0
232086,0
232087,0
232088,0
232089,0
232090,0
232091,0
232092,0
232093,0
232094,0
232095,0
232096,0
232097,0
232098,0
232099,0
232100,0
232101,0
232102,0
232103,0
232104,0
232105,0
232106,0
232107,0
232108,0
232109,0
232110,0
232111,0
232112,0
232113,0
232114,0
232115,0
232116,0
232117,0
232118,0
232119,0
232120,0
232121,0
232122,0
232123,0
232124,0
232125,0
232126,0
232127,0
232128,0
232129,0
232130,0
232131,0
232132,0
232133,0
232134,0
232135,0
232136,0
232137,0
232138,0
232139,0
232140,0
232141,0
232142,0
232143,0
232144,0
232145,0
232146,0
232147,0
232148,0
232149,0
232150,0
232151,0
232152,0
232153,0
232154,0
232155,0
232156,0
232157,0
232158,0
232159,0
232160,0
232161,0
232162,0
232163,0
232164,0
232165,0
232166,0
232167,0
232168,0
232169,0
232170,0
232171,0
232172,0
232173,0
232174,0
232175,0
232176,0
232177,0
232178,0
232179,0
232180,0
232181,0
232182,0
232183,0
232184,0
232185,0
232186,0
232187,0
232188,0
232189,0
232190,0
232191,0
232192,0
232193,0
232194,0
232195,0
232196,0
232197,0
232198,0
232199,0
232200,0
232201,0
232202,0
232203,0
232204,0
232205,0
232206,0
232207,0
232208,0
232209,0
232210,0
232211,0
232212,0
232213,0
232214,0
232215,0
232216,0
232217,0
232218,0
232219,0
232220,0
232221,0
232222,0
232223,0
232224,0
232225,0
232226,0
232227,0
232228,0
232229,0
232230,0
232231,0
232232,0
232233,0
232234,0
232235,0
232236,0
232237,0
232238,0
232239,0
232240,0
232241,0
232242,0
232243,0
232244,0
232245,0
232246,0
232247,0
232248,0
232249,0
232250,0
232251,0
232252,0
232253,0
232254,0
232255,0
232256,0
232257,0
232258,0
232259,0
232260,0
232261,0
232262,0
232263,0
232264,0
232265,0
232266,0
232267,0
232268,0
232269,0
232270,0
232271,0
232272,0
232273,0
232274,0
232275,0
232276,0
232277,0
232278,0
232279,0
232280,0
232281,0
232282,0
232283,0
232284,0
232285,0
232286,0
232287,0
232288,0
232289,0
232290,0
232291,0
232292,0
232293,0
232294,0
232295,0
232296,0
232297,0
232298,0
232299,0
232300,0
232301,0
232302,0
232303,0
232304,0
232305,0
232306,0
232307,0
232308,0
232309,0
232310,0
232311,0
232312,0
232313,0
232314,0
232315,0
232316,0
232317,0
232318,0
232319,0
232320,0
232321,0
232322,0
232323,0
232324,0
232325,0
232326,0
232327,0
232328,0
232329,0
232330,0
232331,0
232332,0
232333,0
232334,0
232335,0
232336,0
232337,0
232338,0
232339,0
232340,0
232341,0
232342,0
232343,0
232344,0
232345,0
232346,0
232347,0
232348,0
232349,0
232350,0
232351,0
232352,0
232353,0
232354,0
232355,0
232356,0
232357,0
232358,0
232359,0
232360,0
232361,0
232362,0
232363,0
232364,0
232365,0
232366,0
232367,0
232368,0
232369,0
232370,0
232371,0
232372,0
232373,0
232374,0
232375,0
232376,0
232377,0
232378,0
232379,0
232380,0
232381,0
232382,0
232383,0
232384,0
232385,0
232386,0
232387,0
232388,0
232389,0
232390,0
232391,0
232392,0
232393,0
232394,0
232395,0
232396,0
232397,0
232398,0
232399,0
232400,0
232401,0
232402,0
232403,0
232404,0
232405,0
232406,0
232407,0
232408,0
232409,0
232410,0
232411,0
232412,0
232413,0
232414,0
232415,0
232416,0
232417,0
232418,0
232419,0
232420,0
232421,0
232422,0
232423,0
232424,0
232425,0
232426,0
232427,0
232428,0
232429,0
232430,0
232431,0
232432,0
232433,0
232434,0
232435,0
232436,0
232437,0
232438,0
232439,0
232440,0
232441,0
232442,0
232443,0
232444,0
232445,0
232446,0
232447,0
232448,0
232449,0
232450,0
232451,0
232452,0
232453,0
232454,0
232455,0
232456,0
232457,0
232458,0
232459,0
232460,0
232461,0
232462,0
232463,0
232464,0
232465,0
232466,0
232467,0
232468,0
232469,0
232470,0
232471,0
232472,0
232473,0
232474,0
232475,0
232476,0
232477,0
232478,0
232479,0
232480,0
232481,0
232482,0
232483,0
232484,0
232485,0
232486,0
232487,0
232488,0
232489,0
232490,0
232491,0
232492,0
232493,0
232494,0
232495,0
232496,0
232497,0
232498,0
232499,0
232500,0
232501,0
232502,0
232503,0
232504,0
232505,0
232506,0
232507,0
232508,0
232509,0
232510,0
232511,0
232512,0
232513,0
232514,0
232515,0
232516,0
232517,0
232518,0
232519,0
232520,0
232521,0
232522,0
232523,0
232524,0
232525,0
232526,0
232527,0
232528,0
232529,0
232530,0
232531,0
232532,0
232533,0
232534,0
232535,0
232536,0
232537,0
232538,0
232539,0
232540,0
232541,0
232542,0
232543,0
232544,0
232545,0
232546,0
232547,0
232548,0
232549,0
232550,0
232551,0
232552,0
232553,0
232554,0
232555,0
232556,0
232557,0
232558,0
232559,0
232560,0
232561,0
232562,0
232563,0
232564,0
232565,0
232566,0
232567,0
232568,0
232569,0
232570,0
232571,0
232572,0
232573,0
232574,0
232575,0
232576,0
232577,0
232578,0
232579,0
232580,0
232581,0
232582,0
232583,0
232584,0
232585,0
232586,0
232587,0
232588,0
232589,0
232590,0
232591,0
232592,0
232593,0
232594,0
232595,0
232596,0
232597,0
232598,0
232599,0
232600,0
232601,0
232602,0
232603,0
232604,0
232605,0
232606,0
232607,0
232608,0
232609,0
232610,0
232611,0
232612,0
232613,0
232614,0
232615,0
232616,0
232617,0
232618,0
232619,0
232620,0
232621,0
232622,0
232623,0
232624,0
232625,0
232626,0
232627,0
232628,0
232629,0
232630,0
232631,0
232632,0
232633,0
232634,0
232635,0
232636,0
232637,0
232638,0
232639,0
232640,0
232641,0
232642,0
232643,0
232644,0
232645,0
232646,0
232647,0
232648,0
232649,0
232650,0
232651,0
232652,0
232653,0
232654,0
232655,0
232656,0
232657,0
232658,0
232659,0
232660,0
232661,0
232662,0
232663,0
232664,0
232665,0
232666,0
232667,0
232668,0
232669,0
232670,0
232671,0
232672,0
232673,0
232674,0
232675,0
232676,0
232677,0
232678,0
232679,0
232680,0
232681,0
232682,0
232683,0
232684,0
232685,0
232686,0
232687,0
232688,0
232689,0
232690,0
232691,0
232692,0
232693,0
232694,0
232695,0
232696,0
232697,0
232698,0
232699,0
232700,0
232701,0
232702,0
232703,0
232704,0
232705,0
232706,0
232707,0
232708,0
232709,0
232710,0
232711,0
232712,0
232713,0
232714,0
232715,0
232716,0
232717,0
232718,0
232719,0
232720,0
232721,0
232722,0
232723,0
232724,0
232725,0
232726,0
232727,0
232728,0
232729,0
232730,0
232731,0
232732,0
232733,0
232734,0
232735,0
232736,0
232737,0
232738,0
232739,0
232740,0
232741,0
232742,0
232743,0
232744,0
232745,0
232746,0
232747,0
232748,0
232749,0
232750,0
232751,0
232752,0
232753,0
232754,0
232755,0
232756,0
232757,0
232758,0
232759,0
232760,0
232761,0
232762,0
232763,0
232764,0
232765,0
232766,0
232767,0
232768,0
232769,0
232770,0
232771,0
232772,0
232773,0
232774,0
232775,0
232776,0
232777,0
232778,0
232779,0
232780,0
232781,0
232782,0
232783,0
232784,0
232785,0
232786,0
232787,0
232788,0
232789,0
232790,0
232791,0
232792,0
232793,0
232794,0
232795,0
232796,0
232797,0
232798,0
232799,0
232800,0
232801,0
232802,0
232803,0
232804,0
232805,0
232806,0
232807,0
232808,0
232809,0
232810,0
232811,0
232812,0
232813,0
232814,0
232815,0
232816,0
232817,0
232818,0
232819,0
232820,0
232821,0
232822,0
232823,0
232824,0
232825,0
232826,0
232827,0
232828,0
232829,0
232830,0
232831,0
232832,0
232833,0
232834,0
232835,0
232836,0
232837,0
232838,0
232839,0
232840,0
232841,0
232842,0
232843,0
232844,0
232845,0
232846,0
232847,0
232848,0
232849,0
232850,0
232851,0
232852,0
232853,0
232854,0
232855,0
232856,0
232857,0
232858,0
232859,0
232860,0
232861,0
232862,0
232863,0
232864,0
232865,0
232866,0
232867,0
232868,0
232869,0
232870,0
232871,0
232872,0
232873,0
232874,0
232875,0
232876,0
232877,0
232878,0
232879,0
232880,0
232881,0
232882,0
232883,0
232884,0
232885,0
232886,0
232887,0
232888,0
232889,0
232890,0
232891,0
232892,0
232893,0
232894,0
232895,0
232896,0
232897,0
232898,0
232899,0
232900,0
232901,0
232902,0
232903,0
232904,0
232905,0
232906,0
232907,0
232908,0
232909,0
232910,0
232911,0
232912,0
232913,0
232914,0
232915,0
232916,0
232917,0
232918,0
232919,0
232920,0
232921,0
232922,0
232923,0
232924,0
232925,0
232926,0
232927,0
232928,0
232929,0
232930,0
232931,0
232932,0
232933,0
232934,0
232935,0
232936,0
232937,0
232938,0
232939,0
232940,0
232941,0
232942,0
232943,0
232944,0
232945,0
232946,0
232947,0
232948,0
232949,0
232950,0
232951,0
232952,0
232953,0
232954,0
232955,0
232956,0
232957,0
232958,0
232959,0
232960,0
232961,0
232962,0
232963,0
232964,0
232965,0
232966,0
232967,0
232968,0
232969,0
232970,0
232971,0
232972,0
232973,0
232974,0
232975,0
232976,0
232977,0
232978,0
232979,0
232980,0
232981,0
232982,0
232983,0
232984,0
232985,0
232986,0
232987,0
232988,0
232989,0
232990,0
232991,0
232992,0
232993,0
232994,0
232995,0
232996,0
232997,0
232998,0
232999,0
233000,0
233001,0
233002,0
233003,0
233004,0
233005,0
233006,0
233007,0
233008,0
233009,0
233010,0
233011,0
233012,0
233013,0
233014,0
233015,0
233016,0
233017,0
233018,0
233019,0
233020,0
233021,0
233022,0
233023,0
233024,0
233025,0
233026,0
233027,0
233028,0
233029,0
233030,0
233031,0
233032,0
233033,0
233034,0
233035,0
233036,0
233037,0
233038,0
233039,0
233040,0
233041,0
233042,0
233043,0
233044,0
233045,0
233046,0
233047,0
233048,0
233049,0
233050,0
233051,0
233052,0
233053,0
233054,0
233055,0
233056,0
233057,0
233058,0
233059,0
233060,0
233061,0
233062,0
233063,0
233064,0
233065,0
233066,0
233067,0
233068,0
233069,0
233070,0
233071,0
233072,0
233073,0
233074,0
233075,0
233076,0
233077,0
233078,0
233079,0
233080,0
233081,0
233082,0
233083,0
233084,0
233085,0
233086,0
233087,0
233088,0
233089,0
233090,0
233091,0
233092,0
233093,0
233094,0
233095,0
233096,0
233097,0
233098,0
233099,0
233100,0
233101,0
233102,0
233103,0
233104,0
233105,0
233106,0
233107,0
233108,0
233109,0
233110,0
233111,0
233112,0
233113,0
233114,0
233115,0
233116,0
233117,0
233118,0
233119,0
233120,0
233121,0
233122,0
233123,0
233124,0
233125,0
233126,0
233127,0
233128,0
233129,0
233130,0
233131,0
233132,0
233133,0
233134,0
233135,0
233136,0
233137,0
233138,0
233139,0
233140,0
233141,0
233142,0
233143,0
233144,0
233145,0
233146,0
233147,0
233148,0
233149,0
233150,0
233151,0
233152,0
233153,0
233154,0
233155,0
233156,0
233157,0
233158,0
233159,0
233160,0
233161,0
233162,0
233163,0
233164,0
233165,0
233166,0
233167,0
233168,0
233169,0
233170,0
233171,0
233172,0
233173,0
233174,0
233175,0
233176,0
233177,0
233178,0
233179,0
233180,0
233181,0
233182,0
233183,0
233184,0
233185,0
233186,0
233187,0
233188,0
233189,0
233190,0
233191,0
233192,0
233193,0
233194,0
233195,0
233196,0
233197,0
233198,0
233199,0
233200,0
233201,0
233202,0
233203,0
233204,0
233205,0
233206,0
233207,0
233208,0
233209,0
233210,0
233211,0
233212,0
233213,0
233214,0
233215,0
233216,0
233217,0
233218,0
233219,0
233220,0
233221,0
233222,0
233223,0
233224,0
233225,0
233226,0
233227,0
233228,0
233229,0
233230,0
233231,0
233232,0
233233,0
233234,0
233235,0
233236,0
233237,0
233238,0
233239,0
233240,0
233241,0
233242,0
233243,0
233244,0
233245,0
233246,0
233247,0
233248,0
233249,0
233250,0
233251,0
233252,0
233253,0
233254,0
233255,0
233256,0
233257,0
233258,0
233259,0
233260,0
233261,0
233262,0
233263,0
233264,0
233265,0
233266,0
233267,0
233268,0
233269,0
233270,0
233271,0
233272,0
233273,0
233274,0
233275,0
233276,0
233277,0
233278,0
233279,0
233280,0
233281,0
233282,0
233283,0
233284,0
233285,0
233286,0
233287,0
233288,0
233289,0
233290,0
233291,0
233292,0
233293,0
233294,0
233295,0
233296,0
233297,0
233298,0
233299,0
233300,0
233301,0
233302,0
233303,0
233304,0
233305,0
233306,0
233307,0
233308,0
233309,0
233310,0
233311,0
233312,0
233313,0
233314,0
233315,0
233316,0
233317,0
233318,0
233319,0
233320,0
233321,0
233322,0
233323,0
233324,0
233325,0
233326,0
233327,0
233328,0
233329,0
233330,0
233331,0
233332,0
233333,0
233334,0
233335,0
233336,0
233337,0
233338,0
233339,0
233340,0
233341,0
233342,0
233343,0
233344,0
233345,0
233346,0
233347,0
233348,0
233349,0
233350,0
233351,0
233352,0
233353,0
233354,0
233355,0
233356,0
233357,0
233358,0
233359,0
233360,0
233361,0
233362,0
233363,0
233364,0
233365,0
233366,0
233367,0
233368,0
233369,0
233370,0
233371,0
233372,0
233373,0
233374,0
233375,0
233376,0
233377,0
233378,0
233379,0
233380,0
233381,0
233382,0
233383,0
233384,0
233385,0
233386,0
233387,0
233388,0
233389,0
233390,0
233391,0
233392,0
233393,0
233394,0
233395,0
233396,0
233397,0
233398,0
233399,0
233400,0
233401,0
233402,0
233403,0
233404,0
233405,0
233406,0
233407,0
233408,0
233409,0
233410,0
233411,0
233412,0
233413,0
233414,0
233415,0
233416,0
233417,0
233418,0
233419,0
233420,0
233421,0
233422,0
233423,0
233424,0
233425,0
233426,0
233427,0
233428,0
233429,0
233430,0
233431,0
233432,0
233433,0
233434,0
233435,0
233436,0
233437,0
233438,0
233439,0
233440,0
233441,0
233442,0
233443,0
233444,0
233445,0
233446,0
233447,0
233448,0
233449,0
233450,0
233451,0
233452,0
233453,0
233454,0
233455,0
233456,0
233457,0
233458,0
233459,0
233460,0
233461,0
233462,0
233463,0
233464,0
233465,0
233466,0
233467,0
233468,0
233469,0
233470,0
233471,0
233472,0
233473,0
233474,0
233475,0
233476,0
233477,0
233478,0
233479,0
233480,0
233481,0
233482,0
233483,0
233484,0
233485,0
233486,0
233487,0
233488,0
233489,0
233490,0
233491,0
233492,0
233493,0
233494,0
233495,0
233496,0
233497,0
233498,0
233499,0
233500,0
233501,0
233502,0
233503,0
233504,0
233505,0
233506,0
233507,0
233508,0
233509,0
233510,0
233511,0
233512,0
233513,0
233514,0
233515,0
233516,0
233517,0
233518,0
233519,0
233520,0
233521,0
233522,0
233523,0
233524,0
233525,0
233526,0
233527,0
233528,0
233529,0
233530,0
233531,0
233532,0
233533,0
233534,0
233535,0
233536,0
233537,0
233538,0
233539,0
233540,0
233541,0
233542,0
233543,0
233544,0
233545,0
233546,0
233547,0
233548,0
233549,0
233550,0
233551,0
233552,0
233553,0
233554,0
233555,0
233556,0
233557,0
233558,0
233559,0
233560,0
233561,0
233562,0
233563,0
233564,0
233565,0
233566,0
233567,0
233568,0
233569,0
233570,0
233571,0
233572,0
233573,0
233574,0
233575,0
233576,0
233577,0
233578,0
233579,0
233580,0
233581,0
233582,0
233583,0
233584,0
233585,0
233586,0
233587,0
233588,0
233589,0
233590,0
233591,0
233592,0
233593,0
233594,0
233595,0
233596,0
233597,0
233598,0
233599,0
233600,0
233601,0
233602,0
233603,0
233604,0
233605,0
233606,0
233607,0
233608,0
233609,0
233610,0
233611,0
233612,0
233613,0
233614,0
233615,0
233616,0
233617,0
233618,0
233619,0
233620,0
233621,0
233622,0
233623,0
233624,0
233625,0
233626,0
233627,0
233628,0
233629,0
233630,0
233631,0
233632,0
233633,0
233634,0
233635,0
233636,0
233637,0
233638,0
233639,0
233640,0
233641,0
233642,0
233643,0
233644,0
233645,0
233646,0
233647,0
233648,0
233649,0
233650,0
233651,0
233652,0
233653,0
233654,0
233655,0
233656,0
233657,0
233658,0
233659,0
233660,0
233661,0
233662,0
233663,0
233664,0
233665,0
233666,0
233667,0
233668,0
233669,0
233670,0
233671,0
233672,0
233673,0
233674,0
233675,0
233676,0
233677,0
233678,0
233679,0
233680,0
233681,0
233682,0
233683,0
233684,0
233685,0
233686,0
233687,0
233688,0
233689,0
233690,0
233691,0
233692,0
233693,0
233694,0
233695,0
233696,0
233697,0
233698,0
233699,0
233700,0
233701,0
233702,0
233703,0
233704,0
233705,0
233706,0
233707,0
233708,0
233709,0
233710,0
233711,0
233712,0
233713,0
233714,0
233715,0
233716,0
233717,0
233718,0
233719,0
233720,0
233721,0
233722,0
233723,0
233724,0
233725,0
233726,0
233727,0
233728,0
233729,0
233730,0
233731,0
233732,0
233733,0
233734,0
233735,0
233736,0
233737,0
233738,0
233739,0
233740,0
233741,0
233742,0
233743,0
233744,0
233745,0
233746,0
233747,0
233748,0
233749,0
233750,0
233751,0
233752,0
233753,0
233754,0
233755,0
233756,0
233757,0
233758,0
233759,0
233760,0
233761,0
233762,0
233763,0
233764,0
233765,0
233766,0
233767,0
233768,0
233769,0
233770,0
233771,0
233772,0
233773,0
233774,0
233775,0
233776,0
233777,0
233778,0
233779,0
233780,0
233781,0
233782,0
233783,0
233784,0
233785,0
233786,0
233787,0
233788,0
233789,0
233790,0
233791,0
233792,0
233793,0
233794,0
233795,0
233796,0
233797,0
233798,0
233799,0
233800,0
233801,0
233802,0
233803,0
233804,0
233805,0
233806,0
233807,0
233808,0
233809,0
233810,0
233811,0
233812,0
233813,0
233814,0
233815,0
233816,0
233817,0
233818,0
233819,0
233820,0
233821,0
233822,0
233823,0
233824,0
233825,0
233826,0
233827,0
233828,0
233829,0
233830,0
233831,0
233832,0
233833,0
233834,0
233835,0
233836,0
233837,0
233838,0
233839,0
233840,0
233841,0
233842,0
233843,0
233844,0
233845,0
233846,0
233847,0
233848,0
233849,0
233850,0
233851,0
233852,0
233853,0
233854,0
233855,0
233856,0
233857,0
233858,0
233859,0
233860,0
233861,0
233862,0
233863,0
233864,0
233865,0
233866,0
233867,0
233868,0
233869,0
233870,0
233871,0
233872,0
233873,0
233874,0
233875,0
233876,0
233877,0
233878,0
233879,0
233880,0
233881,0
233882,0
233883,0
233884,0
233885,0
233886,0
233887,0
233888,0
233889,0
233890,0
233891,0
233892,0
233893,0
233894,0
233895,0
233896,0
233897,0
233898,0
233899,0
233900,0
233901,0
233902,0
233903,0
233904,0
233905,0
233906,0
233907,0
233908,0
233909,0
233910,0
233911,0
233912,0
233913,0
233914,0
233915,0
233916,0
233917,0
233918,0
233919,0
233920,0
233921,0
233922,0
233923,0
233924,0
233925,0
233926,0
233927,0
233928,0
233929,0
233930,0
233931,0
233932,0
233933,0
233934,0
233935,0
233936,0
233937,0
233938,0
233939,0
233940,0
233941,0
233942,0
233943,0
233944,0
233945,0
233946,0
233947,0
233948,0
233949,0
233950,0
233951,0
233952,0
233953,0
233954,0
233955,0
233956,0
233957,0
233958,0
233959,0
233960,0
233961,0
233962,0
233963,0
233964,0
233965,0
233966,0
233967,0
233968,0
233969,0
233970,0
233971,0
233972,0
233973,0
233974,0
233975,0
233976,0
233977,0
233978,0
233979,0
233980,0
233981,0
233982,0
233983,0
233984,0
233985,0
233986,0
233987,0
233988,0
233989,0
233990,0
233991,0
233992,0
233993,0
233994,0
233995,0
233996,0
233997,0
233998,0
233999,0
234000,0
234001,0
234002,0
234003,0
234004,0
234005,0
234006,0
234007,0
234008,0
234009,0
234010,0
234011,0
234012,0
234013,0
234014,0
234015,0
234016,0
234017,0
234018,0
234019,0
234020,0
234021,0
234022,0
234023,0
234024,0
234025,0
234026,0
234027,0
234028,0
234029,0
234030,0
234031,0
234032,0
234033,0
234034,0
234035,0
234036,0
234037,0
234038,0
234039,0
234040,0
234041,0
234042,0
234043,0
234044,0
234045,0
234046,0
234047,0
234048,0
234049,0
234050,0
234051,0
234052,0
234053,0
234054,0
234055,0
234056,0
234057,0
234058,0
234059,0
234060,0
234061,0
234062,0
234063,0
234064,0
234065,0
234066,0
234067,0
234068,0
234069,0
234070,0
234071,0
234072,0
234073,0
234074,0
234075,0
234076,0
234077,0
234078,0
234079,0
234080,0
234081,0
234082,0
234083,0
234084,0
234085,0
234086,0
234087,0
234088,0
234089,0
234090,0
234091,0
234092,0
234093,0
234094,0
234095,0
234096,0
234097,0
234098,0
234099,0
234100,0
234101,0
234102,0
234103,0
234104,0
234105,0
234106,0
234107,0
234108,0
234109,0
234110,0
234111,0
234112,0
234113,0
234114,0
234115,0
234116,0
234117,0
234118,0
234119,0
234120,0
234121,0
234122,0
234123,0
234124,0
234125,0
234126,0
234127,0
234128,0
234129,0
234130,0
234131,0
234132,0
234133,0
234134,0
234135,0
234136,0
234137,0
234138,0
234139,0
234140,0
234141,0
234142,0
234143,0
234144,0
234145,0
234146,0
234147,0
234148,0
234149,0
234150,0
234151,0
234152,0
234153,0
234154,0
234155,0
234156,0
234157,0
234158,0
234159,0
234160,0
234161,0
234162,0
234163,0
234164,0
234165,0
234166,0
234167,0
234168,0
234169,0
234170,0
234171,0
234172,0
234173,0
234174,0
234175,0
234176,0
234177,0
234178,0
234179,0
234180,0
234181,0
234182,0
234183,0
234184,0
234185,0
234186,0
234187,0
234188,0
234189,0
234190,0
234191,0
234192,0
234193,0
234194,0
234195,0
234196,0
234197,0
234198,0
234199,0
234200,0
234201,0
234202,0
234203,0
234204,0
234205,0
234206,0
234207,0
234208,0
234209,0
234210,0
234211,0
234212,0
234213,0
234214,0
234215,0
234216,0
234217,0
234218,0
234219,0
234220,0
234221,0
234222,0
234223,0
234224,0
234225,0
234226,0
234227,0
234228,0
234229,0
234230,0
234231,0
234232,0
234233,0
234234,0
234235,0
234236,0
234237,0
234238,0
234239,0
234240,0
234241,0
234242,0
234243,0
234244,0
234245,0
234246,0
234247,0
234248,0
234249,0
234250,0
234251,0
234252,0
234253,0
234254,0
234255,0
234256,0
234257,0
234258,0
234259,0
234260,0
234261,0
234262,0
234263,0
234264,0
234265,0
234266,0
234267,0
234268,0
234269,0
234270,0
234271,0
234272,0
234273,0
234274,0
234275,0
234276,0
234277,0
234278,0
234279,0
234280,0
234281,0
234282,0
234283,0
234284,0
234285,0
234286,0
234287,0
234288,0
234289,0
234290,0
234291,0
234292,0
234293,0
234294,0
234295,0
234296,0
234297,0
234298,0
234299,0
234300,0
234301,0
234302,0
234303,0
234304,0
234305,0
234306,0
234307,0
234308,0
234309,0
234310,0
234311,0
234312,0
234313,0
234314,0
234315,0
234316,0
234317,0
234318,0
234319,0
234320,0
234321,0
234322,0
234323,0
234324,0
234325,0
234326,0
234327,0
234328,0
234329,0
234330,0
234331,0
234332,0
234333,0
234334,0
234335,0
234336,0
234337,0
234338,0
234339,0
234340,0
234341,0
234342,0
234343,0
234344,0
234345,0
234346,0
234347,0
234348,0
234349,0
234350,0
234351,0
234352,0
234353,0
234354,0
234355,0
234356,0
234357,0
234358,0
234359,0
234360,0
234361,0
234362,0
234363,0
234364,0
234365,0
234366,0
234367,0
234368,0
234369,0
234370,0
234371,0
234372,0
234373,0
234374,0
234375,0
234376,0
234377,0
234378,0
234379,0
234380,0
234381,0
234382,0
234383,0
234384,0
234385,0
234386,0
234387,0
234388,0
234389,0
234390,0
234391,0
234392,0
234393,0
234394,0
234395,0
234396,0
234397,0
234398,0
234399,0
234400,0
234401,0
234402,0
234403,0
234404,0
234405,0
234406,0
234407,0
234408,0
234409,0
234410,0
234411,0
234412,0
234413,0
234414,0
234415,0
234416,0
234417,0
234418,0
234419,0
234420,0
234421,0
234422,0
234423,0
234424,0
234425,0
234426,0
234427,0
234428,0
234429,0
234430,0
234431,0
234432,0
234433,0
234434,0
234435,0
234436,0
234437,0
234438,0
234439,0
234440,0
234441,0
234442,0
234443,0
234444,0
234445,0
234446,0
234447,0
234448,0
234449,0
234450,0
234451,0
234452,0
234453,0
234454,0
234455,0
234456,0
234457,0
234458,0
234459,0
234460,0
234461,0
234462,0
234463,0
234464,0
234465,0
234466,0
234467,0
234468,0
234469,0
234470,0
234471,0
234472,0
234473,0
234474,0
234475,0
234476,0
234477,0
234478,0
234479,0
234480,0
234481,0
234482,0
234483,0
234484,0
234485,0
234486,0
234487,0
234488,0
234489,0
234490,0
234491,0
234492,0
234493,0
234494,0
234495,0
234496,0
234497,0
234498,0
234499,0
234500,0
234501,0
234502,0
234503,0
234504,0
234505,0
234506,0
234507,0
234508,0
234509,0
234510,0
234511,0
234512,0
234513,0
234514,0
234515,0
234516,0
234517,0
234518,0
234519,0
234520,0
234521,0
234522,0
234523,0
234524,0
234525,0
234526,0
234527,0
234528,0
234529,0
234530,0
234531,0
234532,0
234533,0
234534,0
234535,0
234536,0
234537,0
234538,0
234539,0
234540,0
234541,0
234542,0
234543,0
234544,0
234545,0
234546,0
234547,0
234548,0
234549,0
234550,0
234551,0
234552,0
234553,0
234554,0
234555,0
234556,0
234557,0
234558,0
234559,0
234560,0
234561,0
234562,0
234563,0
234564,0
234565,0
234566,0
234567,0
234568,0
234569,0
234570,0
234571,0
234572,0
234573,0
234574,0
234575,0
234576,0
234577,0
234578,0
234579,0
234580,0
234581,0
234582,0
234583,0
234584,0
234585,0
234586,0
234587,0
234588,0
234589,0
234590,0
234591,0
234592,0
234593,0
234594,0
234595,0
234596,0
234597,0
234598,0
234599,0
234600,0
234601,0
234602,0
234603,0
234604,0
234605,0
234606,0
234607,0
234608,0
234609,0
234610,0
234611,0
234612,0
234613,0
234614,0
234615,0
234616,0
234617,0
234618,0
234619,0
234620,0
234621,0
234622,0
234623,0
234624,0
234625,0
234626,0
234627,0
234628,0
234629,0
234630,0
234631,0
234632,0
234633,0
234634,0
234635,0
234636,0
234637,0
234638,0
234639,0
234640,0
234641,0
234642,0
234643,0
234644,0
234645,0
234646,0
234647,0
234648,0
234649,0
234650,0
234651,0
234652,0
234653,0
234654,0
234655,0
234656,0
234657,0
234658,0
234659,0
234660,0
234661,0
234662,0
234663,0
234664,0
234665,0
234666,0
234667,0
234668,0
234669,0
234670,0
234671,0
234672,0
234673,0
234674,0
234675,0
234676,0
234677,0
234678,0
234679,0
234680,0
234681,0
234682,0
234683,0
234684,0
234685,0
234686,0
234687,0
234688,0
234689,0
234690,0
234691,0
234692,0
234693,0
234694,0
234695,0
234696,0
234697,0
234698,0
234699,0
234700,0
234701,0
234702,0
234703,0
234704,0
234705,0
234706,0
234707,0
234708,0
234709,0
234710,0
234711,0
234712,0
234713,0
234714,0
234715,0
234716,0
234717,0
234718,0
234719,0
234720,0
234721,0
234722,0
234723,0
234724,0
234725,0
234726,0
234727,0
234728,0
234729,0
234730,0
234731,0
234732,0
234733,0
234734,0
234735,0
234736,0
234737,0
234738,0
234739,0
234740,0
234741,0
234742,0
234743,0
234744,0
234745,0
234746,0
234747,0
234748,0
234749,0
234750,0
234751,0
234752,0
234753,0
234754,0
234755,0
234756,0
234757,0
234758,0
234759,0
234760,0
234761,0
234762,0
234763,0
234764,0
234765,0
234766,0
234767,0
234768,0
234769,0
234770,0
234771,0
234772,0
234773,0
234774,0
234775,0
234776,0
234777,0
234778,0
234779,0
234780,0
234781,0
234782,0
234783,0
234784,0
234785,0
234786,0
234787,0
234788,0
234789,0
234790,0
234791,0
234792,0
234793,0
234794,0
234795,0
234796,0
234797,0
234798,0
234799,0
234800,0
234801,0
234802,0
234803,0
234804,0
234805,0
234806,0
234807,0
234808,0
234809,0
234810,0
234811,0
234812,0
234813,0
234814,0
234815,0
234816,0
234817,0
234818,0
234819,0
234820,0
234821,0
234822,0
234823,0
234824,0
234825,0
234826,0
234827,0
234828,0
234829,0
234830,0
234831,0
234832,0
234833,0
234834,0
234835,0
234836,0
234837,0
234838,0
234839,0
234840,0
234841,0
234842,0
234843,0
234844,0
234845,0
234846,0
234847,0
234848,0
234849,0
234850,0
234851,0
234852,0
234853,0
234854,0
234855,0
234856,0
234857,0
234858,0
234859,0
234860,0
234861,0
234862,0
234863,0
234864,0
234865,0
234866,0
234867,0
234868,0
234869,0
234870,0
234871,0
234872,0
234873,0
234874,0
234875,0
234876,0
234877,0
234878,0
234879,0
234880,0
234881,0
234882,0
234883,0
234884,0
234885,0
234886,0
234887,0
234888,0
234889,0
234890,0
234891,0
234892,0
234893,0
234894,0
234895,0
234896,0
234897,0
234898,0
234899,0
234900,0
234901,0
234902,0
234903,0
234904,0
234905,0
234906,0
234907,0
234908,0
234909,0
234910,0
234911,0
234912,0
234913,0
234914,0
234915,0
234916,0
234917,0
234918,0
234919,0
234920,0
234921,0
234922,0
234923,0
234924,0
234925,0
234926,0
234927,0
234928,0
234929,0
234930,0
234931,0
234932,0
234933,0
234934,0
234935,0
234936,0
234937,0
234938,0
234939,0
234940,0
234941,0
234942,0
234943,0
234944,0
234945,0
234946,0
234947,0
234948,0
234949,0
234950,0
234951,0
234952,0
234953,0
234954,0
234955,0
234956,0
234957,0
234958,0
234959,0
234960,0
234961,0
234962,0
234963,0
234964,0
234965,0
234966,0
234967,0
234968,0
234969,0
234970,0
234971,0
234972,0
234973,0
234974,0
234975,0
234976,0
234977,0
234978,0
234979,0
234980,0
234981,0
234982,0
234983,0
234984,0
234985,0
234986,0
234987,0
234988,0
234989,0
234990,0
234991,0
234992,0
234993,0
234994,0
234995,0
234996,0
234997,0
234998,0
234999,0
235000,0
235001,0
235002,0
235003,0
235004,0
235005,0
235006,0
235007,0
235008,0
235009,0
235010,0
235011,0
235012,0
235013,0
235014,0
235015,0
235016,0
235017,0
235018,0
235019,0
235020,0
235021,0
235022,0
235023,0
235024,0
235025,0
235026,0
235027,0
235028,0
235029,0
235030,0
235031,0
235032,0
235033,0
235034,0
235035,0
235036,0
235037,0
235038,0
235039,0
235040,0
235041,0
235042,0
235043,0
235044,0
235045,0
235046,0
235047,0
235048,0
235049,0
235050,0
235051,0
235052,0
235053,0
235054,0
235055,0
235056,0
235057,0
235058,0
235059,0
235060,0
235061,0
235062,0
235063,0
235064,0
235065,0
235066,0
235067,0
235068,0
235069,0
235070,0
235071,0
235072,0
235073,0
235074,0
235075,0
235076,0
235077,0
235078,0
235079,0
235080,0
235081,0
235082,0
235083,0
235084,0
235085,0
235086,0
235087,0
235088,0
235089,0
235090,0
235091,0
235092,0
235093,0
235094,0
235095,0
235096,0
235097,0
235098,0
235099,0
235100,0
235101,0
235102,0
235103,0
235104,0
235105,0
235106,0
235107,0
235108,0
235109,0
235110,0
235111,0
235112,0
235113,0
235114,0
235115,0
235116,0
235117,0
235118,0
235119,0
235120,0
235121,0
235122,0
235123,0
235124,0
235125,0
235126,0
235127,0
235128,0
235129,0
235130,0
235131,0
235132,0
235133,0
235134,0
235135,0
235136,0
235137,0
235138,0
235139,0
235140,0
235141,0
235142,0
235143,0
235144,0
235145,0
235146,0
235147,0
235148,0
235149,0
235150,0
235151,0
235152,0
235153,0
235154,0
235155,0
235156,0
235157,0
235158,0
235159,0
235160,0
235161,0
235162,0
235163,0
235164,0
235165,0
235166,0
235167,0
235168,0
235169,0
235170,0
235171,0
235172,0
235173,0
235174,0
235175,0
235176,0
235177,0
235178,0
235179,0
235180,0
235181,0
235182,0
235183,0
235184,0
235185,0
235186,0
235187,0
235188,0
235189,0
235190,0
235191,0
235192,0
235193,0
235194,0
235195,0
235196,0
235197,0
235198,0
235199,0
235200,0
235201,0
235202,0
235203,0
235204,0
235205,0
235206,0
235207,0
235208,0
235209,0
235210,0
235211,0
235212,0
235213,0
235214,0
235215,0
235216,0
235217,0
235218,0
235219,0
235220,0
235221,0
235222,0
235223,0
235224,0
235225,0
235226,0
235227,0
235228,0
235229,0
235230,0
235231,0
235232,0
235233,0
235234,0
235235,0
235236,0
235237,0
235238,0
235239,0
235240,0
235241,0
235242,0
235243,0
235244,0
235245,0
235246,0
235247,0
235248,0
235249,0
235250,0
235251,0
235252,0
235253,0
235254,0
235255,0
235256,0
235257,0
235258,0
235259,0
235260,0
235261,0
235262,0
235263,0
235264,0
235265,0
235266,0
235267,0
235268,0
235269,0
235270,0
235271,0
235272,0
235273,0
235274,0
235275,0
235276,0
235277,0
235278,0
235279,0
235280,0
235281,0
235282,0
235283,0
235284,0
235285,0
235286,0
235287,0
235288,0
235289,0
235290,0
235291,0
235292,0
235293,0
235294,0
235295,0
235296,0
235297,0
235298,0
235299,0
235300,0
235301,0
235302,0
235303,0
235304,0
235305,0
235306,0
235307,0
235308,0
235309,0
235310,0
235311,0
235312,0
235313,0
235314,0
235315,0
235316,0
235317,0
235318,0
235319,0
235320,0
235321,0
235322,0
235323,0
235324,0
235325,0
235326,0
235327,0
235328,0
235329,0
235330,0
235331,0
235332,0
235333,0
235334,0
235335,0
235336,0
235337,0
235338,0
235339,0
235340,0
235341,0
235342,0
235343,0
235344,0
235345,0
235346,0
235347,0
235348,0
235349,0
235350,0
235351,0
235352,0
235353,0
235354,0
235355,0
235356,0
235357,0
235358,0
235359,0
235360,0
235361,0
235362,0
235363,0
235364,0
235365,0
235366,0
235367,0
235368,0
235369,0
235370,0
235371,0
235372,0
235373,0
235374,0
235375,0
235376,0
235377,0
235378,0
235379,0
235380,0
235381,0
235382,0
235383,0
235384,0
235385,0
235386,0
235387,0
235388,0
235389,0
235390,0
235391,0
235392,0
235393,0
235394,0
235395,0
235396,0
235397,0
235398,0
235399,0
235400,0
235401,0
235402,0
235403,0
235404,0
235405,0
235406,0
235407,0
235408,0
235409,0
235410,0
235411,0
235412,0
235413,0
235414,0
235415,0
235416,0
235417,0
235418,0
235419,0
235420,0
235421,0
235422,0
235423,0
235424,0
235425,0
235426,0
235427,0
235428,0
235429,0
235430,0
235431,0
235432,0
235433,0
235434,0
235435,0
235436,0
235437,0
235438,0
235439,0
235440,0
235441,0
235442,0
235443,0
235444,0
235445,0
235446,0
235447,0
235448,0
235449,0
235450,0
235451,0
235452,0
235453,0
235454,0
235455,0
235456,0
235457,0
235458,0
235459,0
235460,0
235461,0
235462,0
235463,0
235464,0
235465,0
235466,0
235467,0
235468,0
235469,0
235470,0
235471,0
235472,0
235473,0
235474,0
235475,0
235476,0
235477,0
235478,0
235479,0
235480,0
235481,0
235482,0
235483,0
235484,0
235485,0
235486,0
235487,0
235488,0
235489,0
235490,0
235491,0
235492,0
235493,0
235494,0
235495,0
235496,0
235497,0
235498,0
235499,0
235500,0
235501,0
235502,0
235503,0
235504,0
235505,0
235506,0
235507,0
235508,0
235509,0
235510,0
235511,0
235512,0
235513,0
235514,0
235515,0
235516,0
235517,0
235518,0
235519,0
235520,0
235521,0
235522,0
235523,0
235524,0
235525,0
235526,0
235527,0
235528,0
235529,0
235530,0
235531,0
235532,0
235533,0
235534,0
235535,0
235536,0
235537,0
235538,0
235539,0
235540,0
235541,0
235542,0
235543,0
235544,0
235545,0
235546,0
235547,0
235548,0
235549,0
235550,0
235551,0
235552,0
235553,0
235554,0
235555,0
235556,0
235557,0
235558,0
235559,0
235560,0
235561,0
235562,0
235563,0
235564,0
235565,0
235566,0
235567,0
235568,0
235569,0
235570,0
235571,0
235572,0
235573,0
235574,0
235575,0
235576,0
235577,0
235578,0
235579,0
235580,0
235581,0
235582,0
235583,0
235584,0
235585,0
235586,0
235587,0
235588,0
235589,0
235590,0
235591,0
235592,0
235593,0
235594,0
235595,0
235596,0
235597,0
235598,0
235599,0
235600,0
235601,0
235602,0
235603,0
235604,0
235605,0
235606,0
235607,0
235608,0
235609,0
235610,0
235611,0
235612,0
235613,0
235614,0
235615,0
235616,0
235617,0
235618,0
235619,0
235620,0
235621,0
235622,0
235623,0
235624,0
235625,0
235626,0
235627,0
235628,0
235629,0
235630,0
235631,0
235632,0
235633,0
235634,0
235635,0
235636,0
235637,0
235638,0
235639,0
235640,0
235641,0
235642,0
235643,0
235644,0
235645,0
235646,0
235647,0
235648,0
235649,0
235650,0
235651,0
235652,0
235653,0
235654,0
235655,0
235656,0
235657,0
235658,0
235659,0
235660,0
235661,0
235662,0
235663,0
235664,0
235665,0
235666,0
235667,0
235668,0
235669,0
235670,0
235671,0
235672,0
235673,0
235674,0
235675,0
235676,0
235677,0
235678,0
235679,0
235680,0
235681,0
235682,0
235683,0
235684,0
235685,0
235686,0
235687,0
235688,0
235689,0
235690,0
235691,0
235692,0
235693,0
235694,0
235695,0
235696,0
235697,0
235698,0
235699,0
235700,0
235701,0
235702,0
235703,0
235704,0
235705,0
235706,0
235707,0
235708,0
235709,0
235710,0
235711,0
235712,0
235713,0
235714,0
235715,0
235716,0
235717,0
235718,0
235719,0
235720,0
235721,0
235722,0
235723,0
235724,0
235725,0
235726,0
235727,0
235728,0
235729,0
235730,0
235731,0
235732,0
235733,0
235734,0
235735,0
235736,0
235737,0
235738,0
235739,0
235740,0
235741,0
235742,0
235743,0
235744,0
235745,0
235746,0
235747,0
235748,0
235749,0
235750,0
235751,0
235752,0
235753,0
235754,0
235755,0
235756,0
235757,0
235758,0
235759,0
235760,0
235761,0
235762,0
235763,0
235764,0
235765,0
235766,0
235767,0
235768,0
235769,0
235770,0
235771,0
235772,0
235773,0
235774,0
235775,0
235776,0
235777,0
235778,0
235779,0
235780,0
235781,0
235782,0
235783,0
235784,0
235785,0
235786,0
235787,0
235788,0
235789,0
235790,0
235791,0
235792,0
235793,0
235794,0
235795,0
235796,0
235797,0
235798,0
235799,0
235800,0
235801,0
235802,0
235803,0
235804,0
235805,0
235806,0
235807,0
235808,0
235809,0
235810,0
235811,0
235812,0
235813,0
235814,0
235815,0
235816,0
235817,0
235818,0
235819,0
235820,0
235821,0
235822,0
235823,0
235824,0
235825,0
235826,0
235827,0
235828,0
235829,0
235830,0
235831,0
235832,0
235833,0
235834,0
235835,0
235836,0
235837,0
235838,0
235839,0
235840,0
235841,0
235842,0
235843,0
235844,0
235845,0
235846,0
235847,0
235848,0
235849,0
235850,0
235851,0
235852,0
235853,0
235854,0
235855,0
235856,0
235857,0
235858,0
235859,0
235860,0
235861,0
235862,0
235863,0
235864,0
235865,0
235866,0
235867,0
235868,0
235869,0
235870,0
235871,0
235872,0
235873,0
235874,0
235875,0
235876,0
235877,0
235878,0
235879,0
235880,0
235881,0
235882,0
235883,0
235884,0
235885,0
235886,0
235887,0
235888,0
235889,0
235890,0
235891,0
235892,0
235893,0
235894,0
235895,0
235896,0
235897,0
235898,0
235899,0
235900,0
235901,0
235902,0
235903,0
235904,0
235905,0
235906,0
235907,0
235908,0
235909,0
235910,0
235911,0
235912,0
235913,0
235914,0
235915,0
235916,0
235917,0
235918,0
235919,0
235920,0
235921,0
235922,0
235923,0
235924,0
235925,0
235926,0
235927,0
235928,0
235929,0
235930,0
235931,0
235932,0
235933,0
235934,0
235935,0
235936,0
235937,0
235938,0
235939,0
235940,0
235941,0
235942,0
235943,0
235944,0
235945,0
235946,0
235947,0
235948,0
235949,0
235950,0
235951,0
235952,0
235953,0
235954,0
235955,0
235956,0
235957,0
235958,0
235959,0
235960,0
235961,0
235962,0
235963,0
235964,0
235965,0
235966,0
235967,0
235968,0
235969,0
235970,0
235971,0
235972,0
235973,0
235974,0
235975,0
235976,0
235977,0
235978,0
235979,0
235980,0
235981,0
235982,0
235983,0
235984,0
235985,0
235986,0
235987,0
235988,0
235989,0
235990,0
235991,0
235992,0
235993,0
235994,0
235995,0
235996,0
235997,0
235998,0
235999,0
236000,0
236001,0
236002,0
236003,0
236004,0
236005,0
236006,0
236007,0
236008,0
236009,0
236010,0
236011,0
236012,0
236013,0
236014,0
236015,0
236016,0
236017,0
236018,0
236019,0
236020,0
236021,0
236022,0
236023,0
236024,0
236025,0
236026,0
236027,0
236028,0
236029,0
236030,0
236031,0
236032,0
236033,0
236034,0
236035,0
236036,0
236037,0
236038,0
236039,0
236040,0
236041,0
236042,0
236043,0
236044,0
236045,0
236046,0
236047,0
236048,0
236049,0
236050,0
236051,0
236052,0
236053,0
236054,0
236055,0
236056,0
236057,0
236058,0
236059,0
236060,0
236061,0
236062,0
236063,0
236064,0
236065,0
236066,0
236067,0
236068,0
236069,0
236070,0
236071,0
236072,0
236073,0
236074,0
236075,0
236076,0
236077,0
236078,0
236079,0
236080,0
236081,0
236082,0
236083,0
236084,0
236085,0
236086,0
236087,0
236088,0
236089,0
236090,0
236091,0
236092,0
236093,0
236094,0
236095,0
236096,0
236097,0
236098,0
236099,0
236100,0
236101,0
236102,0
236103,0
236104,0
236105,0
236106,0
236107,0
236108,0
236109,0
236110,0
236111,0
236112,0
236113,0
236114,0
236115,0
236116,0
236117,0
236118,0
236119,0
236120,0
236121,0
236122,0
236123,0
236124,0
236125,0
236126,0
236127,0
236128,0
236129,0
236130,0
236131,0
236132,0
236133,0
236134,0
236135,0
236136,0
236137,0
236138,0
236139,0
236140,0
236141,0
236142,0
236143,0
236144,0
236145,0
236146,0
236147,0
236148,0
236149,0
236150,0
236151,0
236152,0
236153,0
236154,0
236155,0
236156,0
236157,0
236158,0
236159,0
236160,0
236161,0
236162,0
236163,0
236164,0
236165,0
236166,0
236167,0
236168,0
236169,0
236170,0
236171,0
236172,0
236173,0
236174,0
236175,0
236176,0
236177,0
236178,0
236179,0
236180,0
236181,0
236182,0
236183,0
236184,0
236185,0
236186,0
236187,0
236188,0
236189,0
236190,0
236191,0
236192,0
236193,0
236194,0
236195,0
236196,0
236197,0
236198,0
236199,0
236200,0
236201,0
236202,0
236203,0
236204,0
236205,0
236206,0
236207,0
236208,0
236209,0
236210,0
236211,0
236212,0
236213,0
236214,0
236215,0
236216,0
236217,0
236218,0
236219,0
236220,0
236221,0
236222,0
236223,0
236224,0
236225,0
236226,0
236227,0
236228,0
236229,0
236230,0
236231,0
236232,0
236233,0
236234,0
236235,0
236236,0
236237,0
236238,0
236239,0
236240,0
236241,0
236242,0
236243,0
236244,0
236245,0
236246,0
236247,0
236248,0
236249,0
236250,0
236251,0
236252,0
236253,0
236254,0
236255,0
236256,0
236257,0
236258,0
236259,0
236260,0
236261,0
236262,0
236263,0
236264,0
236265,0
236266,0
236267,0
236268,0
236269,0
236270,0
236271,0
236272,0
236273,0
236274,0
236275,0
236276,0
236277,0
236278,0
236279,0
236280,0
236281,0
236282,0
236283,0
236284,0
236285,0
236286,0
236287,0
236288,0
236289,0
236290,0
236291,0
236292,0
236293,0
236294,0
236295,0
236296,0
236297,0
236298,0
236299,0
236300,0
236301,0
236302,0
236303,0
236304,0
236305,0
236306,0
236307,0
236308,0
236309,0
236310,0
236311,0
236312,0
236313,0
236314,0
236315,0
236316,0
236317,0
236318,0
236319,0
236320,0
236321,0
236322,0
236323,0
236324,0
236325,0
236326,0
236327,0
236328,0
236329,0
236330,0
236331,0
236332,0
236333,0
236334,0
236335,0
236336,0
236337,0
236338,0
236339,0
236340,0
236341,0
236342,0
236343,0
236344,0
236345,0
236346,0
236347,0
236348,0
236349,0
236350,0
236351,0
236352,0
236353,0
236354,0
236355,0
236356,0
236357,0
236358,0
236359,0
236360,0
236361,0
236362,0
236363,0
236364,0
236365,0
236366,0
236367,0
236368,0
236369,0
236370,0
236371,0
236372,0
236373,0
236374,0
236375,0
236376,0
236377,0
236378,0
236379,0
236380,0
236381,0
236382,0
236383,0
236384,0
236385,0
236386,0
236387,0
236388,0
236389,0
236390,0
236391,0
236392,0
236393,0
236394,0
236395,0
236396,0
236397,0
236398,0
236399,0
236400,0
236401,0
236402,0
236403,0
236404,0
236405,0
236406,0
236407,0
236408,0
236409,0
236410,0
236411,0
236412,0
236413,0
236414,0
236415,0
236416,0
236417,0
236418,0
236419,0
236420,0
236421,0
236422,0
236423,0
236424,0
236425,0
236426,0
236427,0
236428,0
236429,0
236430,0
236431,0
236432,0
236433,0
236434,0
236435,0
236436,0
236437,0
236438,0
236439,0
236440,0
236441,0
236442,0
236443,0
236444,0
236445,0
236446,0
236447,0
236448,0
236449,0
236450,0
236451,0
236452,0
236453,0
236454,0
236455,0
236456,0
236457,0
236458,0
236459,0
236460,0
236461,0
236462,0
236463,0
236464,0
236465,0
236466,0
236467,0
236468,0
236469,0
236470,0
236471,0
236472,0
236473,0
236474,0
236475,0
236476,0
236477,0
236478,0
236479,0
236480,0
236481,0
236482,0
236483,0
236484,0
236485,0
236486,0
236487,0
236488,0
236489,0
236490,0
236491,0
236492,0
236493,0
236494,0
236495,0
236496,0
236497,0
236498,0
236499,0
236500,0
236501,0
236502,0
236503,0
236504,0
236505,0
236506,0
236507,0
236508,0
236509,0
236510,0
236511,0
236512,0
236513,0
236514,0
236515,0
236516,0
236517,0
236518,0
236519,0
236520,0
236521,0
236522,0
236523,0
236524,0
236525,0
236526,0
236527,0
236528,0
236529,0
236530,0
236531,0
236532,0
236533,0
236534,0
236535,0
236536,0
236537,0
236538,0
236539,0
236540,0
236541,0
236542,0
236543,0
236544,0
236545,0
236546,0
236547,0
236548,0
236549,0
236550,0
236551,0
236552,0
236553,0
236554,0
236555,0
236556,0
236557,0
236558,0
236559,0
236560,0
236561,0
236562,0
236563,0
236564,0
236565,0
236566,0
236567,0
236568,0
236569,0
236570,0
236571,0
236572,0
236573,0
236574,0
236575,0
236576,0
236577,0
236578,0
236579,0
236580,0
236581,0
236582,0
236583,0
236584,0
236585,0
236586,0
236587,0
236588,0
236589,0
236590,0
236591,0
236592,0
236593,0
236594,0
236595,0
236596,0
236597,0
236598,0
236599,0
236600,0
236601,0
236602,0
236603,0
236604,0
236605,0
236606,0
236607,0
236608,0
236609,0
236610,0
236611,0
236612,0
236613,0
236614,0
236615,0
236616,0
236617,0
236618,0
236619,0
236620,0
236621,0
236622,0
236623,0
236624,0
236625,0
236626,0
236627,0
236628,0
236629,0
236630,0
236631,0
236632,0
236633,0
236634,0
236635,0
236636,0
236637,0
236638,0
236639,0
236640,0
236641,0
236642,0
236643,0
236644,0
236645,0
236646,0
236647,0
236648,0
236649,0
236650,0
236651,0
236652,0
236653,0
236654,0
236655,0
236656,0
236657,0
236658,0
236659,0
236660,0
236661,0
236662,0
236663,0
236664,0
236665,0
236666,0
236667,0
236668,0
236669,0
236670,0
236671,0
236672,0
236673,0
236674,0
236675,0
236676,0
236677,0
236678,0
236679,0
236680,0
236681,0
236682,0
236683,0
236684,0
236685,0
236686,0
236687,0
236688,0
236689,0
236690,0
236691,0
236692,0
236693,0
236694,0
236695,0
236696,0
236697,0
236698,0
236699,0
236700,0
236701,0
236702,0
236703,0
236704,0
236705,0
236706,0
236707,0
236708,0
236709,0
236710,0
236711,0
236712,0
236713,0
236714,0
236715,0
236716,0
236717,0
236718,0
236719,0
236720,0
236721,0
236722,0
236723,0
236724,0
236725,0
236726,0
236727,0
236728,0
236729,0
236730,0
236731,0
236732,0
236733,0
236734,0
236735,0
236736,0
236737,0
236738,0
236739,0
236740,0
236741,0
236742,0
236743,0
236744,0
236745,0
236746,0
236747,0
236748,0
236749,0
236750,0
236751,0
236752,0
236753,0
236754,0
236755,0
236756,0
236757,0
236758,0
236759,0
236760,0
236761,0
236762,0
236763,0
236764,0
236765,0
236766,0
236767,0
236768,0
236769,0
236770,0
236771,0
236772,0
236773,0
236774,0
236775,0
236776,0
236777,0
236778,0
236779,0
236780,0
236781,0
236782,0
236783,0
236784,0
236785,0
236786,0
236787,0
236788,0
236789,0
236790,0
236791,0
236792,0
236793,0
236794,0
236795,0
236796,0
236797,0
236798,0
236799,0
236800,0
236801,0
236802,0
236803,0
236804,0
236805,0
236806,0
236807,0
236808,0
236809,0
236810,0
236811,0
236812,0
236813,0
236814,0
236815,0
236816,0
236817,0
236818,0
236819,0
236820,0
236821,0
236822,0
236823,0
236824,0
236825,0
236826,0
236827,0
236828,0
236829,0
236830,0
236831,0
236832,0
236833,0
236834,0
236835,0
236836,0
236837,0
236838,0
236839,0
236840,0
236841,0
236842,0
236843,0
236844,0
236845,0
236846,0
236847,0
236848,0
236849,0
236850,0
236851,0
236852,0
236853,0
236854,0
236855,0
236856,0
236857,0
236858,0
236859,0
236860,0
236861,0
236862,0
236863,0
236864,0
236865,0
236866,0
236867,0
236868,0
236869,0
236870,0
236871,0
236872,0
236873,0
236874,0
236875,0
236876,0
236877,0
236878,0
236879,0
236880,0
236881,0
236882,0
236883,0
236884,0
236885,0
236886,0
236887,0
236888,0
236889,0
236890,0
236891,0
236892,0
236893,0
236894,0
236895,0
236896,0
236897,0
236898,0
236899,0
236900,0
236901,0
236902,0
236903,0
236904,0
236905,0
236906,0
236907,0
236908,0
236909,0
236910,0
236911,0
236912,0
236913,0
236914,0
236915,0
236916,0
236917,0
236918,0
236919,0
236920,0
236921,0
236922,0
236923,0
236924,0
236925,0
236926,0
236927,0
236928,0
236929,0
236930,0
236931,0
236932,0
236933,0
236934,0
236935,0
236936,0
236937,0
236938,0
236939,0
236940,0
236941,0
236942,0
236943,0
236944,0
236945,0
236946,0
236947,0
236948,0
236949,0
236950,0
236951,0
236952,0
236953,0
236954,0
236955,0
236956,0
236957,0
236958,0
236959,0
236960,0
236961,0
236962,0
236963,0
236964,0
236965,0
236966,0
236967,0
236968,0
236969,0
236970,0
236971,0
236972,0
236973,0
236974,0
236975,0
236976,0
236977,0
236978,0
236979,0
236980,0
236981,0
236982,0
236983,0
236984,0
236985,0
236986,0
236987,0
236988,0
236989,0
236990,0
236991,0
236992,0
236993,0
236994,0
236995,0
236996,0
236997,0
236998,0
236999,0
237000,0
237001,0
237002,0
237003,0
237004,0
237005,0
237006,0
237007,0
237008,0
237009,0
237010,0
237011,0
237012,0
237013,0
237014,0
237015,0
237016,0
237017,0
237018,0
237019,0
237020,0
237021,0
237022,0
237023,0
237024,0
237025,0
237026,0
237027,0
237028,0
237029,0
237030,0
237031,0
237032,0
237033,0
237034,0
237035,0
237036,0
237037,0
237038,0
237039,0
237040,0
237041,0
237042,0
237043,0
237044,0
237045,0
237046,0
237047,0
237048,0
237049,0
237050,0
237051,0
237052,0
237053,0
237054,0
237055,0
237056,0
237057,0
237058,0
237059,0
237060,0
237061,0
237062,0
237063,0
237064,0
237065,0
237066,0
237067,0
237068,0
237069,0
237070,0
237071,0
237072,0
237073,0
237074,0
237075,0
237076,0
237077,0
237078,0
237079,0
237080,0
237081,0
237082,0
237083,0
237084,0
237085,0
237086,0
237087,0
237088,0
237089,0
237090,0
237091,0
237092,0
237093,0
237094,0
237095,0
237096,0
237097,0
237098,0
237099,0
237100,0
237101,0
237102,0
237103,0
237104,0
237105,0
237106,0
237107,0
237108,0
237109,0
237110,0
237111,0
237112,0
237113,0
237114,0
237115,0
237116,0
237117,0
237118,0
237119,0
237120,0
237121,0
237122,0
237123,0
237124,0
237125,0
237126,0
237127,0
237128,0
237129,0
237130,0
237131,0
237132,0
237133,0
237134,0
237135,0
237136,0
237137,0
237138,0
237139,0
237140,0
237141,0
237142,0
237143,0
237144,0
237145,0
237146,0
237147,0
237148,0
237149,0
237150,0
237151,0
237152,0
237153,0
237154,0
237155,0
237156,0
237157,0
237158,0
237159,0
237160,0
237161,0
237162,0
237163,0
237164,0
237165,0
237166,0
237167,0
237168,0
237169,0
237170,0
237171,0
237172,0
237173,0
237174,0
237175,0
237176,0
237177,0
237178,0
237179,0
237180,0
237181,0
237182,0
237183,0
237184,0
237185,0
237186,0
237187,0
237188,0
237189,0
237190,0
237191,0
237192,0
237193,0
237194,0
237195,0
237196,0
237197,0
237198,0
237199,0
237200,0
237201,0
237202,0
237203,0
237204,0
237205,0
237206,0
237207,0
237208,0
237209,0
237210,0
237211,0
237212,0
237213,0
237214,0
237215,0
237216,0
237217,0
237218,0
237219,0
237220,0
237221,0
237222,0
237223,0
237224,0
237225,0
237226,0
237227,0
237228,0
237229,0
237230,0
237231,0
237232,0
237233,0
237234,0
237235,0
237236,0
237237,0
237238,0
237239,0
237240,0
237241,0
237242,0
237243,0
237244,0
237245,0
237246,0
237247,0
237248,0
237249,0
237250,0
237251,0
237252,0
237253,0
237254,0
237255,0
237256,0
237257,0
237258,0
237259,0
237260,0
237261,0
237262,0
237263,0
237264,0
237265,0
237266,0
237267,0
237268,0
237269,0
237270,0
237271,0
237272,0
237273,0
237274,0
237275,0
237276,0
237277,0
237278,0
237279,0
237280,0
237281,0
237282,0
237283,0
237284,0
237285,0
237286,0
237287,0
237288,0
237289,0
237290,0
237291,0
237292,0
237293,0
237294,0
237295,0
237296,0
237297,0
237298,0
237299,0
237300,0
237301,0
237302,0
237303,0
237304,0
237305,0
237306,0
237307,0
237308,0
237309,0
237310,0
237311,0
237312,0
237313,0
237314,0
237315,0
237316,0
237317,0
237318,0
237319,0
237320,0
237321,0
237322,0
237323,0
237324,0
237325,0
237326,0
237327,0
237328,0
237329,0
237330,0
237331,0
237332,0
237333,0
237334,0
237335,0
237336,0
237337,0
237338,0
237339,0
237340,0
237341,0
237342,0
237343,0
237344,0
237345,0
237346,0
237347,0
237348,0
237349,0
237350,0
237351,0
237352,0
237353,0
237354,0
237355,0
237356,0
237357,0
237358,0
237359,0
237360,0
237361,0
237362,0
237363,0
237364,0
237365,0
237366,0
237367,0
237368,0
237369,0
237370,0
237371,0
237372,0
237373,0
237374,0
237375,0
237376,0
237377,0
237378,0
237379,0
237380,0
237381,0
237382,0
237383,0
237384,0
237385,0
237386,0
237387,0
237388,0
237389,0
237390,0
237391,0
237392,0
237393,0
237394,0
237395,0
237396,0
237397,0
237398,0
237399,0
237400,0
237401,0
237402,0
237403,0
237404,0
237405,0
237406,0
237407,0
237408,0
237409,0
237410,0
237411,0
237412,0
237413,0
237414,0
237415,0
237416,0
237417,0
237418,0
237419,0
237420,0
237421,0
237422,0
237423,0
237424,0
237425,0
237426,0
237427,0
237428,0
237429,0
237430,0
237431,0
237432,0
237433,0
237434,0
237435,0
237436,0
237437,0
237438,0
237439,0
237440,0
237441,0
237442,0
237443,0
237444,0
237445,0
237446,0
237447,0
237448,0
237449,0
237450,0
237451,0
237452,0
237453,0
237454,0
237455,0
237456,0
237457,0
237458,0
237459,0
237460,0
237461,0
237462,0
237463,0
237464,0
237465,0
237466,0
237467,0
237468,0
237469,0
237470,0
237471,0
237472,0
237473,0
237474,0
237475,0
237476,0
237477,0
237478,0
237479,0
237480,0
237481,0
237482,0
237483,0
237484,0
237485,0
237486,0
237487,0
237488,0
237489,0
237490,0
237491,0
237492,0
237493,0
237494,0
237495,0
237496,0
237497,0
237498,0
237499,0
237500,0
237501,0
237502,0
237503,0
237504,0
237505,0
237506,0
237507,0
237508,0
237509,0
237510,0
237511,0
237512,0
237513,0
237514,0
237515,0
237516,0
237517,0
237518,0
237519,0
237520,0
237521,0
237522,0
237523,0
237524,0
237525,0
237526,0
237527,0
237528,0
237529,0
237530,0
237531,0
237532,0
237533,0
237534,0
237535,0
237536,0
237537,0
237538,0
237539,0
237540,0
237541,0
237542,0
237543,0
237544,0
237545,0
237546,0
237547,0
237548,0
237549,0
237550,0
237551,0
237552,0
237553,0
237554,0
237555,0
237556,0
237557,0
237558,0
237559,0
237560,0
237561,0
237562,0
237563,0
237564,0
237565,0
237566,0
237567,0
237568,0
237569,0
237570,0
237571,0
237572,0
237573,0
237574,0
237575,0
237576,0
237577,0
237578,0
237579,0
237580,0
237581,0
237582,0
237583,0
237584,0
237585,0
237586,0
237587,0
237588,0
237589,0
237590,0
237591,0
237592,0
237593,0
237594,0
237595,0
237596,0
237597,0
237598,0
237599,0
237600,0
237601,0
237602,0
237603,0
237604,0
237605,0
237606,0
237607,0
237608,0
237609,0
237610,0
237611,0
237612,0
237613,0
237614,0
237615,0
237616,0
237617,0
237618,0
237619,0
237620,0
237621,0
237622,0
237623,0
237624,0
237625,0
237626,0
237627,0
237628,0
237629,0
237630,0
237631,0
237632,0
237633,0
237634,0
237635,0
237636,0
237637,0
237638,0
237639,0
237640,0
237641,0
237642,0
237643,0
237644,0
237645,0
237646,0
237647,0
237648,0
237649,0
237650,0
237651,0
237652,0
237653,0
237654,0
237655,0
237656,0
237657,0
237658,0
237659,0
237660,0
237661,0
237662,0
237663,0
237664,0
237665,0
237666,0
237667,0
237668,0
237669,0
237670,0
237671,0
237672,0
237673,0
237674,0
237675,0
237676,0
237677,0
237678,0
237679,0
237680,0
237681,0
237682,0
237683,0
237684,0
237685,0
237686,0
237687,0
237688,0
237689,0
237690,0
237691,0
237692,0
237693,0
237694,0
237695,0
237696,0
237697,0
237698,0
237699,0
237700,0
237701,0
237702,0
237703,0
237704,0
237705,0
237706,0
237707,0
237708,0
237709,0
237710,0
237711,0
237712,0
237713,0
237714,0
237715,0
237716,0
237717,0
237718,0
237719,0
237720,0
237721,0
237722,0
237723,0
237724,0
237725,0
237726,0
237727,0
237728,0
237729,0
237730,0
237731,0
237732,0
237733,0
237734,0
237735,0
237736,0
237737,0
237738,0
237739,0
237740,0
237741,0
237742,0
237743,0
237744,0
237745,0
237746,0
237747,0
237748,0
237749,0
237750,0
237751,0
237752,0
237753,0
237754,0
237755,0
237756,0
237757,0
237758,0
237759,0
237760,0
237761,0
237762,0
237763,0
237764,0
237765,0
237766,0
237767,0
237768,0
237769,0
237770,0
237771,0
237772,0
237773,0
237774,0
237775,0
237776,0
237777,0
237778,0
237779,0
237780,0
237781,0
237782,0
237783,0
237784,0
237785,0
237786,0
237787,0
237788,0
237789,0
237790,0
237791,0
237792,0
237793,0
237794,0
237795,0
237796,0
237797,0
237798,0
237799,0
237800,0
237801,0
237802,0
237803,0
237804,0
237805,0
237806,0
237807,0
237808,0
237809,0
237810,0
237811,0
237812,0
237813,0
237814,0
237815,0
237816,0
237817,0
237818,0
237819,0
237820,0
237821,0
237822,0
237823,0
237824,0
237825,0
237826,0
237827,0
237828,0
237829,0
237830,0
237831,0
237832,0
237833,0
237834,0
237835,0
237836,0
237837,0
237838,0
237839,0
237840,0
237841,0
237842,0
237843,0
237844,0
237845,0
237846,0
237847,0
237848,0
237849,0
237850,0
237851,0
237852,0
237853,0
237854,0
237855,0
237856,0
237857,0
237858,0
237859,0
237860,0
237861,0
237862,0
237863,0
237864,0
237865,0
237866,0
237867,0
237868,0
237869,0
237870,0
237871,0
237872,0
237873,0
237874,0
237875,0
237876,0
237877,0
237878,0
237879,0
237880,0
237881,0
237882,0
237883,0
237884,0
237885,0
237886,0
237887,0
237888,0
237889,0
237890,0
237891,0
237892,0
237893,0
237894,0
237895,0
237896,0
237897,0
237898,0
237899,0
237900,0
237901,0
237902,0
237903,0
237904,0
237905,0
237906,0
237907,0
237908,0
237909,0
237910,0
237911,0
237912,0
237913,0
237914,0
237915,0
237916,0
237917,0
237918,0
237919,0
237920,0
237921,0
237922,0
237923,0
237924,0
237925,0
237926,0
237927,0
237928,0
237929,0
237930,0
237931,0
237932,0
237933,0
237934,0
237935,0
237936,0
237937,0
237938,0
237939,0
237940,0
237941,0
237942,0
237943,0
237944,0
237945,0
237946,0
237947,0
237948,0
237949,0
237950,0
237951,0
237952,0
237953,0
237954,0
237955,0
237956,0
237957,0
237958,0
237959,0
237960,0
237961,0
237962,0
237963,0
237964,0
237965,0
237966,0
237967,0
237968,0
237969,0
237970,0
237971,0
237972,0
237973,0
237974,0
237975,0
237976,0
237977,0
237978,0
237979,0
237980,0
237981,0
237982,0
237983,0
237984,0
237985,0
237986,0
237987,0
237988,0
237989,0
237990,0
237991,0
237992,0
237993,0
237994,0
237995,0
237996,0
237997,0
237998,0
237999,0
238000,0
238001,0
238002,0
238003,0
238004,0
238005,0
238006,0
238007,0
238008,0
238009,0
238010,0
238011,0
238012,0
238013,0
238014,0
238015,0
238016,0
238017,0
238018,0
238019,0
238020,0
238021,0
238022,0
238023,0
238024,0
238025,0
238026,0
238027,0
238028,0
238029,0
238030,0
238031,0
238032,0
238033,0
238034,0
238035,0
238036,0
238037,0
238038,0
238039,0
238040,0
238041,0
238042,0
238043,0
238044,0
238045,0
238046,0
238047,0
238048,0
238049,0
238050,0
238051,0
238052,0
238053,0
238054,0
238055,0
238056,0
238057,0
238058,0
238059,0
238060,0
238061,0
238062,0
238063,0
238064,0
238065,0
238066,0
238067,0
238068,0
238069,0
238070,0
238071,0
238072,0
238073,0
238074,0
238075,0
238076,0
238077,0
238078,0
238079,0
238080,0
238081,0
238082,0
238083,0
238084,0
238085,0
238086,0
238087,0
238088,0
238089,0
238090,0
238091,0
238092,0
238093,0
238094,0
238095,0
238096,0
238097,0
238098,0
238099,0
238100,0
238101,0
238102,0
238103,0
238104,0
238105,0
238106,0
238107,0
238108,0
238109,0
238110,0
238111,0
238112,0
238113,0
238114,0
238115,0
238116,0
238117,0
238118,0
238119,0
238120,0
238121,0
238122,0
238123,0
238124,0
238125,0
238126,0
238127,0
238128,0
238129,0
238130,0
238131,0
238132,0
238133,0
238134,0
238135,0
238136,0
238137,0
238138,0
238139,0
238140,0
238141,0
238142,0
238143,0
238144,0
238145,0
238146,0
238147,0
238148,0
238149,0
238150,0
238151,0
238152,0
238153,0
238154,0
238155,0
238156,0
238157,0
238158,0
238159,0
238160,0
238161,0
238162,0
238163,0
238164,0
238165,0
238166,0
238167,0
238168,0
238169,0
238170,0
238171,0
238172,0
238173,0
238174,0
238175,0
238176,0
238177,0
238178,0
238179,0
238180,0
238181,0
238182,0
238183,0
238184,0
238185,0
238186,0
238187,0
238188,0
238189,0
238190,0
238191,0
238192,0
238193,0
238194,0
238195,0
238196,0
238197,0
238198,0
238199,0
238200,0
238201,0
238202,0
238203,0
238204,0
238205,0
238206,0
238207,0
238208,0
238209,0
238210,0
238211,0
238212,0
238213,0
238214,0
238215,0
238216,0
238217,0
238218,0
238219,0
238220,0
238221,0
238222,0
238223,0
238224,0
238225,0
238226,0
238227,0
238228,0
238229,0
238230,0
238231,0
238232,0
238233,0
238234,0
238235,0
238236,0
238237,0
238238,0
238239,0
238240,0
238241,0
238242,0
238243,0
238244,0
238245,0
238246,0
238247,0
238248,0
238249,0
238250,0
238251,0
238252,0
238253,0
238254,0
238255,0
238256,0
238257,0
238258,0
238259,0
238260,0
238261,0
238262,0
238263,0
238264,0
238265,0
238266,0
238267,0
238268,0
238269,0
238270,0
238271,0
238272,0
238273,0
238274,0
238275,0
238276,0
238277,0
238278,0
238279,0
238280,0
238281,0
238282,0
238283,0
238284,0
238285,0
238286,0
238287,0
238288,0
238289,0
238290,0
238291,0
238292,0
238293,0
238294,0
238295,0
238296,0
238297,0
238298,0
238299,0
238300,0
238301,0
238302,0
238303,0
238304,0
238305,0
238306,0
238307,0
238308,0
238309,0
238310,0
238311,0
238312,0
238313,0
238314,0
238315,0
238316,0
238317,0
238318,0
238319,0
238320,0
238321,0
238322,0
238323,0
238324,0
238325,0
238326,0
238327,0
238328,0
238329,0
238330,0
238331,0
238332,0
238333,0
238334,0
238335,0
238336,0
238337,0
238338,0
238339,0
238340,0
238341,0
238342,0
238343,0
238344,0
238345,0
238346,0
238347,0
238348,0
238349,0
238350,0
238351,0
238352,0
238353,0
238354,0
238355,0
238356,0
238357,0
238358,0
238359,0
238360,0
238361,0
238362,0
238363,0
238364,0
238365,0
238366,0
238367,0
238368,0
238369,0
238370,0
238371,0
238372,0
238373,0
238374,0
238375,0
238376,0
238377,0
238378,0
238379,0
238380,0
238381,0
238382,0
238383,0
238384,0
238385,0
238386,0
238387,0
238388,0
238389,0
238390,0
238391,0
238392,0
238393,0
238394,0
238395,0
238396,0
238397,0
238398,0
238399,0
238400,0
238401,0
238402,0
238403,0
238404,0
238405,0
238406,0
238407,0
238408,0
238409,0
238410,0
238411,0
238412,0
238413,0
238414,0
238415,0
238416,0
238417,0
238418,0
238419,0
238420,0
238421,0
238422,0
238423,0
238424,0
238425,0
238426,0
238427,0
238428,0
238429,0
238430,0
238431,0
238432,0
238433,0
238434,0
238435,0
238436,0
238437,0
238438,0
238439,0
238440,0
238441,0
238442,0
238443,0
238444,0
238445,0
238446,0
238447,0
238448,0
238449,0
238450,0
238451,0
238452,0
238453,0
238454,0
238455,0
238456,0
238457,0
238458,0
238459,0
238460,0
238461,0
238462,0
238463,0
238464,0
238465,0
238466,0
238467,0
238468,0
238469,0
238470,0
238471,0
238472,0
238473,0
238474,0
238475,0
238476,0
238477,0
238478,0
238479,0
238480,0
238481,0
238482,0
238483,0
238484,0
238485,0
238486,0
238487,0
238488,0
238489,0
238490,0
238491,0
238492,0
238493,0
238494,0
238495,0
238496,0
238497,0
238498,0
238499,0
238500,0
238501,0
238502,0
238503,0
238504,0
238505,0
238506,0
238507,0
238508,0
238509,0
238510,0
238511,0
238512,0
238513,0
238514,0
238515,0
238516,0
238517,0
238518,0
238519,0
238520,0
238521,0
238522,0
238523,0
238524,0
238525,0
238526,0
238527,0
238528,0
238529,0
238530,0
238531,0
238532,0
238533,0
238534,0
238535,0
238536,0
238537,0
238538,0
238539,0
238540,0
238541,0
238542,0
238543,0
238544,0
238545,0
238546,0
238547,0
238548,0
238549,0
238550,0
238551,0
238552,0
238553,0
238554,0
238555,0
238556,0
238557,0
238558,0
238559,0
238560,0
238561,0
238562,0
238563,0
238564,0
238565,0
238566,0
238567,0
238568,0
238569,0
238570,0
238571,0
238572,0
238573,0
238574,0
238575,0
238576,0
238577,0
238578,0
238579,0
238580,0
238581,0
238582,0
238583,0
238584,0
238585,0
238586,0
238587,0
238588,0
238589,0
238590,0
238591,0
238592,0
238593,0
238594,0
238595,0
238596,0
238597,0
238598,0
238599,0
238600,0
238601,0
238602,0
238603,0
238604,0
238605,0
238606,0
238607,0
238608,0
238609,0
238610,0
238611,0
238612,0
238613,0
238614,0
238615,0
238616,0
238617,0
238618,0
238619,0
238620,0
238621,0
238622,0
238623,0
238624,0
238625,0
238626,0
238627,0
238628,0
238629,0
238630,0
238631,0
238632,0
238633,0
238634,0
238635,0
238636,0
238637,0
238638,0
238639,0
238640,0
238641,0
238642,0
238643,0
238644,0
238645,0
238646,0
238647,0
238648,0
238649,0
238650,0
238651,0
238652,0
238653,0
238654,0
238655,0
238656,0
238657,0
238658,0
238659,0
238660,0
238661,0
238662,0
238663,0
238664,0
238665,0
238666,0
238667,0
238668,0
238669,0
238670,0
238671,0
238672,0
238673,0
238674,0
238675,0
238676,0
238677,0
238678,0
238679,0
238680,0
238681,0
238682,0
238683,0
238684,0
238685,0
238686,0
238687,0
238688,0
238689,0
238690,0
238691,0
238692,0
238693,0
238694,0
238695,0
238696,0
238697,0
238698,0
238699,0
238700,0
238701,0
238702,0
238703,0
238704,0
238705,0
238706,0
238707,0
238708,0
238709,0
238710,0
238711,0
238712,0
238713,0
238714,0
238715,0
238716,0
238717,0
238718,0
238719,0
238720,0
238721,0
238722,0
238723,0
238724,0
238725,0
238726,0
238727,0
238728,0
238729,0
238730,0
238731,0
238732,0
238733,0
238734,0
238735,0
238736,0
238737,0
238738,0
238739,0
238740,0
238741,0
238742,0
238743,0
238744,0
238745,0
238746,0
238747,0
238748,0
238749,0
238750,0
238751,0
238752,0
238753,0
238754,0
238755,0
238756,0
238757,0
238758,0
238759,0
238760,0
238761,0
238762,0
238763,0
238764,0
238765,0
238766,0
238767,0
238768,0
238769,0
238770,0
238771,0
238772,0
238773,0
238774,0
238775,0
238776,0
238777,0
238778,0
238779,0
238780,0
238781,0
238782,0
238783,0
238784,0
238785,0
238786,0
238787,0
238788,0
238789,0
238790,0
238791,0
238792,0
238793,0
238794,0
238795,0
238796,0
238797,0
238798,0
238799,0
238800,0
238801,0
238802,0
238803,0
238804,0
238805,0
238806,0
238807,0
238808,0
238809,0
238810,0
238811,0
238812,0
238813,0
238814,0
238815,0
238816,0
238817,0
238818,0
238819,0
238820,0
238821,0
238822,0
238823,0
238824,0
238825,0
238826,0
238827,0
238828,0
238829,0
238830,0
238831,0
238832,0
238833,0
238834,0
238835,0
238836,0
238837,0
238838,0
238839,0
238840,0
238841,0
238842,0
238843,0
238844,0
238845,0
238846,0
238847,0
238848,0
238849,0
238850,0
238851,0
238852,0
238853,0
238854,0
238855,0
238856,0
238857,0
238858,0
238859,0
238860,0
238861,0
238862,0
238863,0
238864,0
238865,0
238866,0
238867,0
238868,0
238869,0
238870,0
238871,0
238872,0
238873,0
238874,0
238875,0
238876,0
238877,0
238878,0
238879,0
238880,0
238881,0
238882,0
238883,0
238884,0
238885,0
238886,0
238887,0
238888,0
238889,0
238890,0
238891,0
238892,0
238893,0
238894,0
238895,0
238896,0
238897,0
238898,0
238899,0
238900,0
238901,0
238902,0
238903,0
238904,0
238905,0
238906,0
238907,0
238908,0
238909,0
238910,0
238911,0
238912,0
238913,0
238914,0
238915,0
238916,0
238917,0
238918,0
238919,0
238920,0
238921,0
238922,0
238923,0
238924,0
238925,0
238926,0
238927,0
238928,0
238929,0
238930,0
238931,0
238932,0
238933,0
238934,0
238935,0
238936,0
238937,0
238938,0
238939,0
238940,0
238941,0
238942,0
238943,0
238944,0
238945,0
238946,0
238947,0
238948,0
238949,0
238950,0
238951,0
238952,0
238953,0
238954,0
238955,0
238956,0
238957,0
238958,0
238959,0
238960,0
238961,0
238962,0
238963,0
238964,0
238965,0
238966,0
238967,0
238968,0
238969,0
238970,0
238971,0
238972,0
238973,0
238974,0
238975,0
238976,0
238977,0
238978,0
238979,0
238980,0
238981,0
238982,0
238983,0
238984,0
238985,0
238986,0
238987,0
238988,0
238989,0
238990,0
238991,0
238992,0
238993,0
238994,0
238995,0
238996,0
238997,0
238998,0
238999,0
239000,0
239001,0
239002,0
239003,0
239004,0
239005,0
239006,0
239007,0
239008,0
239009,0
239010,0
239011,0
239012,0
239013,0
239014,0
239015,0
239016,0
239017,0
239018,0
239019,0
239020,0
239021,0
239022,0
239023,0
239024,0
239025,0
239026,0
239027,0
239028,0
239029,0
239030,0
239031,0
239032,0
239033,0
239034,0
239035,0
239036,0
239037,0
239038,0
239039,0
239040,0
239041,0
239042,0
239043,0
239044,0
239045,0
239046,0
239047,0
239048,0
239049,0
239050,0
239051,0
239052,0
239053,0
239054,0
239055,0
239056,0
239057,0
239058,0
239059,0
239060,0
239061,0
239062,0
239063,0
239064,0
239065,0
239066,0
239067,0
239068,0
239069,0
239070,0
239071,0
239072,0
239073,0
239074,0
239075,0
239076,0
239077,0
239078,0
239079,0
239080,0
239081,0
239082,0
239083,0
239084,0
239085,0
239086,0
239087,0
239088,0
239089,0
239090,0
239091,0
239092,0
239093,0
239094,0
239095,0
239096,0
239097,0
239098,0
239099,0
239100,0
239101,0
239102,0
239103,0
239104,0
239105,0
239106,0
239107,0
239108,0
239109,0
239110,0
239111,0
239112,0
239113,0
239114,0
239115,0
239116,0
239117,0
239118,0
239119,0
239120,0
239121,0
239122,0
239123,0
239124,0
239125,0
239126,0
239127,0
239128,0
239129,0
239130,0
239131,0
239132,0
239133,0
239134,0
239135,0
239136,0
239137,0
239138,0
239139,0
239140,0
239141,0
239142,0
239143,0
239144,0
239145,0
239146,0
239147,0
239148,0
239149,0
239150,0
239151,0
239152,0
239153,0
239154,0
239155,0
239156,0
239157,0
239158,0
239159,0
239160,0
239161,0
239162,0
239163,0
239164,0
239165,0
239166,0
239167,0
239168,0
239169,0
239170,0
239171,0
239172,0
239173,0
239174,0
239175,0
239176,0
239177,0
239178,0
239179,0
239180,0
239181,0
239182,0
239183,0
239184,0
239185,0
239186,0
239187,0
239188,0
239189,0
239190,0
239191,0
239192,0
239193,0
239194,0
239195,0
239196,0
239197,0
239198,0
239199,0
239200,0
239201,0
239202,0
239203,0
239204,0
239205,0
239206,0
239207,0
239208,0
239209,0
239210,0
239211,0
239212,0
239213,0
239214,0
239215,0
239216,0
239217,0
239218,0
239219,0
239220,0
239221,0
239222,0
239223,0
239224,0
239225,0
239226,0
239227,0
239228,0
239229,0
239230,0
239231,0
239232,0
239233,0
239234,0
239235,0
239236,0
239237,0
239238,0
239239,0
239240,0
239241,0
239242,0
239243,0
239244,0
239245,0
239246,0
239247,0
239248,0
239249,0
239250,0
239251,0
239252,0
239253,0
239254,0
239255,0
239256,0
239257,0
239258,0
239259,0
239260,0
239261,0
239262,0
239263,0
239264,0
239265,0
239266,0
239267,0
239268,0
239269,0
239270,0
239271,0
239272,0
239273,0
239274,0
239275,0
239276,0
239277,0
239278,0
239279,0
239280,0
239281,0
239282,0
239283,0
239284,0
239285,0
239286,0
239287,0
239288,0
239289,0
239290,0
239291,0
239292,0
239293,0
239294,0
239295,0
239296,0
239297,0
239298,0
239299,0
239300,0
239301,0
239302,0
239303,0
239304,0
239305,0
239306,0
239307,0
239308,0
239309,0
239310,0
239311,0
239312,0
239313,0
239314,0
239315,0
239316,0
239317,0
239318,0
239319,0
239320,0
239321,0
239322,0
239323,0
239324,0
239325,0
239326,0
239327,0
239328,0
239329,0
239330,0
239331,0
239332,0
239333,0
239334,0
239335,0
239336,0
239337,0
239338,0
239339,0
239340,0
239341,0
239342,0
239343,0
239344,0
239345,0
239346,0
239347,0
239348,0
239349,0
239350,0
239351,0
239352,0
239353,0
239354,0
239355,0
239356,0
239357,0
239358,0
239359,0
239360,0
239361,0
239362,0
239363,0
239364,0
239365,0
239366,0
239367,0
239368,0
239369,0
239370,0
239371,0
239372,0
239373,0
239374,0
239375,0
239376,0
239377,0
239378,0
239379,0
239380,0
239381,0
239382,0
239383,0
239384,0
239385,0
239386,0
239387,0
239388,0
239389,0
239390,0
239391,0
239392,0
239393,0
239394,0
239395,0
239396,0
239397,0
239398,0
239399,0
239400,0
239401,0
239402,0
239403,0
239404,0
239405,0
239406,0
239407,0
239408,0
239409,0
239410,0
239411,0
239412,0
239413,0
239414,0
239415,0
239416,0
239417,0
239418,0
239419,0
239420,0
239421,0
239422,0
239423,0
239424,0
239425,0
239426,0
239427,0
239428,0
239429,0
239430,0
239431,0
239432,0
239433,0
239434,0
239435,0
239436,0
239437,0
239438,0
239439,0
239440,0
239441,0
239442,0
239443,0
239444,0
239445,0
239446,0
239447,0
239448,0
239449,0
239450,0
239451,0
239452,0
239453,0
239454,0
239455,0
239456,0
239457,0
239458,0
239459,0
239460,0
239461,0
239462,0
239463,0
239464,0
239465,0
239466,0
239467,0
239468,0
239469,0
239470,0
239471,0
239472,0
239473,0
239474,0
239475,0
239476,0
239477,0
239478,0
239479,0
239480,0
239481,0
239482,0
239483,0
239484,0
239485,0
239486,0
239487,0
239488,0
239489,0
239490,0
239491,0
239492,0
239493,0
239494,0
239495,0
239496,0
239497,0
239498,0
239499,0
239500,0
239501,0
239502,0
239503,0
239504,0
239505,0
239506,0
239507,0
239508,0
239509,0
239510,0
239511,0
239512,0
239513,0
239514,0
239515,0
239516,0
239517,0
239518,0
239519,0
239520,0
239521,0
239522,0
239523,0
239524,0
239525,0
239526,0
239527,0
239528,0
239529,0
239530,0
239531,0
239532,0
239533,0
239534,0
239535,0
239536,0
239537,0
239538,0
239539,0
239540,0
239541,0
239542,0
239543,0
239544,0
239545,0
239546,0
239547,0
239548,0
239549,0
239550,0
239551,0
239552,0
239553,0
239554,0
239555,0
239556,0
239557,0
239558,0
239559,0
239560,0
239561,0
239562,0
239563,0
239564,0
239565,0
239566,0
239567,0
239568,0
239569,0
239570,0
239571,0
239572,0
239573,0
239574,0
239575,0
239576,0
239577,0
239578,0
239579,0
239580,0
239581,0
239582,0
239583,0
239584,0
239585,0
239586,0
239587,0
239588,0
239589,0
239590,0
239591,0
239592,0
239593,0
239594,0
239595,0
239596,0
239597,0
239598,0
239599,0
239600,0
239601,0
239602,0
239603,0
239604,0
239605,0
239606,0
239607,0
239608,0
239609,0
239610,0
239611,0
239612,0
239613,0
239614,0
239615,0
239616,0
239617,0
239618,0
239619,0
239620,0
239621,0
239622,0
239623,0
239624,0
239625,0
239626,0
239627,0
239628,0
239629,0
239630,0
239631,0
239632,0
239633,0
239634,0
239635,0
239636,0
239637,0
239638,0
239639,0
239640,0
239641,0
239642,0
239643,0
239644,0
239645,0
239646,0
239647,0
239648,0
239649,0
239650,0
239651,0
239652,0
239653,0
239654,0
239655,0
239656,0
239657,0
239658,0
239659,0
239660,0
239661,0
239662,0
239663,0
239664,0
239665,0
239666,0
239667,0
239668,0
239669,0
239670,0
239671,0
239672,0
239673,0
239674,0
239675,0
239676,0
239677,0
239678,0
239679,0
239680,0
239681,0
239682,0
239683,0
239684,0
239685,0
239686,0
239687,0
239688,0
239689,0
239690,0
239691,0
239692,0
239693,0
239694,0
239695,0
239696,0
239697,0
239698,0
239699,0
239700,0
239701,0
239702,0
239703,0
239704,0
239705,0
239706,0
239707,0
239708,0
239709,0
239710,0
239711,0
239712,0
239713,0
239714,0
239715,0
239716,0
239717,0
239718,0
239719,0
239720,0
239721,0
239722,0
239723,0
239724,0
239725,0
239726,0
239727,0
239728,0
239729,0
239730,0
239731,0
239732,0
239733,0
239734,0
239735,0
239736,0
239737,0
239738,0
239739,0
239740,0
239741,0
239742,0
239743,0
239744,0
239745,0
239746,0
239747,0
239748,0
239749,0
239750,0
239751,0
239752,0
239753,0
239754,0
239755,0
239756,0
239757,0
239758,0
239759,0
239760,0
239761,0
239762,0
239763,0
239764,0
239765,0
239766,0
239767,0
239768,0
239769,0
239770,0
239771,0
239772,0
239773,0
239774,0
239775,0
239776,0
239777,0
239778,0
239779,0
239780,0
239781,0
239782,0
239783,0
239784,0
239785,0
239786,0
239787,0
239788,0
239789,0
239790,0
239791,0
239792,0
239793,0
239794,0
239795,0
239796,0
239797,0
239798,0
239799,0
239800,0
239801,0
239802,0
239803,0
239804,0
239805,0
239806,0
239807,0
239808,0
239809,0
239810,0
239811,0
239812,0
239813,0
239814,0
239815,0
239816,0
239817,0
239818,0
239819,0
239820,0
239821,0
239822,0
239823,0
239824,0
239825,0
239826,0
239827,0
239828,0
239829,0
239830,0
239831,0
239832,0
239833,0
239834,0
239835,0
239836,0
239837,0
239838,0
239839,0
239840,0
239841,0
239842,0
239843,0
239844,0
239845,0
239846,0
239847,0
239848,0
239849,0
239850,0
239851,0
239852,0
239853,0
239854,0
239855,0
239856,0
239857,0
239858,0
239859,0
239860,0
239861,0
239862,0
239863,0
239864,0
239865,0
239866,0
239867,0
239868,0
239869,0
239870,0
239871,0
239872,0
239873,0
239874,0
239875,0
239876,0
239877,0
239878,0
239879,0
239880,0
239881,0
239882,0
239883,0
239884,0
239885,0
239886,0
239887,0
239888,0
239889,0
239890,0
239891,0
239892,0
239893,0
239894,0
239895,0
239896,0
239897,0
239898,0
239899,0
239900,0
239901,0
239902,0
239903,0
239904,0
239905,0
239906,0
239907,0
239908,0
239909,0
239910,0
239911,0
239912,0
239913,0
239914,0
239915,0
239916,0
239917,0
239918,0
239919,0
239920,0
239921,0
239922,0
239923,0
239924,0
239925,0
239926,0
239927,0
239928,0
239929,0
239930,0
239931,0
239932,0
239933,0
239934,0
239935,0
239936,0
239937,0
239938,0
239939,0
239940,0
239941,0
239942,0
239943,0
239944,0
239945,0
239946,0
239947,0
239948,0
239949,0
239950,0
239951,0
239952,0
239953,0
239954,0
239955,0
239956,0
239957,0
239958,0
239959,0
239960,0
239961,0
239962,0
239963,0
239964,0
239965,0
239966,0
239967,0
239968,0
239969,0
239970,0
239971,0
239972,0
239973,0
239974,0
239975,0
239976,0
239977,0
239978,0
239979,0
239980,0
239981,0
239982,0
239983,0
239984,0
239985,0
239986,0
239987,0
239988,0
239989,0
239990,0
239991,0
239992,0
239993,0
239994,0
239995,0
239996,0
239997,0
239998,0
239999,0
240000,0
240001,0
240002,0
240003,0
240004,0
240005,0
240006,0
240007,0
240008,0
240009,0
240010,0
240011,0
240012,0
240013,0
240014,0
240015,0
240016,0
240017,0
240018,0
240019,0
240020,0
240021,0
240022,0
240023,0
240024,0
240025,0
240026,0
240027,0
240028,0
240029,0
240030,0
240031,0
240032,0
240033,0
240034,0
240035,0
240036,0
240037,0
240038,0
240039,0
240040,0
240041,0
240042,0
240043,0
240044,0
240045,0
240046,0
240047,0
240048,0
240049,0
240050,0
240051,0
240052,0
240053,0
240054,0
240055,0
240056,0
240057,0
240058,0
240059,0
240060,0
240061,0
240062,0
240063,0
240064,0
240065,0
240066,0
240067,0
240068,0
240069,0
240070,0
240071,0
240072,0
240073,0
240074,0
240075,0
240076,0
240077,0
240078,0
240079,0
240080,0
240081,0
240082,0
240083,0
240084,0
240085,0
240086,0
240087,0
240088,0
240089,0
240090,0
240091,0
240092,0
240093,0
240094,0
240095,0
240096,0
240097,0
240098,0
240099,0
240100,0
240101,0
240102,0
240103,0
240104,0
240105,0
240106,0
240107,0
240108,0
240109,0
240110,0
240111,0
240112,0
240113,0
240114,0
240115,0
240116,0
240117,0
240118,0
240119,0
240120,0
240121,0
240122,0
240123,0
240124,0
240125,0
240126,0
240127,0
240128,0
240129,0
240130,0
240131,0
240132,0
240133,0
240134,0
240135,0
240136,0
240137,0
240138,0
240139,0
240140,0
240141,0
240142,0
240143,0
240144,0
240145,0
240146,0
240147,0
240148,0
240149,0
240150,0
240151,0
240152,0
240153,0
240154,0
240155,0
240156,0
240157,0
240158,0
240159,0
240160,0
240161,0
240162,0
240163,0
240164,0
240165,0
240166,0
240167,0
240168,0
240169,0
240170,0
240171,0
240172,0
240173,0
240174,0
240175,0
240176,0
240177,0
240178,0
240179,0
240180,0
240181,0
240182,0
240183,0
240184,0
240185,0
240186,0
240187,0
240188,0
240189,0
240190,0
240191,0
240192,0
240193,0
240194,0
240195,0
240196,0
240197,0
240198,0
240199,0
240200,0
240201,0
240202,0
240203,0
240204,0
240205,0
240206,0
240207,0
240208,0
240209,0
240210,0
240211,0
240212,0
240213,0
240214,0
240215,0
240216,0
240217,0
240218,0
240219,0
240220,0
240221,0
240222,0
240223,0
240224,0
240225,0
240226,0
240227,0
240228,0
240229,0
240230,0
240231,0
240232,0
240233,0
240234,0
240235,0
240236,0
240237,0
240238,0
240239,0
240240,0
240241,0
240242,0
240243,0
240244,0
240245,0
240246,0
240247,0
240248,0
240249,0
240250,0
240251,0
240252,0
240253,0
240254,0
240255,0
240256,0
240257,0
240258,0
240259,0
240260,0
240261,0
240262,0
240263,0
240264,0
240265,0
240266,0
240267,0
240268,0
240269,0
240270,0
240271,0
240272,0
240273,0
240274,0
240275,0
240276,0
240277,0
240278,0
240279,0
240280,0
240281,0
240282,0
240283,0
240284,0
240285,0
240286,0
240287,0
240288,0
240289,0
240290,0
240291,0
240292,0
240293,0
240294,0
240295,0
240296,0
240297,0
240298,0
240299,0
240300,0
240301,0
240302,0
240303,0
240304,0
240305,0
240306,0
240307,0
240308,0
240309,0
240310,0
240311,0
240312,0
240313,0
240314,0
240315,0
240316,0
240317,0
240318,0
240319,0
240320,0
240321,0
240322,0
240323,0
240324,0
240325,0
240326,0
240327,0
240328,0
240329,0
240330,0
240331,0
240332,0
240333,0
240334,0
240335,0
240336,0
240337,0
240338,0
240339,0
240340,0
240341,0
240342,0
240343,0
240344,0
240345,0
240346,0
240347,0
240348,0
240349,0
240350,0
240351,0
240352,0
240353,0
240354,0
240355,0
240356,0
240357,0
240358,0
240359,0
240360,0
240361,0
240362,0
240363,0
240364,0
240365,0
240366,0
240367,0
240368,0
240369,0
240370,0
240371,0
240372,0
240373,0
240374,0
240375,0
240376,0
240377,0
240378,0
240379,0
240380,0
240381,0
240382,0
240383,0
240384,0
240385,0
240386,0
240387,0
240388,0
240389,0
240390,0
240391,0
240392,0
240393,0
240394,0
240395,0
240396,0
240397,0
240398,0
240399,0
240400,0
240401,0
240402,0
240403,0
240404,0
240405,0
240406,0
240407,0
240408,0
240409,0
240410,0
240411,0
240412,0
240413,0
240414,0
240415,0
240416,0
240417,0
240418,0
240419,0
240420,0
240421,0
240422,0
240423,0
240424,0
240425,0
240426,0
240427,0
240428,0
240429,0
240430,0
240431,0
240432,0
240433,0
240434,0
240435,0
240436,0
240437,0
240438,0
240439,0
240440,0
240441,0
240442,0
240443,0
240444,0
240445,0
240446,0
240447,0
240448,0
240449,0
240450,0
240451,0
240452,0
240453,0
240454,0
240455,0
240456,0
240457,0
240458,0
240459,0
240460,0
240461,0
240462,0
240463,0
240464,0
240465,0
240466,0
240467,0
240468,0
240469,0
240470,0
240471,0
240472,0
240473,0
240474,0
240475,0
240476,0
240477,0
240478,0
240479,0
240480,0
240481,0
240482,0
240483,0
240484,0
240485,0
240486,0
240487,0
240488,0
240489,0
240490,0
240491,0
240492,0
240493,0
240494,0
240495,0
240496,0
240497,0
240498,0
240499,0
240500,0
240501,0
240502,0
240503,0
240504,0
240505,0
240506,0
240507,0
240508,0
240509,0
240510,0
240511,0
240512,0
240513,0
240514,0
240515,0
240516,0
240517,0
240518,0
240519,0
240520,0
240521,0
240522,0
240523,0
240524,0
240525,0
240526,0
240527,0
240528,0
240529,0
240530,0
240531,0
240532,0
240533,0
240534,0
240535,0
240536,0
240537,0
240538,0
240539,0
240540,0
240541,0
240542,0
240543,0
240544,0
240545,0
240546,0
240547,0
240548,0
240549,0
240550,0
240551,0
240552,0
240553,0
240554,0
240555,0
240556,0
240557,0
240558,0
240559,0
240560,0
240561,0
240562,0
240563,0
240564,0
240565,0
240566,0
240567,0
240568,0
240569,0
240570,0
240571,0
240572,0
240573,0
240574,0
240575,0
240576,0
240577,0
240578,0
240579,0
240580,0
240581,0
240582,0
240583,0
240584,0
240585,0
240586,0
240587,0
240588,0
240589,0
240590,0
240591,0
240592,0
240593,0
240594,0
240595,0
240596,0
240597,0
240598,0
240599,0
240600,0
240601,0
240602,0
240603,0
240604,0
240605,0
240606,0
240607,0
240608,0
240609,0
240610,0
240611,0
240612,0
240613,0
240614,0
240615,0
240616,0
240617,0
240618,0
240619,0
240620,0
240621,0
240622,0
240623,0
240624,0
240625,0
240626,0
240627,0
240628,0
240629,0
240630,0
240631,0
240632,0
240633,0
240634,0
240635,0
240636,0
240637,0
240638,0
240639,0
240640,0
240641,0
240642,0
240643,0
240644,0
240645,0
240646,0
240647,0
240648,0
240649,0
240650,0
240651,0
240652,0
240653,0
240654,0
240655,0
240656,0
240657,0
240658,0
240659,0
240660,0
240661,0
240662,0
240663,0
240664,0
240665,0
240666,0
240667,0
240668,0
240669,0
240670,0
240671,0
240672,0
240673,0
240674,0
240675,0
240676,0
240677,0
240678,0
240679,0
240680,0
240681,0
240682,0
240683,0
240684,0
240685,0
240686,0
240687,0
240688,0
240689,0
240690,0
240691,0
240692,0
240693,0
240694,0
240695,0
240696,0
240697,0
240698,0
240699,0
240700,0
240701,0
240702,0
240703,0
240704,0
240705,0
240706,0
240707,0
240708,0
240709,0
240710,0
240711,0
240712,0
240713,0
240714,0
240715,0
240716,0
240717,0
240718,0
240719,0
240720,0
240721,0
240722,0
240723,0
240724,0
240725,0
240726,0
240727,0
240728,0
240729,0
240730,0
240731,0
240732,0
240733,0
240734,0
240735,0
240736,0
240737,0
240738,0
240739,0
240740,0
240741,0
240742,0
240743,0
240744,0
240745,0
240746,0
240747,0
240748,0
240749,0
240750,0
240751,0
240752,0
240753,0
240754,0
240755,0
240756,0
240757,0
240758,0
240759,0
240760,0
240761,0
240762,0
240763,0
240764,0
240765,0
240766,0
240767,0
240768,0
240769,0
240770,0
240771,0
240772,0
240773,0
240774,0
240775,0
240776,0
240777,0
240778,0
240779,0
240780,0
240781,0
240782,0
240783,0
240784,0
240785,0
240786,0
240787,0
240788,0
240789,0
240790,0
240791,0
240792,0
240793,0
240794,0
240795,0
240796,0
240797,0
240798,0
240799,0
240800,0
240801,0
240802,0
240803,0
240804,0
240805,0
240806,0
240807,0
240808,0
240809,0
240810,0
240811,0
240812,0
240813,0
240814,0
240815,0
240816,0
240817,0
240818,0
240819,0
240820,0
240821,0
240822,0
240823,0
240824,0
240825,0
240826,0
240827,0
240828,0
240829,0
240830,0
240831,0
240832,0
240833,0
240834,0
240835,0
240836,0
240837,0
240838,0
240839,0
240840,0
240841,0
240842,0
240843,0
240844,0
240845,0
240846,0
240847,0
240848,0
240849,0
240850,0
240851,0
240852,0
240853,0
240854,0
240855,0
240856,0
240857,0
240858,0
240859,0
240860,0
240861,0
240862,0
240863,0
240864,0
240865,0
240866,0
240867,0
240868,0
240869,0
240870,0
240871,0
240872,0
240873,0
240874,0
240875,0
240876,0
240877,0
240878,0
240879,0
240880,0
240881,0
240882,0
240883,0
240884,0
240885,0
240886,0
240887,0
240888,0
240889,0
240890,0
240891,0
240892,0
240893,0
240894,0
240895,0
240896,0
240897,0
240898,0
240899,0
240900,0
240901,0
240902,0
240903,0
240904,0
240905,0
240906,0
240907,0
240908,0
240909,0
240910,0
240911,0
240912,0
240913,0
240914,0
240915,0
240916,0
240917,0
240918,0
240919,0
240920,0
240921,0
240922,0
240923,0
240924,0
240925,0
240926,0
240927,0
240928,0
240929,0
240930,0
240931,0
240932,0
240933,0
240934,0
240935,0
240936,0
240937,0
240938,0
240939,0
240940,0
240941,0
240942,0
240943,0
240944,0
240945,0
240946,0
240947,0
240948,0
240949,0
240950,0
240951,0
240952,0
240953,0
240954,0
240955,0
240956,0
240957,0
240958,0
240959,0
240960,0
240961,0
240962,0
240963,0
240964,0
240965,0
240966,0
240967,0
240968,0
240969,0
240970,0
240971,0
240972,0
240973,0
240974,0
240975,0
240976,0
240977,0
240978,0
240979,0
240980,0
240981,0
240982,0
240983,0
240984,0
240985,0
240986,0
240987,0
240988,0
240989,0
240990,0
240991,0
240992,0
240993,0
240994,0
240995,0
240996,0
240997,0
240998,0
240999,0
241000,0
241001,0
241002,0
241003,0
241004,0
241005,0
241006,0
241007,0
241008,0
241009,0
241010,0
241011,0
241012,0
241013,0
241014,0
241015,0
241016,0
241017,0
241018,0
241019,0
241020,0
241021,0
241022,0
241023,0
241024,0
241025,0
241026,0
241027,0
241028,0
241029,0
241030,0
241031,0
241032,0
241033,0
241034,0
241035,0
241036,0
241037,0
241038,0
241039,0
241040,0
241041,0
241042,0
241043,0
241044,0
241045,0
241046,0
241047,0
241048,0
241049,0
241050,0
241051,0
241052,0
241053,0
241054,0
241055,0
241056,0
241057,0
241058,0
241059,0
241060,0
241061,0
241062,0
241063,0
241064,0
241065,0
241066,0
241067,0
241068,0
241069,0
241070,0
241071,0
241072,0
241073,0
241074,0
241075,0
241076,0
241077,0
241078,0
241079,0
241080,0
241081,0
241082,0
241083,0
241084,0
241085,0
241086,0
241087,0
241088,0
241089,0
241090,0
241091,0
241092,0
241093,0
241094,0
241095,0
241096,0
241097,0
241098,0
241099,0
241100,0
241101,0
241102,0
241103,0
241104,0
241105,0
241106,0
241107,0
241108,0
241109,0
241110,0
241111,0
241112,0
241113,0
241114,0
241115,0
241116,0
241117,0
241118,0
241119,0
241120,0
241121,0
241122,0
241123,0
241124,0
241125,0
241126,0
241127,0
241128,0
241129,0
241130,0
241131,0
241132,0
241133,0
241134,0
241135,0
241136,0
241137,0
241138,0
241139,0
241140,0
241141,0
241142,0
241143,0
241144,0
241145,0
241146,0
241147,0
241148,0
241149,0
241150,0
241151,0
241152,0
241153,0
241154,0
241155,0
241156,0
241157,0
241158,0
241159,0
241160,0
241161,0
241162,0
241163,0
241164,0
241165,0
241166,0
241167,0
241168,0
241169,0
241170,0
241171,0
241172,0
241173,0
241174,0
241175,0
241176,0
241177,0
241178,0
241179,0
241180,0
241181,0
241182,0
241183,0
241184,0
241185,0
241186,0
241187,0
241188,0
241189,0
241190,0
241191,0
241192,0
241193,0
241194,0
241195,0
241196,0
241197,0
241198,0
241199,0
241200,0
241201,0
241202,0
241203,0
241204,0
241205,0
241206,0
241207,0
241208,0
241209,0
241210,0
241211,0
241212,0
241213,0
241214,0
241215,0
241216,0
241217,0
241218,0
241219,0
241220,0
241221,0
241222,0
241223,0
241224,0
241225,0
241226,0
241227,0
241228,0
241229,0
241230,0
241231,0
241232,0
241233,0
241234,0
241235,0
241236,0
241237,0
241238,0
241239,0
241240,0
241241,0
241242,0
241243,0
241244,0
241245,0
241246,0
241247,0
241248,0
241249,0
241250,0
241251,0
241252,0
241253,0
241254,0
241255,0
241256,0
241257,0
241258,0
241259,0
241260,0
241261,0
241262,0
241263,0
241264,0
241265,0
241266,0
241267,0
241268,0
241269,0
241270,0
241271,0
241272,0
241273,0
241274,0
241275,0
241276,0
241277,0
241278,0
241279,0
241280,0
241281,0
241282,0
241283,0
241284,0
241285,0
241286,0
241287,0
241288,0
241289,0
241290,0
241291,0
241292,0
241293,0
241294,0
241295,0
241296,0
241297,0
241298,0
241299,0
241300,0
241301,0
241302,0
241303,0
241304,0
241305,0
241306,0
241307,0
241308,0
241309,0
241310,0
241311,0
241312,0
241313,0
241314,0
241315,0
241316,0
241317,0
241318,0
241319,0
241320,0
241321,0
241322,0
241323,0
241324,0
241325,0
241326,0
241327,0
241328,0
241329,0
241330,0
241331,0
241332,0
241333,0
241334,0
241335,0
241336,0
241337,0
241338,0
241339,0
241340,0
241341,0
241342,0
241343,0
241344,0
241345,0
241346,0
241347,0
241348,0
241349,0
241350,0
241351,0
241352,0
241353,0
241354,0
241355,0
241356,0
241357,0
241358,0
241359,0
241360,0
241361,0
241362,0
241363,0
241364,0
241365,0
241366,0
241367,0
241368,0
241369,0
241370,0
241371,0
241372,0
241373,0
241374,0
241375,0
241376,0
241377,0
241378,0
241379,0
241380,0
241381,0
241382,0
241383,0
241384,0
241385,0
241386,0
241387,0
241388,0
241389,0
241390,0
241391,0
241392,0
241393,0
241394,0
241395,0
241396,0
241397,0
241398,0
241399,0
241400,0
241401,0
241402,0
241403,0
241404,0
241405,0
241406,0
241407,0
241408,0
241409,0
241410,0
241411,0
241412,0
241413,0
241414,0
241415,0
241416,0
241417,0
241418,0
241419,0
241420,0
241421,0
241422,0
241423,0
241424,0
241425,0
241426,0
241427,0
241428,0
241429,0
241430,0
241431,0
241432,0
241433,0
241434,0
241435,0
241436,0
241437,0
241438,0
241439,0
241440,0
241441,0
241442,0
241443,0
241444,0
241445,0
241446,0
241447,0
241448,0
241449,0
241450,0
241451,0
241452,0
241453,0
241454,0
241455,0
241456,0
241457,0
241458,0
241459,0
241460,0
241461,0
241462,0
241463,0
241464,0
241465,0
241466,0
241467,0
241468,0
241469,0
241470,0
241471,0
241472,0
241473,0
241474,0
241475,0
241476,0
241477,0
241478,0
241479,0
241480,0
241481,0
241482,0
241483,0
241484,0
241485,0
241486,0
241487,0
241488,0
241489,0
241490,0
241491,0
241492,0
241493,0
241494,0
241495,0
241496,0
241497,0
241498,0
241499,0
241500,0
241501,0
241502,0
241503,0
241504,0
241505,0
241506,0
241507,0
241508,0
241509,0
241510,0
241511,0
241512,0
241513,0
241514,0
241515,0
241516,0
241517,0
241518,0
241519,0
241520,0
241521,0
241522,0
241523,0
241524,0
241525,0
241526,0
241527,0
241528,0
241529,0
241530,0
241531,0
241532,0
241533,0
241534,0
241535,0
241536,0
241537,0
241538,0
241539,0
241540,0
241541,0
241542,0
241543,0
241544,0
241545,0
241546,0
241547,0
241548,0
241549,0
241550,0
241551,0
241552,0
241553,0
241554,0
241555,0
241556,0
241557,0
241558,0
241559,0
241560,0
241561,0
241562,0
241563,0
241564,0
241565,0
241566,0
241567,0
241568,0
241569,0
241570,0
241571,0
241572,0
241573,0
241574,0
241575,0
241576,0
241577,0
241578,0
241579,0
241580,0
241581,0
241582,0
241583,0
241584,0
241585,0
241586,0
241587,0
241588,0
241589,0
241590,0
241591,0
241592,0
241593,0
241594,0
241595,0
241596,0
241597,0
241598,0
241599,0
241600,0
241601,0
241602,0
241603,0
241604,0
241605,0
241606,0
241607,0
241608,0
241609,0
241610,0
241611,0
241612,0
241613,0
241614,0
241615,0
241616,0
241617,0
241618,0
241619,0
241620,0
241621,0
241622,0
241623,0
241624,0
241625,0
241626,0
241627,0
241628,0
241629,0
241630,0
241631,0
241632,0
241633,0
241634,0
241635,0
241636,0
241637,0
241638,0
241639,0
241640,0
241641,0
241642,0
241643,0
241644,0
241645,0
241646,0
241647,0
241648,0
241649,0
241650,0
241651,0
241652,0
241653,0
241654,0
241655,0
241656,0
241657,0
241658,0
241659,0
241660,0
241661,0
241662,0
241663,0
241664,0
241665,0
241666,0
241667,0
241668,0
241669,0
241670,0
241671,0
241672,0
241673,0
241674,0
241675,0
241676,0
241677,0
241678,0
241679,0
241680,0
241681,0
241682,0
241683,0
241684,0
241685,0
241686,0
241687,0
241688,0
241689,0
241690,0
241691,0
241692,0
241693,0
241694,0
241695,0
241696,0
241697,0
241698,0
241699,0
241700,0
241701,0
241702,0
241703,0
241704,0
241705,0
241706,0
241707,0
241708,0
241709,0
241710,0
241711,0
241712,0
241713,0
241714,0
241715,0
241716,0
241717,0
241718,0
241719,0
241720,0
241721,0
241722,0
241723,0
241724,0
241725,0
241726,0
241727,0
241728,0
241729,0
241730,0
241731,0
241732,0
241733,0
241734,0
241735,0
241736,0
241737,0
241738,0
241739,0
241740,0
241741,0
241742,0
241743,0
241744,0
241745,0
241746,0
241747,0
241748,0
241749,0
241750,0
241751,0
241752,0
241753,0
241754,0
241755,0
241756,0
241757,0
241758,0
241759,0
241760,0
241761,0
241762,0
241763,0
241764,0
241765,0
241766,0
241767,0
241768,0
241769,0
241770,0
241771,0
241772,0
241773,0
241774,0
241775,0
241776,0
241777,0
241778,0
241779,0
241780,0
241781,0
241782,0
241783,0
241784,0
241785,0
241786,0
241787,0
241788,0
241789,0
241790,0
241791,0
241792,0
241793,0
241794,0
241795,0
241796,0
241797,0
241798,0
241799,0
241800,0
241801,0
241802,0
241803,0
241804,0
241805,0
241806,0
241807,0
241808,0
241809,0
241810,0
241811,0
241812,0
241813,0
241814,0
241815,0
241816,0
241817,0
241818,0
241819,0
241820,0
241821,0
241822,0
241823,0
241824,0
241825,0
241826,0
241827,0
241828,0
241829,0
241830,0
241831,0
241832,0
241833,0
241834,0
241835,0
241836,0
241837,0
241838,0
241839,0
241840,0
241841,0
241842,0
241843,0
241844,0
241845,0
241846,0
241847,0
241848,0
241849,0
241850,0
241851,0
241852,0
241853,0
241854,0
241855,0
241856,0
241857,0
241858,0
241859,0
241860,0
241861,0
241862,0
241863,0
241864,0
241865,0
241866,0
241867,0
241868,0
241869,0
241870,0
241871,0
241872,0
241873,0
241874,0
241875,0
241876,0
241877,0
241878,0
241879,0
241880,0
241881,0
241882,0
241883,0
241884,0
241885,0
241886,0
241887,0
241888,0
241889,0
241890,0
241891,0
241892,0
241893,0
241894,0
241895,0
241896,0
241897,0
241898,0
241899,0
241900,0
241901,0
241902,0
241903,0
241904,0
241905,0
241906,0
241907,0
241908,0
241909,0
241910,0
241911,0
241912,0
241913,0
241914,0
241915,0
241916,0
241917,0
241918,0
241919,0
241920,0
241921,0
241922,0
241923,0
241924,0
241925,0
241926,0
241927,0
241928,0
241929,0
241930,0
241931,0
241932,0
241933,0
241934,0
241935,0
241936,0
241937,0
241938,0
241939,0
241940,0
241941,0
241942,0
241943,0
241944,0
241945,0
241946,0
241947,0
241948,0
241949,0
241950,0
241951,0
241952,0
241953,0
241954,0
241955,0
241956,0
241957,0
241958,0
241959,0
241960,0
241961,0
241962,0
241963,0
241964,0
241965,0
241966,0
241967,0
241968,0
241969,0
241970,0
241971,0
241972,0
241973,0
241974,0
241975,0
241976,0
241977,0
241978,0
241979,0
241980,0
241981,0
241982,0
241983,0
241984,0
241985,0
241986,0
241987,0
241988,0
241989,0
241990,0
241991,0
241992,0
241993,0
241994,0
241995,0
241996,0
241997,0
241998,0
241999,0
242000,0
242001,0
242002,0
242003,0
242004,0
242005,0
242006,0
242007,0
242008,0
242009,0
242010,0
242011,0
242012,0
242013,0
242014,0
242015,0
242016,0
242017,0
242018,0
242019,0
242020,0
242021,0
242022,0
242023,0
242024,0
242025,0
242026,0
242027,0
242028,0
242029,0
242030,0
242031,0
242032,0
242033,0
242034,0
242035,0
242036,0
242037,0
242038,0
242039,0
242040,0
242041,0
242042,0
242043,0
242044,0
242045,0
242046,0
242047,0
242048,0
242049,0
242050,0
242051,0
242052,0
242053,0
242054,0
242055,0
242056,0
242057,0
242058,0
242059,0
242060,0
242061,0
242062,0
242063,0
242064,0
242065,0
242066,0
242067,0
242068,0
242069,0
242070,0
242071,0
242072,0
242073,0
242074,0
242075,0
242076,0
242077,0
242078,0
242079,0
242080,0
242081,0
242082,0
242083,0
242084,0
242085,0
242086,0
242087,0
242088,0
242089,0
242090,0
242091,0
242092,0
242093,0
242094,0
242095,0
242096,0
242097,0
242098,0
242099,0
242100,0
242101,0
242102,0
242103,0
242104,0
242105,0
242106,0
242107,0
242108,0
242109,0
242110,0
242111,0
242112,0
242113,0
242114,0
242115,0
242116,0
242117,0
242118,0
242119,0
242120,0
242121,0
242122,0
242123,0
242124,0
242125,0
242126,0
242127,0
242128,0
242129,0
242130,0
242131,0
242132,0
242133,0
242134,0
242135,0
242136,0
242137,0
242138,0
242139,0
242140,0
242141,0
242142,0
242143,0
242144,0
242145,0
242146,0
242147,0
242148,0
242149,0
242150,0
242151,0
242152,0
242153,0
242154,0
242155,0
242156,0
242157,0
242158,0
242159,0
242160,0
242161,0
242162,0
242163,0
242164,0
242165,0
242166,0
242167,0
242168,0
242169,0
242170,0
242171,0
242172,0
242173,0
242174,0
242175,0
242176,0
242177,0
242178,0
242179,0
242180,0
242181,0
242182,0
242183,0
242184,0
242185,0
242186,0
242187,0
242188,0
242189,0
242190,0
242191,0
242192,0
242193,0
242194,0
242195,0
242196,0
242197,0
242198,0
242199,0
242200,0
242201,0
242202,0
242203,0
242204,0
242205,0
242206,0
242207,0
242208,0
242209,0
242210,0
242211,0
242212,0
242213,0
242214,0
242215,0
242216,0
242217,0
242218,0
242219,0
242220,0
242221,0
242222,0
242223,0
242224,0
242225,0
242226,0
242227,0
242228,0
242229,0
242230,0
242231,0
242232,0
242233,0
242234,0
242235,0
242236,0
242237,0
242238,0
242239,0
242240,0
242241,0
242242,0
242243,0
242244,0
242245,0
242246,0
242247,0
242248,0
242249,0
242250,0
242251,0
242252,0
242253,0
242254,0
242255,0
242256,0
242257,0
242258,0
242259,0
242260,0
242261,0
242262,0
242263,0
242264,0
242265,0
242266,0
242267,0
242268,0
242269,0
242270,0
242271,0
242272,0
242273,0
242274,0
242275,0
242276,0
242277,0
242278,0
242279,0
242280,0
242281,0
242282,0
242283,0
242284,0
242285,0
242286,0
242287,0
242288,0
242289,0
242290,0
242291,0
242292,0
242293,0
242294,0
242295,0
242296,0
242297,0
242298,0
242299,0
242300,0
242301,0
242302,0
242303,0
242304,0
242305,0
242306,0
242307,0
242308,0
242309,0
242310,0
242311,0
242312,0
242313,0
242314,0
242315,0
242316,0
242317,0
242318,0
242319,0
242320,0
242321,0
242322,0
242323,0
242324,0
242325,0
242326,0
242327,0
242328,0
242329,0
242330,0
242331,0
242332,0
242333,0
242334,0
242335,0
242336,0
242337,0
242338,0
242339,0
242340,0
242341,0
242342,0
242343,0
242344,0
242345,0
242346,0
242347,0
242348,0
242349,0
242350,0
242351,0
242352,0
242353,0
242354,0
242355,0
242356,0
242357,0
242358,0
242359,0
242360,0
242361,0
242362,0
242363,0
242364,0
242365,0
242366,0
242367,0
242368,0
242369,0
242370,0
242371,0
242372,0
242373,0
242374,0
242375,0
242376,0
242377,0
242378,0
242379,0
242380,0
242381,0
242382,0
242383,0
242384,0
242385,0
242386,0
242387,0
242388,0
242389,0
242390,0
242391,0
242392,0
242393,0
242394,0
242395,0
242396,0
242397,0
242398,0
242399,0
242400,0
242401,0
242402,0
242403,0
242404,0
242405,0
242406,0
242407,0
242408,0
242409,0
242410,0
242411,0
242412,0
242413,0
242414,0
242415,0
242416,0
242417,0
242418,0
242419,0
242420,0
242421,0
242422,0
242423,0
242424,0
242425,0
242426,0
242427,0
242428,0
242429,0
242430,0
242431,0
242432,0
242433,0
242434,0
242435,0
242436,0
242437,0
242438,0
242439,0
242440,0
242441,0
242442,0
242443,0
242444,0
242445,0
242446,0
242447,0
242448,0
242449,0
242450,0
242451,0
242452,0
242453,0
242454,0
242455,0
242456,0
242457,0
242458,0
242459,0
242460,0
242461,0
242462,0
242463,0
242464,0
242465,0
242466,0
242467,0
242468,0
242469,0
242470,0
242471,0
242472,0
242473,0
242474,0
242475,0
242476,0
242477,0
242478,0
242479,0
242480,0
242481,0
242482,0
242483,0
242484,0
242485,0
242486,0
242487,0
242488,0
242489,0
242490,0
242491,0
242492,0
242493,0
242494,0
242495,0
242496,0
242497,0
242498,0
242499,0
242500,0
242501,0
242502,0
242503,0
242504,0
242505,0
242506,0
242507,0
242508,0
242509,0
242510,0
242511,0
242512,0
242513,0
242514,0
242515,0
242516,0
242517,0
242518,0
242519,0
242520,0
242521,0
242522,0
242523,0
242524,0
242525,0
242526,0
242527,0
242528,0
242529,0
242530,0
242531,0
242532,0
242533,0
242534,0
242535,0
242536,0
242537,0
242538,0
242539,0
242540,0
242541,0
242542,0
242543,0
242544,0
242545,0
242546,0
242547,0
242548,0
242549,0
242550,0
242551,0
242552,0
242553,0
242554,0
242555,0
242556,0
242557,0
242558,0
242559,0
242560,0
242561,0
242562,0
242563,0
242564,0
242565,0
242566,0
242567,0
242568,0
242569,0
242570,0
242571,0
242572,0
242573,0
242574,0
242575,0
242576,0
242577,0
242578,0
242579,0
242580,0
242581,0
242582,0
242583,0
242584,0
242585,0
242586,0
242587,0
242588,0
242589,0
242590,0
242591,0
242592,0
242593,0
242594,0
242595,0
242596,0
242597,0
242598,0
242599,0
242600,0
242601,0
242602,0
242603,0
242604,0
242605,0
242606,0
242607,0
242608,0
242609,0
242610,0
242611,0
242612,0
242613,0
242614,0
242615,0
242616,0
242617,0
242618,0
242619,0
242620,0
242621,0
242622,0
242623,0
242624,0
242625,0
242626,0
242627,0
242628,0
242629,0
242630,0
242631,0
242632,0
242633,0
242634,0
242635,0
242636,0
242637,0
242638,0
242639,0
242640,0
242641,0
242642,0
242643,0
242644,0
242645,0
242646,0
242647,0
242648,0
242649,0
242650,0
242651,0
242652,0
242653,0
242654,0
242655,0
242656,0
242657,0
242658,0
242659,0
242660,0
242661,0
242662,0
242663,0
242664,0
242665,0
242666,0
242667,0
242668,0
242669,0
242670,0
242671,0
242672,0
242673,0
242674,0
242675,0
242676,0
242677,0
242678,0
242679,0
242680,0
242681,0
242682,0
242683,0
242684,0
242685,0
242686,0
242687,0
242688,0
242689,0
242690,0
242691,0
242692,0
242693,0
242694,0
242695,0
242696,0
242697,0
242698,0
242699,0
242700,0
242701,0
242702,0
242703,0
242704,0
242705,0
242706,0
242707,0
242708,0
242709,0
242710,0
242711,0
242712,0
242713,0
242714,0
242715,0
242716,0
242717,0
242718,0
242719,0
242720,0
242721,0
242722,0
242723,0
242724,0
242725,0
242726,0
242727,0
242728,0
242729,0
242730,0
242731,0
242732,0
242733,0
242734,0
242735,0
242736,0
242737,0
242738,0
242739,0
242740,0
242741,0
242742,0
242743,0
242744,0
242745,0
242746,0
242747,0
242748,0
242749,0
242750,0
242751,0
242752,0
242753,0
242754,0
242755,0
242756,0
242757,0
242758,0
242759,0
242760,0
242761,0
242762,0
242763,0
242764,0
242765,0
242766,0
242767,0
242768,0
242769,0
242770,0
242771,0
242772,0
242773,0
242774,0
242775,0
242776,0
242777,0
242778,0
242779,0
242780,0
242781,0
242782,0
242783,0
242784,0
242785,0
242786,0
242787,0
242788,0
242789,0
242790,0
242791,0
242792,0
242793,0
242794,0
242795,0
242796,0
242797,0
242798,0
242799,0
242800,0
242801,0
242802,0
242803,0
242804,0
242805,0
242806,0
242807,0
242808,0
242809,0
242810,0
242811,0
242812,0
242813,0
242814,0
242815,0
242816,0
242817,0
242818,0
242819,0
242820,0
242821,0
242822,0
242823,0
242824,0
242825,0
242826,0
242827,0
242828,0
242829,0
242830,0
242831,0
242832,0
242833,0
242834,0
242835,0
242836,0
242837,0
242838,0
242839,0
242840,0
242841,0
242842,0
242843,0
242844,0
242845,0
242846,0
242847,0
242848,0
242849,0
242850,0
242851,0
242852,0
242853,0
242854,0
242855,0
242856,0
242857,0
242858,0
242859,0
242860,0
242861,0
242862,0
242863,0
242864,0
242865,0
242866,0
242867,0
242868,0
242869,0
242870,0
242871,0
242872,0
242873,0
242874,0
242875,0
242876,0
242877,0
242878,0
242879,0
242880,0
242881,0
242882,0
242883,0
242884,0
242885,0
242886,0
242887,0
242888,0
242889,0
242890,0
242891,0
242892,0
242893,0
242894,0
242895,0
242896,0
242897,0
242898,0
242899,0
242900,0
242901,0
242902,0
242903,0
242904,0
242905,0
242906,0
242907,0
242908,0
242909,0
242910,0
242911,0
242912,0
242913,0
242914,0
242915,0
242916,0
242917,0
242918,0
242919,0
242920,0
242921,0
242922,0
242923,0
242924,0
242925,0
242926,0
242927,0
242928,0
242929,0
242930,0
242931,0
242932,0
242933,0
242934,0
242935,0
242936,0
242937,0
242938,0
242939,0
242940,0
242941,0
242942,0
242943,0
242944,0
242945,0
242946,0
242947,0
242948,0
242949,0
242950,0
242951,0
242952,0
242953,0
242954,0
242955,0
242956,0
242957,0
242958,0
242959,0
242960,0
242961,0
242962,0
242963,0
242964,0
242965,0
242966,0
242967,0
242968,0
242969,0
242970,0
242971,0
242972,0
242973,0
242974,0
242975,0
242976,0
242977,0
242978,0
242979,0
242980,0
242981,0
242982,0
242983,0
242984,0
242985,0
242986,0
242987,0
242988,0
242989,0
242990,0
242991,0
242992,0
242993,0
242994,0
242995,0
242996,0
242997,0
242998,0
242999,0
243000,0
243001,0
243002,0
243003,0
243004,0
243005,0
243006,0
243007,0
243008,0
243009,0
243010,0
243011,0
243012,0
243013,0
243014,0
243015,0
243016,0
243017,0
243018,0
243019,0
243020,0
243021,0
243022,0
243023,0
243024,0
243025,0
243026,0
243027,0
243028,0
243029,0
243030,0
243031,0
243032,0
243033,0
243034,0
243035,0
243036,0
243037,0
243038,0
243039,0
243040,0
243041,0
243042,0
243043,0
243044,0
243045,0
243046,0
243047,0
243048,0
243049,0
243050,0
243051,0
243052,0
243053,0
243054,0
243055,0
243056,0
243057,0
243058,0
243059,0
243060,0
243061,0
243062,0
243063,0
243064,0
243065,0
243066,0
243067,0
243068,0
243069,0
243070,0
243071,0
243072,0
243073,0
243074,0
243075,0
243076,0
243077,0
243078,0
243079,0
243080,0
243081,0
243082,0
243083,0
243084,0
243085,0
243086,0
243087,0
243088,0
243089,0
243090,0
243091,0
243092,0
243093,0
243094,0
243095,0
243096,0
243097,0
243098,0
243099,0
243100,0
243101,0
243102,0
243103,0
243104,0
243105,0
243106,0
243107,0
243108,0
243109,0
243110,0
243111,0
243112,0
243113,0
243114,0
243115,0
243116,0
243117,0
243118,0
243119,0
243120,0
243121,0
243122,0
243123,0
243124,0
243125,0
243126,0
243127,0
243128,0
243129,0
243130,0
243131,0
243132,0
243133,0
243134,0
243135,0
243136,0
243137,0
243138,0
243139,0
243140,0
243141,0
243142,0
243143,0
243144,0
243145,0
243146,0
243147,0
243148,0
243149,0
243150,0
243151,0
243152,0
243153,0
243154,0
243155,0
243156,0
243157,0
243158,0
243159,0
243160,0
243161,0
243162,0
243163,0
243164,0
243165,0
243166,0
243167,0
243168,0
243169,0
243170,0
243171,0
243172,0
243173,0
243174,0
243175,0
243176,0
243177,0
243178,0
243179,0
243180,0
243181,0
243182,0
243183,0
243184,0
243185,0
243186,0
243187,0
243188,0
243189,0
243190,0
243191,0
243192,0
243193,0
243194,0
243195,0
243196,0
243197,0
243198,0
243199,0
243200,0
243201,0
243202,0
243203,0
243204,0
243205,0
243206,0
243207,0
243208,0
243209,0
243210,0
243211,0
243212,0
243213,0
243214,0
243215,0
243216,0
243217,0
243218,0
243219,0
243220,0
243221,0
243222,0
243223,0
243224,0
243225,0
243226,0
243227,0
243228,0
243229,0
243230,0
243231,0
243232,0
243233,0
243234,0
243235,0
243236,0
243237,0
243238,0
243239,0
243240,0
243241,0
243242,0
243243,0
243244,0
243245,0
243246,0
243247,0
243248,0
243249,0
243250,0
243251,0
243252,0
243253,0
243254,0
243255,0
243256,0
243257,0
243258,0
243259,0
243260,0
243261,0
243262,0
243263,0
243264,0
243265,0
243266,0
243267,0
243268,0
243269,0
243270,0
243271,0
243272,0
243273,0
243274,0
243275,0
243276,0
243277,0
243278,0
243279,0
243280,0
243281,0
243282,0
243283,0
243284,0
243285,0
243286,0
243287,0
243288,0
243289,0
243290,0
243291,0
243292,0
243293,0
243294,0
243295,0
243296,0
243297,0
243298,0
243299,0
243300,0
243301,0
243302,0
243303,0
243304,0
243305,0
243306,0
243307,0
243308,0
243309,0
243310,0
243311,0
243312,0
243313,0
243314,0
243315,0
243316,0
243317,0
243318,0
243319,0
243320,0
243321,0
243322,0
243323,0
243324,0
243325,0
243326,0
243327,0
243328,0
243329,0
243330,0
243331,0
243332,0
243333,0
243334,0
243335,0
243336,0
243337,0
243338,0
243339,0
243340,0
243341,0
243342,0
243343,0
243344,0
243345,0
243346,0
243347,0
243348,0
243349,0
243350,0
243351,0
243352,0
243353,0
243354,0
243355,0
243356,0
243357,0
243358,0
243359,0
243360,0
243361,0
243362,0
243363,0
243364,0
243365,0
243366,0
243367,0
243368,0
243369,0
243370,0
243371,0
243372,0
243373,0
243374,0
243375,0
243376,0
243377,0
243378,0
243379,0
243380,0
243381,0
243382,0
243383,0
243384,0
243385,0
243386,0
243387,0
243388,0
243389,0
243390,0
243391,0
243392,0
243393,0
243394,0
243395,0
243396,0
243397,0
243398,0
243399,0
243400,0
243401,0
243402,0
243403,0
243404,0
243405,0
243406,0
243407,0
243408,0
243409,0
243410,0
243411,0
243412,0
243413,0
243414,0
243415,0
243416,0
243417,0
243418,0
243419,0
243420,0
243421,0
243422,0
243423,0
243424,0
243425,0
243426,0
243427,0
243428,0
243429,0
243430,0
243431,0
243432,0
243433,0
243434,0
243435,0
243436,0
243437,0
243438,0
243439,0
243440,0
243441,0
243442,0
243443,0
243444,0
243445,0
243446,0
243447,0
243448,0
243449,0
243450,0
243451,0
243452,0
243453,0
243454,0
243455,0
243456,0
243457,0
243458,0
243459,0
243460,0
243461,0
243462,0
243463,0
243464,0
243465,0
243466,0
243467,0
243468,0
243469,0
243470,0
243471,0
243472,0
243473,0
243474,0
243475,0
243476,0
243477,0
243478,0
243479,0
243480,0
243481,0
243482,0
243483,0
243484,0
243485,0
243486,0
243487,0
243488,0
243489,0
243490,0
243491,0
243492,0
243493,0
243494,0
243495,0
243496,0
243497,0
243498,0
243499,0
243500,0
243501,0
243502,0
243503,0
243504,0
243505,0
243506,0
243507,0
243508,0
243509,0
243510,0
243511,0
243512,0
243513,0
243514,0
243515,0
243516,0
243517,0
243518,0
243519,0
243520,0
243521,0
243522,0
243523,0
243524,0
243525,0
243526,0
243527,0
243528,0
243529,0
243530,0
243531,0
243532,0
243533,0
243534,0
243535,0
243536,0
243537,0
243538,0
243539,0
243540,0
243541,0
243542,0
243543,0
243544,0
243545,0
243546,0
243547,0
243548,0
243549,0
243550,0
243551,0
243552,0
243553,0
243554,0
243555,0
243556,0
243557,0
243558,0
243559,0
243560,0
243561,0
243562,0
243563,0
243564,0
243565,0
243566,0
243567,0
243568,0
243569,0
243570,0
243571,0
243572,0
243573,0
243574,0
243575,0
243576,0
243577,0
243578,0
243579,0
243580,0
243581,0
243582,0
243583,0
243584,0
243585,0
243586,0
243587,0
243588,0
243589,0
243590,0
243591,0
243592,0
243593,0
243594,0
243595,0
243596,0
243597,0
243598,0
243599,0
243600,0
243601,0
243602,0
243603,0
243604,0
243605,0
243606,0
243607,0
243608,0
243609,0
243610,0
243611,0
243612,0
243613,0
243614,0
243615,0
243616,0
243617,0
243618,0
243619,0
243620,0
243621,0
243622,0
243623,0
243624,0
243625,0
243626,0
243627,0
243628,0
243629,0
243630,0
243631,0
243632,0
243633,0
243634,0
243635,0
243636,0
243637,0
243638,0
243639,0
243640,0
243641,0
243642,0
243643,0
243644,0
243645,0
243646,0
243647,0
243648,0
243649,0
243650,0
243651,0
243652,0
243653,0
243654,0
243655,0
243656,0
243657,0
243658,0
243659,0
243660,0
243661,0
243662,0
243663,0
243664,0
243665,0
243666,0
243667,0
243668,0
243669,0
243670,0
243671,0
243672,0
243673,0
243674,0
243675,0
243676,0
243677,0
243678,0
243679,0
243680,0
243681,0
243682,0
243683,0
243684,0
243685,0
243686,0
243687,0
243688,0
243689,0
243690,0
243691,0
243692,0
243693,0
243694,0
243695,0
243696,0
243697,0
243698,0
243699,0
243700,0
243701,0
243702,0
243703,0
243704,0
243705,0
243706,0
243707,0
243708,0
243709,0
243710,0
243711,0
243712,0
243713,0
243714,0
243715,0
243716,0
243717,0
243718,0
243719,0
243720,0
243721,0
243722,0
243723,0
243724,0
243725,0
243726,0
243727,0
243728,0
243729,0
243730,0
243731,0
243732,0
243733,0
243734,0
243735,0
243736,0
243737,0
243738,0
243739,0
243740,0
243741,0
243742,0
243743,0
243744,0
243745,0
243746,0
243747,0
243748,0
243749,0
243750,0
243751,0
243752,0
243753,0
243754,0
243755,0
243756,0
243757,0
243758,0
243759,0
243760,0
243761,0
243762,0
243763,0
243764,0
243765,0
243766,0
243767,0
243768,0
243769,0
243770,0
243771,0
243772,0
243773,0
243774,0
243775,0
243776,0
243777,0
243778,0
243779,0
243780,0
243781,0
243782,0
243783,0
243784,0
243785,0
243786,0
243787,0
243788,0
243789,0
243790,0
243791,0
243792,0
243793,0
243794,0
243795,0
243796,0
243797,0
243798,0
243799,0
243800,0
243801,0
243802,0
243803,0
243804,0
243805,0
243806,0
243807,0
243808,0
243809,0
243810,0
243811,0
243812,0
243813,0
243814,0
243815,0
243816,0
243817,0
243818,0
243819,0
243820,0
243821,0
243822,0
243823,0
243824,0
243825,0
243826,0
243827,0
243828,0
243829,0
243830,0
243831,0
243832,0
243833,0
243834,0
243835,0
243836,0
243837,0
243838,0
243839,0
243840,0
243841,0
243842,0
243843,0
243844,0
243845,0
243846,0
243847,0
243848,0
243849,0
243850,0
243851,0
243852,0
243853,0
243854,0
243855,0
243856,0
243857,0
243858,0
243859,0
243860,0
243861,0
243862,0
243863,0
243864,0
243865,0
243866,0
243867,0
243868,0
243869,0
243870,0
243871,0
243872,0
243873,0
243874,0
243875,0
243876,0
243877,0
243878,0
243879,0
243880,0
243881,0
243882,0
243883,0
243884,0
243885,0
243886,0
243887,0
243888,0
243889,0
243890,0
243891,0
243892,0
243893,0
243894,0
243895,0
243896,0
243897,0
243898,0
243899,0
243900,0
243901,0
243902,0
243903,0
243904,0
243905,0
243906,0
243907,0
243908,0
243909,0
243910,0
243911,0
243912,0
243913,0
243914,0
243915,0
243916,0
243917,0
243918,0
243919,0
243920,0
243921,0
243922,0
243923,0
243924,0
243925,0
243926,0
243927,0
243928,0
243929,0
243930,0
243931,0
243932,0
243933,0
243934,0
243935,0
243936,0
243937,0
243938,0
243939,0
243940,0
243941,0
243942,0
243943,0
243944,0
243945,0
243946,0
243947,0
243948,0
243949,0
243950,0
243951,0
243952,0
243953,0
243954,0
243955,0
243956,0
243957,0
243958,0
243959,0
243960,0
243961,0
243962,0
243963,0
243964,0
243965,0
243966,0
243967,0
243968,0
243969,0
243970,0
243971,0
243972,0
243973,0
243974,0
243975,0
243976,0
243977,0
243978,0
243979,0
243980,0
243981,0
243982,0
243983,0
243984,0
243985,0
243986,0
243987,0
243988,0
243989,0
243990,0
243991,0
243992,0
243993,0
243994,0
243995,0
243996,0
243997,0
243998,0
243999,0
244000,0
244001,0
244002,0
244003,0
244004,0
244005,0
244006,0
244007,0
244008,0
244009,0
244010,0
244011,0
244012,0
244013,0
244014,0
244015,0
244016,0
244017,0
244018,0
244019,0
244020,0
244021,0
244022,0
244023,0
244024,0
244025,0
244026,0
244027,0
244028,0
244029,0
244030,0
244031,0
244032,0
244033,0
244034,0
244035,0
244036,0
244037,0
244038,0
244039,0
244040,0
244041,0
244042,0
244043,0
244044,0
244045,0
244046,0
244047,0
244048,0
244049,0
244050,0
244051,0
244052,0
244053,0
244054,0
244055,0
244056,0
244057,0
244058,0
244059,0
244060,0
244061,0
244062,0
244063,0
244064,0
244065,0
244066,0
244067,0
244068,0
244069,0
244070,0
244071,0
244072,0
244073,0
244074,0
244075,0
244076,0
244077,0
244078,0
244079,0
244080,0
244081,0
244082,0
244083,0
244084,0
244085,0
244086,0
244087,0
244088,0
244089,0
244090,0
244091,0
244092,0
244093,0
244094,0
244095,0
244096,0
244097,0
244098,0
244099,0
244100,0
244101,0
244102,0
244103,0
244104,0
244105,0
244106,0
244107,0
244108,0
244109,0
244110,0
244111,0
244112,0
244113,0
244114,0
244115,0
244116,0
244117,0
244118,0
244119,0
244120,0
244121,0
244122,0
244123,0
244124,0
244125,0
244126,0
244127,0
244128,0
244129,0
244130,0
244131,0
244132,0
244133,0
244134,0
244135,0
244136,0
244137,0
244138,0
244139,0
244140,0
244141,0
244142,0
244143,0
244144,0
244145,0
244146,0
244147,0
244148,0
244149,0
244150,0
244151,0
244152,0
244153,0
244154,0
244155,0
244156,0
244157,0
244158,0
244159,0
244160,0
244161,0
244162,0
244163,0
244164,0
244165,0
244166,0
244167,0
244168,0
244169,0
244170,0
244171,0
244172,0
244173,0
244174,0
244175,0
244176,0
244177,0
244178,0
244179,0
244180,0
244181,0
244182,0
244183,0
244184,0
244185,0
244186,0
244187,0
244188,0
244189,0
244190,0
244191,0
244192,0
244193,0
244194,0
244195,0
244196,0
244197,0
244198,0
244199,0
244200,0
244201,0
244202,0
244203,0
244204,0
244205,0
244206,0
244207,0
244208,0
244209,0
244210,0
244211,0
244212,0
244213,0
244214,0
244215,0
244216,0
244217,0
244218,0
244219,0
244220,0
244221,0
244222,0
244223,0
244224,0
244225,0
244226,0
244227,0
244228,0
244229,0
244230,0
244231,0
244232,0
244233,0
244234,0
244235,0
244236,0
244237,0
244238,0
244239,0
244240,0
244241,0
244242,0
244243,0
244244,0
244245,0
244246,0
244247,0
244248,0
244249,0
244250,0
244251,0
244252,0
244253,0
244254,0
244255,0
244256,0
244257,0
244258,0
244259,0
244260,0
244261,0
244262,0
244263,0
244264,0
244265,0
244266,0
244267,0
244268,0
244269,0
244270,0
244271,0
244272,0
244273,0
244274,0
244275,0
244276,0
244277,0
244278,0
244279,0
244280,0
244281,0
244282,0
244283,0
244284,0
244285,0
244286,0
244287,0
244288,0
244289,0
244290,0
244291,0
244292,0
244293,0
244294,0
244295,0
244296,0
244297,0
244298,0
244299,0
244300,0
244301,0
244302,0
244303,0
244304,0
244305,0
244306,0
244307,0
244308,0
244309,0
244310,0
244311,0
244312,0
244313,0
244314,0
244315,0
244316,0
244317,0
244318,0
244319,0
244320,0
244321,0
244322,0
244323,0
244324,0
244325,0
244326,0
244327,0
244328,0
244329,0
244330,0
244331,0
244332,0
244333,0
244334,0
244335,0
244336,0
244337,0
244338,0
244339,0
244340,0
244341,0
244342,0
244343,0
244344,0
244345,0
244346,0
244347,0
244348,0
244349,0
244350,0
244351,0
244352,0
244353,0
244354,0
244355,0
244356,0
244357,0
244358,0
244359,0
244360,0
244361,0
244362,0
244363,0
244364,0
244365,0
244366,0
244367,0
244368,0
244369,0
244370,0
244371,0
244372,0
244373,0
244374,0
244375,0
244376,0
244377,0
244378,0
244379,0
244380,0
244381,0
244382,0
244383,0
244384,0
244385,0
244386,0
244387,0
244388,0
244389,0
244390,0
244391,0
244392,0
244393,0
244394,0
244395,0
244396,0
244397,0
244398,0
244399,0
244400,0
244401,0
244402,0
244403,0
244404,0
244405,0
244406,0
244407,0
244408,0
244409,0
244410,0
244411,0
244412,0
244413,0
244414,0
244415,0
244416,0
244417,0
244418,0
244419,0
244420,0
244421,0
244422,0
244423,0
244424,0
244425,0
244426,0
244427,0
244428,0
244429,0
244430,0
244431,0
244432,0
244433,0
244434,0
244435,0
244436,0
244437,0
244438,0
244439,0
244440,0
244441,0
244442,0
244443,0
244444,0
244445,0
244446,0
244447,0
244448,0
244449,0
244450,0
244451,0
244452,0
244453,0
244454,0
244455,0
244456,0
244457,0
244458,0
244459,0
244460,0
244461,0
244462,0
244463,0
244464,0
244465,0
244466,0
244467,0
244468,0
244469,0
244470,0
244471,0
244472,0
244473,0
244474,0
244475,0
244476,0
244477,0
244478,0
244479,0
244480,0
244481,0
244482,0
244483,0
244484,0
244485,0
244486,0
244487,0
244488,0
244489,0
244490,0
244491,0
244492,0
244493,0
244494,0
244495,0
244496,0
244497,0
244498,0
244499,0
244500,0
244501,0
244502,0
244503,0
244504,0
244505,0
244506,0
244507,0
244508,0
244509,0
244510,0
244511,0
244512,0
244513,0
244514,0
244515,0
244516,0
244517,0
244518,0
244519,0
244520,0
244521,0
244522,0
244523,0
244524,0
244525,0
244526,0
244527,0
244528,0
244529,0
244530,0
244531,0
244532,0
244533,0
244534,0
244535,0
244536,0
244537,0
244538,0
244539,0
244540,0
244541,0
244542,0
244543,0
244544,0
244545,0
244546,0
244547,0
244548,0
244549,0
244550,0
244551,0
244552,0
244553,0
244554,0
244555,0
244556,0
244557,0
244558,0
244559,0
244560,0
244561,0
244562,0
244563,0
244564,0
244565,0
244566,0
244567,0
244568,0
244569,0
244570,0
244571,0
244572,0
244573,0
244574,0
244575,0
244576,0
244577,0
244578,0
244579,0
244580,0
244581,0
244582,0
244583,0
244584,0
244585,0
244586,0
244587,0
244588,0
244589,0
244590,0
244591,0
244592,0
244593,0
244594,0
244595,0
244596,0
244597,0
244598,0
244599,0
244600,0
244601,0
244602,0
244603,0
244604,0
244605,0
244606,0
244607,0
244608,0
244609,0
244610,0
244611,0
244612,0
244613,0
244614,0
244615,0
244616,0
244617,0
244618,0
244619,0
244620,0
244621,0
244622,0
244623,0
244624,0
244625,0
244626,0
244627,0
244628,0
244629,0
244630,0
244631,0
244632,0
244633,0
244634,0
244635,0
244636,0
244637,0
244638,0
244639,0
244640,0
244641,0
244642,0
244643,0
244644,0
244645,0
244646,0
244647,0
244648,0
244649,0
244650,0
244651,0
244652,0
244653,0
244654,0
244655,0
244656,0
244657,0
244658,0
244659,0
244660,0
244661,0
244662,0
244663,0
244664,0
244665,0
244666,0
244667,0
244668,0
244669,0
244670,0
244671,0
244672,0
244673,0
244674,0
244675,0
244676,0
244677,0
244678,0
244679,0
244680,0
244681,0
244682,0
244683,0
244684,0
244685,0
244686,0
244687,0
244688,0
244689,0
244690,0
244691,0
244692,0
244693,0
244694,0
244695,0
244696,0
244697,0
244698,0
244699,0
244700,0
244701,0
244702,0
244703,0
244704,0
244705,0
244706,0
244707,0
244708,0
244709,0
244710,0
244711,0
244712,0
244713,0
244714,0
244715,0
244716,0
244717,0
244718,0
244719,0
244720,0
244721,0
244722,0
244723,0
244724,0
244725,0
244726,0
244727,0
244728,0
244729,0
244730,0
244731,0
244732,0
244733,0
244734,0
244735,0
244736,0
244737,0
244738,0
244739,0
244740,0
244741,0
244742,0
244743,0
244744,0
244745,0
244746,0
244747,0
244748,0
244749,0
244750,0
244751,0
244752,0
244753,0
244754,0
244755,0
244756,0
244757,0
244758,0
244759,0
244760,0
244761,0
244762,0
244763,0
244764,0
244765,0
244766,0
244767,0
244768,0
244769,0
244770,0
244771,0
244772,0
244773,0
244774,0
244775,0
244776,0
244777,0
244778,0
244779,0
244780,0
244781,0
244782,0
244783,0
244784,0
244785,0
244786,0
244787,0
244788,0
244789,0
244790,0
244791,0
244792,0
244793,0
244794,0
244795,0
244796,0
244797,0
244798,0
244799,0
244800,0
244801,0
244802,0
244803,0
244804,0
244805,0
244806,0
244807,0
244808,0
244809,0
244810,0
244811,0
244812,0
244813,0
244814,0
244815,0
244816,0
244817,0
244818,0
244819,0
244820,0
244821,0
244822,0
244823,0
244824,0
244825,0
244826,0
244827,0
244828,0
244829,0
244830,0
244831,0
244832,0
244833,0
244834,0
244835,0
244836,0
244837,0
244838,0
244839,0
244840,0
244841,0
244842,0
244843,0
244844,0
244845,0
244846,0
244847,0
244848,0
244849,0
244850,0
244851,0
244852,0
244853,0
244854,0
244855,0
244856,0
244857,0
244858,0
244859,0
244860,0
244861,0
244862,0
244863,0
244864,0
244865,0
244866,0
244867,0
244868,0
244869,0
244870,0
244871,0
244872,0
244873,0
244874,0
244875,0
244876,0
244877,0
244878,0
244879,0
244880,0
244881,0
244882,0
244883,0
244884,0
244885,0
244886,0
244887,0
244888,0
244889,0
244890,0
244891,0
244892,0
244893,0
244894,0
244895,0
244896,0
244897,0
244898,0
244899,0
244900,0
244901,0
244902,0
244903,0
244904,0
244905,0
244906,0
244907,0
244908,0
244909,0
244910,0
244911,0
244912,0
244913,0
244914,0
244915,0
244916,0
244917,0
244918,0
244919,0
244920,0
244921,0
244922,0
244923,0
244924,0
244925,0
244926,0
244927,0
244928,0
244929,0
244930,0
244931,0
244932,0
244933,0
244934,0
244935,0
244936,0
244937,0
244938,0
244939,0
244940,0
244941,0
244942,0
244943,0
244944,0
244945,0
244946,0
244947,0
244948,0
244949,0
244950,0
244951,0
244952,0
244953,0
244954,0
244955,0
244956,0
244957,0
244958,0
244959,0
244960,0
244961,0
244962,0
244963,0
244964,0
244965,0
244966,0
244967,0
244968,0
244969,0
244970,0
244971,0
244972,0
244973,0
244974,0
244975,0
244976,0
244977,0
244978,0
244979,0
244980,0
244981,0
244982,0
244983,0
244984,0
244985,0
244986,0
244987,0
244988,0
244989,0
244990,0
244991,0
244992,0
244993,0
244994,0
244995,0
244996,0
244997,0
244998,0
244999,0
245000,0
245001,0
245002,0
245003,0
245004,0
245005,0
245006,0
245007,0
245008,0
245009,0
245010,0
245011,0
245012,0
245013,0
245014,0
245015,0
245016,0
245017,0
245018,0
245019,0
245020,0
245021,0
245022,0
245023,0
245024,0
245025,0
245026,0
245027,0
245028,0
245029,0
245030,0
245031,0
245032,0
245033,0
245034,0
245035,0
245036,0
245037,0
245038,0
245039,0
245040,0
245041,0
245042,0
245043,0
245044,0
245045,0
245046,0
245047,0
245048,0
245049,0
245050,0
245051,0
245052,0
245053,0
245054,0
245055,0
245056,0
245057,0
245058,0
245059,0
245060,0
245061,0
245062,0
245063,0
245064,0
245065,0
245066,0
245067,0
245068,0
245069,0
245070,0
245071,0
245072,0
245073,0
245074,0
245075,0
245076,0
245077,0
245078,0
245079,0
245080,0
245081,0
245082,0
245083,0
245084,0
245085,0
245086,0
245087,0
245088,0
245089,0
245090,0
245091,0
245092,0
245093,0
245094,0
245095,0
245096,0
245097,0
245098,0
245099,0
245100,0
245101,0
245102,0
245103,0
245104,0
245105,0
245106,0
245107,0
245108,0
245109,0
245110,0
245111,0
245112,0
245113,0
245114,0
245115,0
245116,0
245117,0
245118,0
245119,0
245120,0
245121,0
245122,0
245123,0
245124,0
245125,0
245126,0
245127,0
245128,0
245129,0
245130,0
245131,0
245132,0
245133,0
245134,0
245135,0
245136,0
245137,0
245138,0
245139,0
245140,0
245141,0
245142,0
245143,0
245144,0
245145,0
245146,0
245147,0
245148,0
245149,0
245150,0
245151,0
245152,0
245153,0
245154,0
245155,0
245156,0
245157,0
245158,0
245159,0
245160,0
245161,0
245162,0
245163,0
245164,0
245165,0
245166,0
245167,0
245168,0
245169,0
245170,0
245171,0
245172,0
245173,0
245174,0
245175,0
245176,0
245177,0
245178,0
245179,0
245180,0
245181,0
245182,0
245183,0
245184,0
245185,0
245186,0
245187,0
245188,0
245189,0
245190,0
245191,0
245192,0
245193,0
245194,0
245195,0
245196,0
245197,0
245198,0
245199,0
245200,0
245201,0
245202,0
245203,0
245204,0
245205,0
245206,0
245207,0
245208,0
245209,0
245210,0
245211,0
245212,0
245213,0
245214,0
245215,0
245216,0
245217,0
245218,0
245219,0
245220,0
245221,0
245222,0
245223,0
245224,0
245225,0
245226,0
245227,0
245228,0
245229,0
245230,0
245231,0
245232,0
245233,0
245234,0
245235,0
245236,0
245237,0
245238,0
245239,0
245240,0
245241,0
245242,0
245243,0
245244,0
245245,0
245246,0
245247,0
245248,0
245249,0
245250,0
245251,0
245252,0
245253,0
245254,0
245255,0
245256,0
245257,0
245258,0
245259,0
245260,0
245261,0
245262,0
245263,0
245264,0
245265,0
245266,0
245267,0
245268,0
245269,0
245270,0
245271,0
245272,0
245273,0
245274,0
245275,0
245276,0
245277,0
245278,0
245279,0
245280,0
245281,0
245282,0
245283,0
245284,0
245285,0
245286,0
245287,0
245288,0
245289,0
245290,0
245291,0
245292,0
245293,0
245294,0
245295,0
245296,0
245297,0
245298,0
245299,0
245300,0
245301,0
245302,0
245303,0
245304,0
245305,0
245306,0
245307,0
245308,0
245309,0
245310,0
245311,0
245312,0
245313,0
245314,0
245315,0
245316,0
245317,0
245318,0
245319,0
245320,0
245321,0
245322,0
245323,0
245324,0
245325,0
245326,0
245327,0
245328,0
245329,0
245330,0
245331,0
245332,0
245333,0
245334,0
245335,0
245336,0
245337,0
245338,0
245339,0
245340,0
245341,0
245342,0
245343,0
245344,0
245345,0
245346,0
245347,0
245348,0
245349,0
245350,0
245351,0
245352,0
245353,0
245354,0
245355,0
245356,0
245357,0
245358,0
245359,0
245360,0
245361,0
245362,0
245363,0
245364,0
245365,0
245366,0
245367,0
245368,0
245369,0
245370,0
245371,0
245372,0
245373,0
245374,0
245375,0
245376,0
245377,0
245378,0
245379,0
245380,0
245381,0
245382,0
245383,0
245384,0
245385,0
245386,0
245387,0
245388,0
245389,0
245390,0
245391,0
245392,0
245393,0
245394,0
245395,0
245396,0
245397,0
245398,0
245399,0
245400,0
245401,0
245402,0
245403,0
245404,0
245405,0
245406,0
245407,0
245408,0
245409,0
245410,0
245411,0
245412,0
245413,0
245414,0
245415,0
245416,0
245417,0
245418,0
245419,0
245420,0
245421,0
245422,0
245423,0
245424,0
245425,0
245426,0
245427,0
245428,0
245429,0
245430,0
245431,0
245432,0
245433,0
245434,0
245435,0
245436,0
245437,0
245438,0
245439,0
245440,0
245441,0
245442,0
245443,0
245444,0
245445,0
245446,0
245447,0
245448,0
245449,0
245450,0
245451,0
245452,0
245453,0
245454,0
245455,0
245456,0
245457,0
245458,0
245459,0
245460,0
245461,0
245462,0
245463,0
245464,0
245465,0
245466,0
245467,0
245468,0
245469,0
245470,0
245471,0
245472,0
245473,0
245474,0
245475,0
245476,0
245477,0
245478,0
245479,0
245480,0
245481,0
245482,0
245483,0
245484,0
245485,0
245486,0
245487,0
245488,0
245489,0
245490,0
245491,0
245492,0
245493,0
245494,0
245495,0
245496,0
245497,0
245498,0
245499,0
245500,0
245501,0
245502,0
245503,0
245504,0
245505,0
245506,0
245507,0
245508,0
245509,0
245510,0
245511,0
245512,0
245513,0
245514,0
245515,0
245516,0
245517,0
245518,0
245519,0
245520,0
245521,0
245522,0
245523,0
245524,0
245525,0
245526,0
245527,0
245528,0
245529,0
245530,0
245531,0
245532,0
245533,0
245534,0
245535,0
245536,0
245537,0
245538,0
245539,0
245540,0
245541,0
245542,0
245543,0
245544,0
245545,0
245546,0
245547,0
245548,0
245549,0
245550,0
245551,0
245552,0
245553,0
245554,0
245555,0
245556,0
245557,0
245558,0
245559,0
245560,0
245561,0
245562,0
245563,0
245564,0
245565,0
245566,0
245567,0
245568,0
245569,0
245570,0
245571,0
245572,0
245573,0
245574,0
245575,0
245576,0
245577,0
245578,0
245579,0
245580,0
245581,0
245582,0
245583,0
245584,0
245585,0
245586,0
245587,0
245588,0
245589,0
245590,0
245591,0
245592,0
245593,0
245594,0
245595,0
245596,0
245597,0
245598,0
245599,0
245600,0
245601,0
245602,0
245603,0
245604,0
245605,0
245606,0
245607,0
245608,0
245609,0
245610,0
245611,0
245612,0
245613,0
245614,0
245615,0
245616,0
245617,0
245618,0
245619,0
245620,0
245621,0
245622,0
245623,0
245624,0
245625,0
245626,0
245627,0
245628,0
245629,0
245630,0
245631,0
245632,0
245633,0
245634,0
245635,0
245636,0
245637,0
245638,0
245639,0
245640,0
245641,0
245642,0
245643,0
245644,0
245645,0
245646,0
245647,0
245648,0
245649,0
245650,0
245651,0
245652,0
245653,0
245654,0
245655,0
245656,0
245657,0
245658,0
245659,0
245660,0
245661,0
245662,0
245663,0
245664,0
245665,0
245666,0
245667,0
245668,0
245669,0
245670,0
245671,0
245672,0
245673,0
245674,0
245675,0
245676,0
245677,0
245678,0
245679,0
245680,0
245681,0
245682,0
245683,0
245684,0
245685,0
245686,0
245687,0
245688,0
245689,0
245690,0
245691,0
245692,0
245693,0
245694,0
245695,0
245696,0
245697,0
245698,0
245699,0
245700,0
245701,0
245702,0
245703,0
245704,0
245705,0
245706,0
245707,0
245708,0
245709,0
245710,0
245711,0
245712,0
245713,0
245714,0
245715,0
245716,0
245717,0
245718,0
245719,0
245720,0
245721,0
245722,0
245723,0
245724,0
245725,0
245726,0
245727,0
245728,0
245729,0
245730,0
245731,0
245732,0
245733,0
245734,0
245735,0
245736,0
245737,0
245738,0
245739,0
245740,0
245741,0
245742,0
245743,0
245744,0
245745,0
245746,0
245747,0
245748,0
245749,0
245750,0
245751,0
245752,0
245753,0
245754,0
245755,0
245756,0
245757,0
245758,0
245759,0
245760,0
245761,0
245762,0
245763,0
245764,0
245765,0
245766,0
245767,0
245768,0
245769,0
245770,0
245771,0
245772,0
245773,0
245774,0
245775,0
245776,0
245777,0
245778,0
245779,0
245780,0
245781,0
245782,0
245783,0
245784,0
245785,0
245786,0
245787,0
245788,0
245789,0
245790,0
245791,0
245792,0
245793,0
245794,0
245795,0
245796,0
245797,0
245798,0
245799,0
245800,0
245801,0
245802,0
245803,0
245804,0
245805,0
245806,0
245807,0
245808,0
245809,0
245810,0
245811,0
245812,0
245813,0
245814,0
245815,0
245816,0
245817,0
245818,0
245819,0
245820,0
245821,0
245822,0
245823,0
245824,0
245825,0
245826,0
245827,0
245828,0
245829,0
245830,0
245831,0
245832,0
245833,0
245834,0
245835,0
245836,0
245837,0
245838,0
245839,0
245840,0
245841,0
245842,0
245843,0
245844,0
245845,0
245846,0
245847,0
245848,0
245849,0
245850,0
245851,0
245852,0
245853,0
245854,0
245855,0
245856,0
245857,0
245858,0
245859,0
245860,0
245861,0
245862,0
245863,0
245864,0
245865,0
245866,0
245867,0
245868,0
245869,0
245870,0
245871,0
245872,0
245873,0
245874,0
245875,0
245876,0
245877,0
245878,0
245879,0
245880,0
245881,0
245882,0
245883,0
245884,0
245885,0
245886,0
245887,0
245888,0
245889,0
245890,0
245891,0
245892,0
245893,0
245894,0
245895,0
245896,0
245897,0
245898,0
245899,0
245900,0
245901,0
245902,0
245903,0
245904,0
245905,0
245906,0
245907,0
245908,0
245909,0
245910,0
245911,0
245912,0
245913,0
245914,0
245915,0
245916,0
245917,0
245918,0
245919,0
245920,0
245921,0
245922,0
245923,0
245924,0
245925,0
245926,0
245927,0
245928,0
245929,0
245930,0
245931,0
245932,0
245933,0
245934,0
245935,0
245936,0
245937,0
245938,0
245939,0
245940,0
245941,0
245942,0
245943,0
245944,0
245945,0
245946,0
245947,0
245948,0
245949,0
245950,0
245951,0
245952,0
245953,0
245954,0
245955,0
245956,0
245957,0
245958,0
245959,0
245960,0
245961,0
245962,0
245963,0
245964,0
245965,0
245966,0
245967,0
245968,0
245969,0
245970,0
245971,0
245972,0
245973,0
245974,0
245975,0
245976,0
245977,0
245978,0
245979,0
245980,0
245981,0
245982,0
245983,0
245984,0
245985,0
245986,0
245987,0
245988,0
245989,0
245990,0
245991,0
245992,0
245993,0
245994,0
245995,0
245996,0
245997,0
245998,0
245999,0
246000,0
246001,0
246002,0
246003,0
246004,0
246005,0
246006,0
246007,0
246008,0
246009,0
246010,0
246011,0
246012,0
246013,0
246014,0
246015,0
246016,0
246017,0
246018,0
246019,0
246020,0
246021,0
246022,0
246023,0
246024,0
246025,0
246026,0
246027,0
246028,0
246029,0
246030,0
246031,0
246032,0
246033,0
246034,0
246035,0
246036,0
246037,0
246038,0
246039,0
246040,0
246041,0
246042,0
246043,0
246044,0
246045,0
246046,0
246047,0
246048,0
246049,0
246050,0
246051,0
246052,0
246053,0
246054,0
246055,0
246056,0
246057,0
246058,0
246059,0
246060,0
246061,0
246062,0
246063,0
246064,0
246065,0
246066,0
246067,0
246068,0
246069,0
246070,0
246071,0
246072,0
246073,0
246074,0
246075,0
246076,0
246077,0
246078,0
246079,0
246080,0
246081,0
246082,0
246083,0
246084,0
246085,0
246086,0
246087,0
246088,0
246089,0
246090,0
246091,0
246092,0
246093,0
246094,0
246095,0
246096,0
246097,0
246098,0
246099,0
246100,0
246101,0
246102,0
246103,0
246104,0
246105,0
246106,0
246107,0
246108,0
246109,0
246110,0
246111,0
246112,0
246113,0
246114,0
246115,0
246116,0
246117,0
246118,0
246119,0
246120,0
246121,0
246122,0
246123,0
246124,0
246125,0
246126,0
246127,0
246128,0
246129,0
246130,0
246131,0
246132,0
246133,0
246134,0
246135,0
246136,0
246137,0
246138,0
246139,0
246140,0
246141,0
246142,0
246143,0
246144,0
246145,0
246146,0
246147,0
246148,0
246149,0
246150,0
246151,0
246152,0
246153,0
246154,0
246155,0
246156,0
246157,0
246158,0
246159,0
246160,0
246161,0
246162,0
246163,0
246164,0
246165,0
246166,0
246167,0
246168,0
246169,0
246170,0
246171,0
246172,0
246173,0
246174,0
246175,0
246176,0
246177,0
246178,0
246179,0
246180,0
246181,0
246182,0
246183,0
246184,0
246185,0
246186,0
246187,0
246188,0
246189,0
246190,0
246191,0
246192,0
246193,0
246194,0
246195,0
246196,0
246197,0
246198,0
246199,0
246200,0
246201,0
246202,0
246203,0
246204,0
246205,0
246206,0
246207,0
246208,0
246209,0
246210,0
246211,0
246212,0
246213,0
246214,0
246215,0
246216,0
246217,0
246218,0
246219,0
246220,0
246221,0
246222,0
246223,0
246224,0
246225,0
246226,0
246227,0
246228,0
246229,0
246230,0
246231,0
246232,0
246233,0
246234,0
246235,0
246236,0
246237,0
246238,0
246239,0
246240,0
246241,0
246242,0
246243,0
246244,0
246245,0
246246,0
246247,0
246248,0
246249,0
246250,0
246251,0
246252,0
246253,0
246254,0
246255,0
246256,0
246257,0
246258,0
246259,0
246260,0
246261,0
246262,0
246263,0
246264,0
246265,0
246266,0
246267,0
246268,0
246269,0
246270,0
246271,0
246272,0
246273,0
246274,0
246275,0
246276,0
246277,0
246278,0
246279,0
246280,0
246281,0
246282,0
246283,0
246284,0
246285,0
246286,0
246287,0
246288,0
246289,0
246290,0
246291,0
246292,0
246293,0
246294,0
246295,0
246296,0
246297,0
246298,0
246299,0
246300,0
246301,0
246302,0
246303,0
246304,0
246305,0
246306,0
246307,0
246308,0
246309,0
246310,0
246311,0
246312,0
246313,0
246314,0
246315,0
246316,0
246317,0
246318,0
246319,0
246320,0
246321,0
246322,0
246323,0
246324,0
246325,0
246326,0
246327,0
246328,0
246329,0
246330,0
246331,0
246332,0
246333,0
246334,0
246335,0
246336,0
246337,0
246338,0
246339,0
246340,0
246341,0
246342,0
246343,0
246344,0
246345,0
246346,0
246347,0
246348,0
246349,0
246350,0
246351,0
246352,0
246353,0
246354,0
246355,0
246356,0
246357,0
246358,0
246359,0
246360,0
246361,0
246362,0
246363,0
246364,0
246365,0
246366,0
246367,0
246368,0
246369,0
246370,0
246371,0
246372,0
246373,0
246374,0
246375,0
246376,0
246377,0
246378,0
246379,0
246380,0
246381,0
246382,0
246383,0
246384,0
246385,0
246386,0
246387,0
246388,0
246389,0
246390,0
246391,0
246392,0
246393,0
246394,0
246395,0
246396,0
246397,0
246398,0
246399,0
246400,0
246401,0
246402,0
246403,0
246404,0
246405,0
246406,0
246407,0
246408,0
246409,0
246410,0
246411,0
246412,0
246413,0
246414,0
246415,0
246416,0
246417,0
246418,0
246419,0
246420,0
246421,0
246422,0
246423,0
246424,0
246425,0
246426,0
246427,0
246428,0
246429,0
246430,0
246431,0
246432,0
246433,0
246434,0
246435,0
246436,0
246437,0
246438,0
246439,0
246440,0
246441,0
246442,0
246443,0
246444,0
246445,0
246446,0
246447,0
246448,0
246449,0
246450,0
246451,0
246452,0
246453,0
246454,0
246455,0
246456,0
246457,0
246458,0
246459,0
246460,0
246461,0
246462,0
246463,0
246464,0
246465,0
246466,0
246467,0
246468,0
246469,0
246470,0
246471,0
246472,0
246473,0
246474,0
246475,0
246476,0
246477,0
246478,0
246479,0
246480,0
246481,0
246482,0
246483,0
246484,0
246485,0
246486,0
246487,0
246488,0
246489,0
246490,0
246491,0
246492,0
246493,0
246494,0
246495,0
246496,0
246497,0
246498,0
246499,0
246500,0
246501,0
246502,0
246503,0
246504,0
246505,0
246506,0
246507,0
246508,0
246509,0
246510,0
246511,0
246512,0
246513,0
246514,0
246515,0
246516,0
246517,0
246518,0
246519,0
246520,0
246521,0
246522,0
246523,0
246524,0
246525,0
246526,0
246527,0
246528,0
246529,0
246530,0
246531,0
246532,0
246533,0
246534,0
246535,0
246536,0
246537,0
246538,0
246539,0
246540,0
246541,0
246542,0
246543,0
246544,0
246545,0
246546,0
246547,0
246548,0
246549,0
246550,0
246551,0
246552,0
246553,0
246554,0
246555,0
246556,0
246557,0
246558,0
246559,0
246560,0
246561,0
246562,0
246563,0
246564,0
246565,0
246566,0
246567,0
246568,0
246569,0
246570,0
246571,0
246572,0
246573,0
246574,0
246575,0
246576,0
246577,0
246578,0
246579,0
246580,0
246581,0
246582,0
246583,0
246584,0
246585,0
246586,0
246587,0
246588,0
246589,0
246590,0
246591,0
246592,0
246593,0
246594,0
246595,0
246596,0
246597,0
246598,0
246599,0
246600,0
246601,0
246602,0
246603,0
246604,0
246605,0
246606,0
246607,0
246608,0
246609,0
246610,0
246611,0
246612,0
246613,0
246614,0
246615,0
246616,0
246617,0
246618,0
246619,0
246620,0
246621,0
246622,0
246623,0
246624,0
246625,0
246626,0
246627,0
246628,0
246629,0
246630,0
246631,0
246632,0
246633,0
246634,0
246635,0
246636,0
246637,0
246638,0
246639,0
246640,0
246641,0
246642,0
246643,0
246644,0
246645,0
246646,0
246647,0
246648,0
246649,0
246650,0
246651,0
246652,0
246653,0
246654,0
246655,0
246656,0
246657,0
246658,0
246659,0
246660,0
246661,0
246662,0
246663,0
246664,0
246665,0
246666,0
246667,0
246668,0
246669,0
246670,0
246671,0
246672,0
246673,0
246674,0
246675,0
246676,0
246677,0
246678,0
246679,0
246680,0
246681,0
246682,0
246683,0
246684,0
246685,0
246686,0
246687,0
246688,0
246689,0
246690,0
246691,0
246692,0
246693,0
246694,0
246695,0
246696,0
246697,0
246698,0
246699,0
246700,0
246701,0
246702,0
246703,0
246704,0
246705,0
246706,0
246707,0
246708,0
246709,0
246710,0
246711,0
246712,0
246713,0
246714,0
246715,0
246716,0
246717,0
246718,0
246719,0
246720,0
246721,0
246722,0
246723,0
246724,0
246725,0
246726,0
246727,0
246728,0
246729,0
246730,0
246731,0
246732,0
246733,0
246734,0
246735,0
246736,0
246737,0
246738,0
246739,0
246740,0
246741,0
246742,0
246743,0
246744,0
246745,0
246746,0
246747,0
246748,0
246749,0
246750,0
246751,0
246752,0
246753,0
246754,0
246755,0
246756,0
246757,0
246758,0
246759,0
246760,0
246761,0
246762,0
246763,0
246764,0
246765,0
246766,0
246767,0
246768,0
246769,0
246770,0
246771,0
246772,0
246773,0
246774,0
246775,0
246776,0
246777,0
246778,0
246779,0
246780,0
246781,0
246782,0
246783,0
246784,0
246785,0
246786,0
246787,0
246788,0
246789,0
246790,0
246791,0
246792,0
246793,0
246794,0
246795,0
246796,0
246797,0
246798,0
246799,0
246800,0
246801,0
246802,0
246803,0
246804,0
246805,0
246806,0
246807,0
246808,0
246809,0
246810,0
246811,0
246812,0
246813,0
246814,0
246815,0
246816,0
246817,0
246818,0
246819,0
246820,0
246821,0
246822,0
246823,0
246824,0
246825,0
246826,0
246827,0
246828,0
246829,0
246830,0
246831,0
246832,0
246833,0
246834,0
246835,0
246836,0
246837,0
246838,0
246839,0
246840,0
246841,0
246842,0
246843,0
246844,0
246845,0
246846,0
246847,0
246848,0
246849,0
246850,0
246851,0
246852,0
246853,0
246854,0
246855,0
246856,0
246857,0
246858,0
246859,0
246860,0
246861,0
246862,0
246863,0
246864,0
246865,0
246866,0
246867,0
246868,0
246869,0
246870,0
246871,0
246872,0
246873,0
246874,0
246875,0
246876,0
246877,0
246878,0
246879,0
246880,0
246881,0
246882,0
246883,0
246884,0
246885,0
246886,0
246887,0
246888,0
246889,0
246890,0
246891,0
246892,0
246893,0
246894,0
246895,0
246896,0
246897,0
246898,0
246899,0
246900,0
246901,0
246902,0
246903,0
246904,0
246905,0
246906,0
246907,0
246908,0
246909,0
246910,0
246911,0
246912,0
246913,0
246914,0
246915,0
246916,0
246917,0
246918,0
246919,0
246920,0
246921,0
246922,0
246923,0
246924,0
246925,0
246926,0
246927,0
246928,0
246929,0
246930,0
246931,0
246932,0
246933,0
246934,0
246935,0
246936,0
246937,0
246938,0
246939,0
246940,0
246941,0
246942,0
246943,0
246944,0
246945,0
246946,0
246947,0
246948,0
246949,0
246950,0
246951,0
246952,0
246953,0
246954,0
246955,0
246956,0
246957,0
246958,0
246959,0
246960,0
246961,0
246962,0
246963,0
246964,0
246965,0
246966,0
246967,0
246968,0
246969,0
246970,0
246971,0
246972,0
246973,0
246974,0
246975,0
246976,0
246977,0
246978,0
246979,0
246980,0
246981,0
246982,0
246983,0
246984,0
246985,0
246986,0
246987,0
246988,0
246989,0
246990,0
246991,0
246992,0
246993,0
246994,0
246995,0
246996,0
246997,0
246998,0
246999,0
247000,0
247001,0
247002,0
247003,0
247004,0
247005,0
247006,0
247007,0
247008,0
247009,0
247010,0
247011,0
247012,0
247013,0
247014,0
247015,0
247016,0
247017,0
247018,0
247019,0
247020,0
247021,0
247022,0
247023,0
247024,0
247025,0
247026,0
247027,0
247028,0
247029,0
247030,0
247031,0
247032,0
247033,0
247034,0
247035,0
247036,0
247037,0
247038,0
247039,0
247040,0
247041,0
247042,0
247043,0
247044,0
247045,0
247046,0
247047,0
247048,0
247049,0
247050,0
247051,0
247052,0
247053,0
247054,0
247055,0
247056,0
247057,0
247058,0
247059,0
247060,0
247061,0
247062,0
247063,0
247064,0
247065,0
247066,0
247067,0
247068,0
247069,0
247070,0
247071,0
247072,0
247073,0
247074,0
247075,0
247076,0
247077,0
247078,0
247079,0
247080,0
247081,0
247082,0
247083,0
247084,0
247085,0
247086,0
247087,0
247088,0
247089,0
247090,0
247091,0
247092,0
247093,0
247094,0
247095,0
247096,0
247097,0
247098,0
247099,0
247100,0
247101,0
247102,0
247103,0
247104,0
247105,0
247106,0
247107,0
247108,0
247109,0
247110,0
247111,0
247112,0
247113,0
247114,0
247115,0
247116,0
247117,0
247118,0
247119,0
247120,0
247121,0
247122,0
247123,0
247124,0
247125,0
247126,0
247127,0
247128,0
247129,0
247130,0
247131,0
247132,0
247133,0
247134,0
247135,0
247136,0
247137,0
247138,0
247139,0
247140,0
247141,0
247142,0
247143,0
247144,0
247145,0
247146,0
247147,0
247148,0
247149,0
247150,0
247151,0
247152,0
247153,0
247154,0
247155,0
247156,0
247157,0
247158,0
247159,0
247160,0
247161,0
247162,0
247163,0
247164,0
247165,0
247166,0
247167,0
247168,0
247169,0
247170,0
247171,0
247172,0
247173,0
247174,0
247175,0
247176,0
247177,0
247178,0
247179,0
247180,0
247181,0
247182,0
247183,0
247184,0
247185,0
247186,0
247187,0
247188,0
247189,0
247190,0
247191,0
247192,0
247193,0
247194,0
247195,0
247196,0
247197,0
247198,0
247199,0
247200,0
247201,0
247202,0
247203,0
247204,0
247205,0
247206,0
247207,0
247208,0
247209,0
247210,0
247211,0
247212,0
247213,0
247214,0
247215,0
247216,0
247217,0
247218,0
247219,0
247220,0
247221,0
247222,0
247223,0
247224,0
247225,0
247226,0
247227,0
247228,0
247229,0
247230,0
247231,0
247232,0
247233,0
247234,0
247235,0
247236,0
247237,0
247238,0
247239,0
247240,0
247241,0
247242,0
247243,0
247244,0
247245,0
247246,0
247247,0
247248,0
247249,0
247250,0
247251,0
247252,0
247253,0
247254,0
247255,0
247256,0
247257,0
247258,0
247259,0
247260,0
247261,0
247262,0
247263,0
247264,0
247265,0
247266,0
247267,0
247268,0
247269,0
247270,0
247271,0
247272,0
247273,0
247274,0
247275,0
247276,0
247277,0
247278,0
247279,0
247280,0
247281,0
247282,0
247283,0
247284,0
247285,0
247286,0
247287,0
247288,0
247289,0
247290,0
247291,0
247292,0
247293,0
247294,0
247295,0
247296,0
247297,0
247298,0
247299,0
247300,0
247301,0
247302,0
247303,0
247304,0
247305,0
247306,0
247307,0
247308,0
247309,0
247310,0
247311,0
247312,0
247313,0
247314,0
247315,0
247316,0
247317,0
247318,0
247319,0
247320,0
247321,0
247322,0
247323,0
247324,0
247325,0
247326,0
247327,0
247328,0
247329,0
247330,0
247331,0
247332,0
247333,0
247334,0
247335,0
247336,0
247337,0
247338,0
247339,0
247340,0
247341,0
247342,0
247343,0
247344,0
247345,0
247346,0
247347,0
247348,0
247349,0
247350,0
247351,0
247352,0
247353,0
247354,0
247355,0
247356,0
247357,0
247358,0
247359,0
247360,0
247361,0
247362,0
247363,0
247364,0
247365,0
247366,0
247367,0
247368,0
247369,0
247370,0
247371,0
247372,0
247373,0
247374,0
247375,0
247376,0
247377,0
247378,0
247379,0
247380,0
247381,0
247382,0
247383,0
247384,0
247385,0
247386,0
247387,0
247388,0
247389,0
247390,0
247391,0
247392,0
247393,0
247394,0
247395,0
247396,0
247397,0
247398,0
247399,0
247400,0
247401,0
247402,0
247403,0
247404,0
247405,0
247406,0
247407,0
247408,0
247409,0
247410,0
247411,0
247412,0
247413,0
247414,0
247415,0
247416,0
247417,0
247418,0
247419,0
247420,0
247421,0
247422,0
247423,0
247424,0
247425,0
247426,0
247427,0
247428,0
247429,0
247430,0
247431,0
247432,0
247433,0
247434,0
247435,0
247436,0
247437,0
247438,0
247439,0
247440,0
247441,0
247442,0
247443,0
247444,0
247445,0
247446,0
247447,0
247448,0
247449,0
247450,0
247451,0
247452,0
247453,0
247454,0
247455,0
247456,0
247457,0
247458,0
247459,0
247460,0
247461,0
247462,0
247463,0
247464,0
247465,0
247466,0
247467,0
247468,0
247469,0
247470,0
247471,0
247472,0
247473,0
247474,0
247475,0
247476,0
247477,0
247478,0
247479,0
247480,0
247481,0
247482,0
247483,0
247484,0
247485,0
247486,0
247487,0
247488,0
247489,0
247490,0
247491,0
247492,0
247493,0
247494,0
247495,0
247496,0
247497,0
247498,0
247499,0
247500,0
247501,0
247502,0
247503,0
247504,0
247505,0
247506,0
247507,0
247508,0
247509,0
247510,0
247511,0
247512,0
247513,0
247514,0
247515,0
247516,0
247517,0
247518,0
247519,0
247520,0
247521,0
247522,0
247523,0
247524,0
247525,0
247526,0
247527,0
247528,0
247529,0
247530,0
247531,0
247532,0
247533,0
247534,0
247535,0
247536,0
247537,0
247538,0
247539,0
247540,0
247541,0
247542,0
247543,0
247544,0
247545,0
247546,0
247547,0
247548,0
247549,0
247550,0
247551,0
247552,0
247553,0
247554,0
247555,0
247556,0
247557,0
247558,0
247559,0
247560,0
247561,0
247562,0
247563,0
247564,0
247565,0
247566,0
247567,0
247568,0
247569,0
247570,0
247571,0
247572,0
247573,0
247574,0
247575,0
247576,0
247577,0
247578,0
247579,0
247580,0
247581,0
247582,0
247583,0
247584,0
247585,0
247586,0
247587,0
247588,0
247589,0
247590,0
247591,0
247592,0
247593,0
247594,0
247595,0
247596,0
247597,0
247598,0
247599,0
247600,0
247601,0
247602,0
247603,0
247604,0
247605,0
247606,0
247607,0
247608,0
247609,0
247610,0
247611,0
247612,0
247613,0
247614,0
247615,0
247616,0
247617,0
247618,0
247619,0
247620,0
247621,0
247622,0
247623,0
247624,0
247625,0
247626,0
247627,0
247628,0
247629,0
247630,0
247631,0
247632,0
247633,0
247634,0
247635,0
247636,0
247637,0
247638,0
247639,0
247640,0
247641,0
247642,0
247643,0
247644,0
247645,0
247646,0
247647,0
247648,0
247649,0
247650,0
247651,0
247652,0
247653,0
247654,0
247655,0
247656,0
247657,0
247658,0
247659,0
247660,0
247661,0
247662,0
247663,0
247664,0
247665,0
247666,0
247667,0
247668,0
247669,0
247670,0
247671,0
247672,0
247673,0
247674,0
247675,0
247676,0
247677,0
247678,0
247679,0
247680,0
247681,0
247682,0
247683,0
247684,0
247685,0
247686,0
247687,0
247688,0
247689,0
247690,0
247691,0
247692,0
247693,0
247694,0
247695,0
247696,0
247697,0
247698,0
247699,0
247700,0
247701,0
247702,0
247703,0
247704,0
247705,0
247706,0
247707,0
247708,0
247709,0
247710,0
247711,0
247712,0
247713,0
247714,0
247715,0
247716,0
247717,0
247718,0
247719,0
247720,0
247721,0
247722,0
247723,0
247724,0
247725,0
247726,0
247727,0
247728,0
247729,0
247730,0
247731,0
247732,0
247733,0
247734,0
247735,0
247736,0
247737,0
247738,0
247739,0
247740,0
247741,0
247742,0
247743,0
247744,0
247745,0
247746,0
247747,0
247748,0
247749,0
247750,0
247751,0
247752,0
247753,0
247754,0
247755,0
247756,0
247757,0
247758,0
247759,0
247760,0
247761,0
247762,0
247763,0
247764,0
247765,0
247766,0
247767,0
247768,0
247769,0
247770,0
247771,0
247772,0
247773,0
247774,0
247775,0
247776,0
247777,0
247778,0
247779,0
247780,0
247781,0
247782,0
247783,0
247784,0
247785,0
247786,0
247787,0
247788,0
247789,0
247790,0
247791,0
247792,0
247793,0
247794,0
247795,0
247796,0
247797,0
247798,0
247799,0
247800,0
247801,0
247802,0
247803,0
247804,0
247805,0
247806,0
247807,0
247808,0
247809,0
247810,0
247811,0
247812,0
247813,0
247814,0
247815,0
247816,0
247817,0
247818,0
247819,0
247820,0
247821,0
247822,0
247823,0
247824,0
247825,0
247826,0
247827,0
247828,0
247829,0
247830,0
247831,0
247832,0
247833,0
247834,0
247835,0
247836,0
247837,0
247838,0
247839,0
247840,0
247841,0
247842,0
247843,0
247844,0
247845,0
247846,0
247847,0
247848,0
247849,0
247850,0
247851,0
247852,0
247853,0
247854,0
247855,0
247856,0
247857,0
247858,0
247859,0
247860,0
247861,0
247862,0
247863,0
247864,0
247865,0
247866,0
247867,0
247868,0
247869,0
247870,0
247871,0
247872,0
247873,0
247874,0
247875,0
247876,0
247877,0
247878,0
247879,0
247880,0
247881,0
247882,0
247883,0
247884,0
247885,0
247886,0
247887,0
247888,0
247889,0
247890,0
247891,0
247892,0
247893,0
247894,0
247895,0
247896,0
247897,0
247898,0
247899,0
247900,0
247901,0
247902,0
247903,0
247904,0
247905,0
247906,0
247907,0
247908,0
247909,0
247910,0
247911,0
247912,0
247913,0
247914,0
247915,0
247916,0
247917,0
247918,0
247919,0
247920,0
247921,0
247922,0
247923,0
247924,0
247925,0
247926,0
247927,0
247928,0
247929,0
247930,0
247931,0
247932,0
247933,0
247934,0
247935,0
247936,0
247937,0
247938,0
247939,0
247940,0
247941,0
247942,0
247943,0
247944,0
247945,0
247946,0
247947,0
247948,0
247949,0
247950,0
247951,0
247952,0
247953,0
247954,0
247955,0
247956,0
247957,0
247958,0
247959,0
247960,0
247961,0
247962,0
247963,0
247964,0
247965,0
247966,0
247967,0
247968,0
247969,0
247970,0
247971,0
247972,0
247973,0
247974,0
247975,0
247976,0
247977,0
247978,0
247979,0
247980,0
247981,0
247982,0
247983,0
247984,0
247985,0
247986,0
247987,0
247988,0
247989,0
247990,0
247991,0
247992,0
247993,0
247994,0
247995,0
247996,0
247997,0
247998,0
247999,0
248000,0
248001,0
248002,0
248003,0
248004,0
248005,0
248006,0
248007,0
248008,0
248009,0
248010,0
248011,0
248012,0
248013,0
248014,0
248015,0
248016,0
248017,0
248018,0
248019,0
248020,0
248021,0
248022,0
248023,0
248024,0
248025,0
248026,0
248027,0
248028,0
248029,0
248030,0
248031,0
248032,0
248033,0
248034,0
248035,0
248036,0
248037,0
248038,0
248039,0
248040,0
248041,0
248042,0
248043,0
248044,0
248045,0
248046,0
248047,0
248048,0
248049,0
248050,0
248051,0
248052,0
248053,0
248054,0
248055,0
248056,0
248057,0
248058,0
248059,0
248060,0
248061,0
248062,0
248063,0
248064,0
248065,0
248066,0
248067,0
248068,0
248069,0
248070,0
248071,0
248072,0
248073,0
248074,0
248075,0
248076,0
248077,0
248078,0
248079,0
248080,0
248081,0
248082,0
248083,0
248084,0
248085,0
248086,0
248087,0
248088,0
248089,0
248090,0
248091,0
248092,0
248093,0
248094,0
248095,0
248096,0
248097,0
248098,0
248099,0
248100,0
248101,0
248102,0
248103,0
248104,0
248105,0
248106,0
248107,0
248108,0
248109,0
248110,0
248111,0
248112,0
248113,0
248114,0
248115,0
248116,0
248117,0
248118,0
248119,0
248120,0
248121,0
248122,0
248123,0
248124,0
248125,0
248126,0
248127,0
248128,0
248129,0
248130,0
248131,0
248132,0
248133,0
248134,0
248135,0
248136,0
248137,0
248138,0
248139,0
248140,0
248141,0
248142,0
248143,0
248144,0
248145,0
248146,0
248147,0
248148,0
248149,0
248150,0
248151,0
248152,0
248153,0
248154,0
248155,0
248156,0
248157,0
248158,0
248159,0
248160,0
248161,0
248162,0
248163,0
248164,0
248165,0
248166,0
248167,0
248168,0
248169,0
248170,0
248171,0
248172,0
248173,0
248174,0
248175,0
248176,0
248177,0
248178,0
248179,0
248180,0
248181,0
248182,0
248183,0
248184,0
248185,0
248186,0
248187,0
248188,0
248189,0
248190,0
248191,0
248192,0
248193,0
248194,0
248195,0
248196,0
248197,0
248198,0
248199,0
248200,0
248201,0
248202,0
248203,0
248204,0
248205,0
248206,0
248207,0
248208,0
248209,0
248210,0
248211,0
248212,0
248213,0
248214,0
248215,0
248216,0
248217,0
248218,0
248219,0
248220,0
248221,0
248222,0
248223,0
248224,0
248225,0
248226,0
248227,0
248228,0
248229,0
248230,0
248231,0
248232,0
248233,0
248234,0
248235,0
248236,0
248237,0
248238,0
248239,0
248240,0
248241,0
248242,0
248243,0
248244,0
248245,0
248246,0
248247,0
248248,0
248249,0
248250,0
248251,0
248252,0
248253,0
248254,0
248255,0
248256,0
248257,0
248258,0
248259,0
248260,0
248261,0
248262,0
248263,0
248264,0
248265,0
248266,0
248267,0
248268,0
248269,0
248270,0
248271,0
248272,0
248273,0
248274,0
248275,0
248276,0
248277,0
248278,0
248279,0
248280,0
248281,0
248282,0
248283,0
248284,0
248285,0
248286,0
248287,0
248288,0
248289,0
248290,0
248291,0
248292,0
248293,0
248294,0
248295,0
248296,0
248297,0
248298,0
248299,0
248300,0
248301,0
248302,0
248303,0
248304,0
248305,0
248306,0
248307,0
248308,0
248309,0
248310,0
248311,0
248312,0
248313,0
248314,0
248315,0
248316,0
248317,0
248318,0
248319,0
248320,0
248321,0
248322,0
248323,0
248324,0
248325,0
248326,0
248327,0
248328,0
248329,0
248330,0
248331,0
248332,0
248333,0
248334,0
248335,0
248336,0
248337,0
248338,0
248339,0
248340,0
248341,0
248342,0
248343,0
248344,0
248345,0
248346,0
248347,0
248348,0
248349,0
248350,0
248351,0
248352,0
248353,0
248354,0
248355,0
248356,0
248357,0
248358,0
248359,0
248360,0
248361,0
248362,0
248363,0
248364,0
248365,0
248366,0
248367,0
248368,0
248369,0
248370,0
248371,0
248372,0
248373,0
248374,0
248375,0
248376,0
248377,0
248378,0
248379,0
248380,0
248381,0
248382,0
248383,0
248384,0
248385,0
248386,0
248387,0
248388,0
248389,0
248390,0
248391,0
248392,0
248393,0
248394,0
248395,0
248396,0
248397,0
248398,0
248399,0
248400,0
248401,0
248402,0
248403,0
248404,0
248405,0
248406,0
248407,0
248408,0
248409,0
248410,0
248411,0
248412,0
248413,0
248414,0
248415,0
248416,0
248417,0
248418,0
248419,0
248420,0
248421,0
248422,0
248423,0
248424,0
248425,0
248426,0
248427,0
248428,0
248429,0
248430,0
248431,0
248432,0
248433,0
248434,0
248435,0
248436,0
248437,0
248438,0
248439,0
248440,0
248441,0
248442,0
248443,0
248444,0
248445,0
248446,0
248447,0
248448,0
248449,0
248450,0
248451,0
248452,0
248453,0
248454,0
248455,0
248456,0
248457,0
248458,0
248459,0
248460,0
248461,0
248462,0
248463,0
248464,0
248465,0
248466,0
248467,0
248468,0
248469,0
248470,0
248471,0
248472,0
248473,0
248474,0
248475,0
248476,0
248477,0
248478,0
248479,0
248480,0
248481,0
248482,0
248483,0
248484,0
248485,0
248486,0
248487,0
248488,0
248489,0
248490,0
248491,0
248492,0
248493,0
248494,0
248495,0
248496,0
248497,0
248498,0
248499,0
248500,0
248501,0
248502,0
248503,0
248504,0
248505,0
248506,0
248507,0
248508,0
248509,0
248510,0
248511,0
248512,0
248513,0
248514,0
248515,0
248516,0
248517,0
248518,0
248519,0
248520,0
248521,0
248522,0
248523,0
248524,0
248525,0
248526,0
248527,0
248528,0
248529,0
248530,0
248531,0
248532,0
248533,0
248534,0
248535,0
248536,0
248537,0
248538,0
248539,0
248540,0
248541,0
248542,0
248543,0
248544,0
248545,0
248546,0
248547,0
248548,0
248549,0
248550,0
248551,0
248552,0
248553,0
248554,0
248555,0
248556,0
248557,0
248558,0
248559,0
248560,0
248561,0
248562,0
248563,0
248564,0
248565,0
248566,0
248567,0
248568,0
248569,0
248570,0
248571,0
248572,0
248573,0
248574,0
248575,0
248576,0
248577,0
248578,0
248579,0
248580,0
248581,0
248582,0
248583,0
248584,0
248585,0
248586,0
248587,0
248588,0
248589,0
248590,0
248591,0
248592,0
248593,0
248594,0
248595,0
248596,0
248597,0
248598,0
248599,0
248600,0
248601,0
248602,0
248603,0
248604,0
248605,0
248606,0
248607,0
248608,0
248609,0
248610,0
248611,0
248612,0
248613,0
248614,0
248615,0
248616,0
248617,0
248618,0
248619,0
248620,0
248621,0
248622,0
248623,0
248624,0
248625,0
248626,0
248627,0
248628,0
248629,0
248630,0
248631,0
248632,0
248633,0
248634,0
248635,0
248636,0
248637,0
248638,0
248639,0
248640,0
248641,0
248642,0
248643,0
248644,0
248645,0
248646,0
248647,0
248648,0
248649,0
248650,0
248651,0
248652,0
248653,0
248654,0
248655,0
248656,0
248657,0
248658,0
248659,0
248660,0
248661,0
248662,0
248663,0
248664,0
248665,0
248666,0
248667,0
248668,0
248669,0
248670,0
248671,0
248672,0
248673,0
248674,0
248675,0
248676,0
248677,0
248678,0
248679,0
248680,0
248681,0
248682,0
248683,0
248684,0
248685,0
248686,0
248687,0
248688,0
248689,0
248690,0
248691,0
248692,0
248693,0
248694,0
248695,0
248696,0
248697,0
248698,0
248699,0
248700,0
248701,0
248702,0
248703,0
248704,0
248705,0
248706,0
248707,0
248708,0
248709,0
248710,0
248711,0
248712,0
248713,0
248714,0
248715,0
248716,0
248717,0
248718,0
248719,0
248720,0
248721,0
248722,0
248723,0
248724,0
248725,0
248726,0
248727,0
248728,0
248729,0
248730,0
248731,0
248732,0
248733,0
248734,0
248735,0
248736,0
248737,0
248738,0
248739,0
248740,0
248741,0
248742,0
248743,0
248744,0
248745,0
248746,0
248747,0
248748,0
248749,0
248750,0
248751,0
248752,0
248753,0
248754,0
248755,0
248756,0
248757,0
248758,0
248759,0
248760,0
248761,0
248762,0
248763,0
248764,0
248765,0
248766,0
248767,0
248768,0
248769,0
248770,0
248771,0
248772,0
248773,0
248774,0
248775,0
248776,0
248777,0
248778,0
248779,0
248780,0
248781,0
248782,0
248783,0
248784,0
248785,0
248786,0
248787,0
248788,0
248789,0
248790,0
248791,0
248792,0
248793,0
248794,0
248795,0
248796,0
248797,0
248798,0
248799,0
248800,0
248801,0
248802,0
248803,0
248804,0
248805,0
248806,0
248807,0
248808,0
248809,0
248810,0
248811,0
248812,0
248813,0
248814,0
248815,0
248816,0
248817,0
248818,0
248819,0
248820,0
248821,0
248822,0
248823,0
248824,0
248825,0
248826,0
248827,0
248828,0
248829,0
248830,0
248831,0
248832,0
248833,0
248834,0
248835,0
248836,0
248837,0
248838,0
248839,0
248840,0
248841,0
248842,0
248843,0
248844,0
248845,0
248846,0
248847,0
248848,0
248849,0
248850,0
248851,0
248852,0
248853,0
248854,0
248855,0
248856,0
248857,0
248858,0
248859,0
248860,0
248861,0
248862,0
248863,0
248864,0
248865,0
248866,0
248867,0
248868,0
248869,0
248870,0
248871,0
248872,0
248873,0
248874,0
248875,0
248876,0
248877,0
248878,0
248879,0
248880,0
248881,0
248882,0
248883,0
248884,0
248885,0
248886,0
248887,0
248888,0
248889,0
248890,0
248891,0
248892,0
248893,0
248894,0
248895,0
248896,0
248897,0
248898,0
248899,0
248900,0
248901,0
248902,0
248903,0
248904,0
248905,0
248906,0
248907,0
248908,0
248909,0
248910,0
248911,0
248912,0
248913,0
248914,0
248915,0
248916,0
248917,0
248918,0
248919,0
248920,0
248921,0
248922,0
248923,0
248924,0
248925,0
248926,0
248927,0
248928,0
248929,0
248930,0
248931,0
248932,0
248933,0
248934,0
248935,0
248936,0
248937,0
248938,0
248939,0
248940,0
248941,0
248942,0
248943,0
248944,0
248945,0
248946,0
248947,0
248948,0
248949,0
248950,0
248951,0
248952,0
248953,0
248954,0
248955,0
248956,0
248957,0
248958,0
248959,0
248960,0
248961,0
248962,0
248963,0
248964,0
248965,0
248966,0
248967,0
248968,0
248969,0
248970,0
248971,0
248972,0
248973,0
248974,0
248975,0
248976,0
248977,0
248978,0
248979,0
248980,0
248981,0
248982,0
248983,0
248984,0
248985,0
248986,0
248987,0
248988,0
248989,0
248990,0
248991,0
248992,0
248993,0
248994,0
248995,0
248996,0
248997,0
248998,0
248999,0
249000,0
249001,0
249002,0
249003,0
249004,0
249005,0
249006,0
249007,0
249008,0
249009,0
249010,0
249011,0
249012,0
249013,0
249014,0
249015,0
249016,0
249017,0
249018,0
249019,0
249020,0
249021,0
249022,0
249023,0
249024,0
249025,0
249026,0
249027,0
249028,0
249029,0
249030,0
249031,0
249032,0
249033,0
249034,0
249035,0
249036,0
249037,0
249038,0
249039,0
249040,0
249041,0
249042,0
249043,0
249044,0
249045,0
249046,0
249047,0
249048,0
249049,0
249050,0
249051,0
249052,0
249053,0
249054,0
249055,0
249056,0
249057,0
249058,0
249059,0
249060,0
249061,0
249062,0
249063,0
249064,0
249065,0
249066,0
249067,0
249068,0
249069,0
249070,0
249071,0
249072,0
249073,0
249074,0
249075,0
249076,0
249077,0
249078,0
249079,0
249080,0
249081,0
249082,0
249083,0
249084,0
249085,0
249086,0
249087,0
249088,0
249089,0
249090,0
249091,0
249092,0
249093,0
249094,0
249095,0
249096,0
249097,0
249098,0
249099,0
249100,0
249101,0
249102,0
249103,0
249104,0
249105,0
249106,0
249107,0
249108,0
249109,0
249110,0
249111,0
249112,0
249113,0
249114,0
249115,0
249116,0
249117,0
249118,0
249119,0
249120,0
249121,0
249122,0
249123,0
249124,0
249125,0
249126,0
249127,0
249128,0
249129,0
249130,0
249131,0
249132,0
249133,0
249134,0
249135,0
249136,0
249137,0
249138,0
249139,0
249140,0
249141,0
249142,0
249143,0
249144,0
249145,0
249146,0
249147,0
249148,0
249149,0
249150,0
249151,0
249152,0
249153,0
249154,0
249155,0
249156,0
249157,0
249158,0
249159,0
249160,0
249161,0
249162,0
249163,0
249164,0
249165,0
249166,0
249167,0
249168,0
249169,0
249170,0
249171,0
249172,0
249173,0
249174,0
249175,0
249176,0
249177,0
249178,0
249179,0
249180,0
249181,0
249182,0
249183,0
249184,0
249185,0
249186,0
249187,0
249188,0
249189,0
249190,0
249191,0
249192,0
249193,0
249194,0
249195,0
249196,0
249197,0
249198,0
249199,0
249200,0
249201,0
249202,0
249203,0
249204,0
249205,0
249206,0
249207,0
249208,0
249209,0
249210,0
249211,0
249212,0
249213,0
249214,0
249215,0
249216,0
249217,0
249218,0
249219,0
249220,0
249221,0
249222,0
249223,0
249224,0
249225,0
249226,0
249227,0
249228,0
249229,0
249230,0
249231,0
249232,0
249233,0
249234,0
249235,0
249236,0
249237,0
249238,0
249239,0
249240,0
249241,0
249242,0
249243,0
249244,0
249245,0
249246,0
249247,0
249248,0
249249,0
249250,0
249251,0
249252,0
249253,0
249254,0
249255,0
249256,0
249257,0
249258,0
249259,0
249260,0
249261,0
249262,0
249263,0
249264,0
249265,0
249266,0
249267,0
249268,0
249269,0
249270,0
249271,0
249272,0
249273,0
249274,0
249275,0
249276,0
249277,0
249278,0
249279,0
249280,0
249281,0
249282,0
249283,0
249284,0
249285,0
249286,0
249287,0
249288,0
249289,0
249290,0
249291,0
249292,0
249293,0
249294,0
249295,0
249296,0
249297,0
249298,0
249299,0
249300,0
249301,0
249302,0
249303,0
249304,0
249305,0
249306,0
249307,0
249308,0
249309,0
249310,0
249311,0
249312,0
249313,0
249314,0
249315,0
249316,0
249317,0
249318,0
249319,0
249320,0
249321,0
249322,0
249323,0
249324,0
249325,0
249326,0
249327,0
249328,0
249329,0
249330,0
249331,0
249332,0
249333,0
249334,0
249335,0
249336,0
249337,0
249338,0
249339,0
249340,0
249341,0
249342,0
249343,0
249344,0
249345,0
249346,0
249347,0
249348,0
249349,0
249350,0
249351,0
249352,0
249353,0
249354,0
249355,0
249356,0
249357,0
249358,0
249359,0
249360,0
249361,0
249362,0
249363,0
249364,0
249365,0
249366,0
249367,0
249368,0
249369,0
249370,0
249371,0
249372,0
249373,0
249374,0
249375,0
249376,0
249377,0
249378,0
249379,0
249380,0
249381,0
249382,0
249383,0
249384,0
249385,0
249386,0
249387,0
249388,0
249389,0
249390,0
249391,0
249392,0
249393,0
249394,0
249395,0
249396,0
249397,0
249398,0
249399,0
249400,0
249401,0
249402,0
249403,0
249404,0
249405,0
249406,0
249407,0
249408,0
249409,0
249410,0
249411,0
249412,0
249413,0
249414,0
249415,0
249416,0
249417,0
249418,0
249419,0
249420,0
249421,0
249422,0
249423,0
249424,0
249425,0
249426,0
249427,0
249428,0
249429,0
249430,0
249431,0
249432,0
249433,0
249434,0
249435,0
249436,0
249437,0
249438,0
249439,0
249440,0
249441,0
249442,0
249443,0
249444,0
249445,0
249446,0
249447,0
249448,0
249449,0
249450,0
249451,0
249452,0
249453,0
249454,0
249455,0
249456,0
249457,0
249458,0
249459,0
249460,0
249461,0
249462,0
249463,0
249464,0
249465,0
249466,0
249467,0
249468,0
249469,0
249470,0
249471,0
249472,0
249473,0
249474,0
249475,0
249476,0
249477,0
249478,0
249479,0
249480,0
249481,0
249482,0
249483,0
249484,0
249485,0
249486,0
249487,0
249488,0
249489,0
249490,0
249491,0
249492,0
249493,0
249494,0
249495,0
249496,0
249497,0
249498,0
249499,0
249500,0
249501,0
249502,0
249503,0
249504,0
249505,0
249506,0
249507,0
249508,0
249509,0
249510,0
249511,0
249512,0
249513,0
249514,0
249515,0
249516,0
249517,0
249518,0
249519,0
249520,0
249521,0
249522,0
249523,0
249524,0
249525,0
249526,0
249527,0
249528,0
249529,0
249530,0
249531,0
249532,0
249533,0
249534,0
249535,0
249536,0
249537,0
249538,0
249539,0
249540,0
249541,0
249542,0
249543,0
249544,0
249545,0
249546,0
249547,0
249548,0
249549,0
249550,0
249551,0
249552,0
249553,0
249554,0
249555,0
249556,0
249557,0
249558,0
249559,0
249560,0
249561,0
249562,0
249563,0
249564,0
249565,0
249566,0
249567,0
249568,0
249569,0
249570,0
249571,0
249572,0
249573,0
249574,0
249575,0
249576,0
249577,0
249578,0
249579,0
249580,0
249581,0
249582,0
249583,0
249584,0
249585,0
249586,0
249587,0
249588,0
249589,0
249590,0
249591,0
249592,0
249593,0
249594,0
249595,0
249596,0
249597,0
249598,0
249599,0
249600,0
249601,0
249602,0
249603,0
249604,0
249605,0
249606,0
249607,0
249608,0
249609,0
249610,0
249611,0
249612,0
249613,0
249614,0
249615,0
249616,0
249617,0
249618,0
249619,0
249620,0
249621,0
249622,0
249623,0
249624,0
249625,0
249626,0
249627,0
249628,0
249629,0
249630,0
249631,0
249632,0
249633,0
249634,0
249635,0
249636,0
249637,0
249638,0
249639,0
249640,0
249641,0
249642,0
249643,0
249644,0
249645,0
249646,0
249647,0
249648,0
249649,0
249650,0
249651,0
249652,0
249653,0
249654,0
249655,0
249656,0
249657,0
249658,0
249659,0
249660,0
249661,0
249662,0
249663,0
249664,0
249665,0
249666,0
249667,0
249668,0
249669,0
249670,0
249671,0
249672,0
249673,0
249674,0
249675,0
249676,0
249677,0
249678,0
249679,0
249680,0
249681,0
249682,0
249683,0
249684,0
249685,0
249686,0
249687,0
249688,0
249689,0
249690,0
249691,0
249692,0
249693,0
249694,0
249695,0
249696,0
249697,0
249698,0
249699,0
249700,0
249701,0
249702,0
249703,0
249704,0
249705,0
249706,0
249707,0
249708,0
249709,0
249710,0
249711,0
249712,0
249713,0
249714,0
249715,0
249716,0
249717,0
249718,0
249719,0
249720,0
249721,0
249722,0
249723,0
249724,0
249725,0
249726,0
249727,0
249728,0
249729,0
249730,0
249731,0
249732,0
249733,0
249734,0
249735,0
249736,0
249737,0
249738,0
249739,0
249740,0
249741,0
249742,0
249743,0
249744,0
249745,0
249746,0
249747,0
249748,0
249749,0
249750,0
249751,0
249752,0
249753,0
249754,0
249755,0
249756,0
249757,0
249758,0
249759,0
249760,0
249761,0
249762,0
249763,0
249764,0
249765,0
249766,0
249767,0
249768,0
249769,0
249770,0
249771,0
249772,0
249773,0
249774,0
249775,0
249776,0
249777,0
249778,0
249779,0
249780,0
249781,0
249782,0
249783,0
249784,0
249785,0
249786,0
249787,0
249788,0
249789,0
249790,0
249791,0
249792,0
249793,0
249794,0
249795,0
249796,0
249797,0
249798,0
249799,0
249800,0
249801,0
249802,0
249803,0
249804,0
249805,0
249806,0
249807,0
249808,0
249809,0
249810,0
249811,0
249812,0
249813,0
249814,0
249815,0
249816,0
249817,0
249818,0
249819,0
249820,0
249821,0
249822,0
249823,0
249824,0
249825,0
249826,0
249827,0
249828,0
249829,0
249830,0
249831,0
249832,0
249833,0
249834,0
249835,0
249836,0
249837,0
249838,0
249839,0
249840,0
249841,0
249842,0
249843,0
249844,0
249845,0
249846,0
249847,0
249848,0
249849,0
249850,0
249851,0
249852,0
249853,0
249854,0
249855,0
249856,0
249857,0
249858,0
249859,0
249860,0
249861,0
249862,0
249863,0
249864,0
249865,0
249866,0
249867,0
249868,0
249869,0
249870,0
249871,0
249872,0
249873,0
249874,0
249875,0
249876,0
249877,0
249878,0
249879,0
249880,0
249881,0
249882,0
249883,0
249884,0
249885,0
249886,0
249887,0
249888,0
249889,0
249890,0
249891,0
249892,0
249893,0
249894,0
249895,0
249896,0
249897,0
249898,0
249899,0
249900,0
249901,0
249902,0
249903,0
249904,0
249905,0
249906,0
249907,0
249908,0
249909,0
249910,0
249911,0
249912,0
249913,0
249914,0
249915,0
249916,0
249917,0
249918,0
249919,0
249920,0
249921,0
249922,0
249923,0
249924,0
249925,0
249926,0
249927,0
249928,0
249929,0
249930,0
249931,0
249932,0
249933,0
249934,0
249935,0
249936,0
249937,0
249938,0
249939,0
249940,0
249941,0
249942,0
249943,0
249944,0
249945,0
249946,0
249947,0
249948,0
249949,0
249950,0
249951,0
249952,0
249953,0
249954,0
249955,0
249956,0
249957,0
249958,0
249959,0
249960,0
249961,0
249962,0
249963,0
249964,0
249965,0
249966,0
249967,0
249968,0
249969,0
249970,0
249971,0
249972,0
249973,0
249974,0
249975,0
249976,0
249977,0
249978,0
249979,0
249980,0
249981,0
249982,0
249983,0
249984,0
249985,0
249986,0
249987,0
249988,0
249989,0
249990,0
249991,0
249992,0
249993,0
249994,0
249995,0
249996,0
249997,0
249998,0
249999,0
250000,0
250001,0
250002,0
250003,0
250004,0
250005,0
250006,0
250007,0
250008,0
250009,0
250010,0
250011,0
250012,0
250013,0
250014,0
250015,0
250016,0
250017,0
250018,0
250019,0
250020,0
250021,0
250022,0
250023,0
250024,0
250025,0
250026,0
250027,0
250028,0
250029,0
250030,0
250031,0
250032,0
250033,0
250034,0
250035,0
250036,0
250037,0
250038,0
250039,0
250040,0
250041,0
250042,0
250043,0
250044,0
250045,0
250046,0
250047,0
250048,0
250049,0
250050,0
250051,0
250052,0
250053,0
250054,0
250055,0
250056,0
250057,0
250058,0
250059,0
250060,0
250061,0
250062,0
250063,0
250064,0
250065,0
250066,0
250067,0
250068,0
250069,0
250070,0
250071,0
250072,0
250073,0
250074,0
250075,0
250076,0
250077,0
250078,0
250079,0
250080,0
250081,0
250082,0
250083,0
250084,0
250085,0
250086,0
250087,0
250088,0
250089,0
250090,0
250091,0
250092,0
250093,0
250094,0
250095,0
250096,0
250097,0
250098,0
250099,0
250100,0
250101,0
250102,0
250103,0
250104,0
250105,0
250106,0
250107,0
250108,0
250109,0
250110,0
250111,0
250112,0
250113,0
250114,0
250115,0
250116,0
250117,0
250118,0
250119,0
250120,0
250121,0
250122,0
250123,0
250124,0
250125,0
250126,0
250127,0
250128,0
250129,0
250130,0
250131,0
250132,0
250133,0
250134,0
250135,0
250136,0
250137,0
250138,0
250139,0
250140,0
250141,0
250142,0
250143,0
250144,0
250145,0
250146,0
250147,0
250148,0
250149,0
250150,0
250151,0
250152,0
250153,0
250154,0
250155,0
250156,0
250157,0
250158,0
250159,0
250160,0
250161,0
250162,0
250163,0
250164,0
250165,0
250166,0
250167,0
250168,0
250169,0
250170,0
250171,0
250172,0
250173,0
250174,0
250175,0
250176,0
250177,0
250178,0
250179,0
250180,0
250181,0
250182,0
250183,0
250184,0
250185,0
250186,0
250187,0
250188,0
250189,0
250190,0
250191,0
250192,0
250193,0
250194,0
250195,0
250196,0
250197,0
250198,0
250199,0
250200,0
250201,0
250202,0
250203,0
250204,0
250205,0
250206,0
250207,0
250208,0
250209,0
250210,0
250211,0
250212,0
250213,0
250214,0
250215,0
250216,0
250217,0
250218,0
250219,0
250220,0
250221,0
250222,0
250223,0
250224,0
250225,0
250226,0
250227,0
250228,0
250229,0
250230,0
250231,0
250232,0
250233,0
250234,0
250235,0
250236,0
250237,0
250238,0
250239,0
250240,0
250241,0
250242,0
250243,0
250244,0
250245,0
250246,0
250247,0
250248,0
250249,0
250250,0
250251,0
250252,0
250253,0
250254,0
250255,0
250256,0
250257,0
250258,0
250259,0
250260,0
250261,0
250262,0
250263,0
250264,0
250265,0
250266,0
250267,0
250268,0
250269,0
250270,0
250271,0
250272,0
250273,0
250274,0
250275,0
250276,0
250277,0
250278,0
250279,0
250280,0
250281,0
250282,0
250283,0
250284,0
250285,0
250286,0
250287,0
250288,0
250289,0
250290,0
250291,0
250292,0
250293,0
250294,0
250295,0
250296,0
250297,0
250298,0
250299,0
250300,0
250301,0
250302,0
250303,0
250304,0
250305,0
250306,0
250307,0
250308,0
250309,0
250310,0
250311,0
250312,0
250313,0
250314,0
250315,0
250316,0
250317,0
250318,0
250319,0
250320,0
250321,0
250322,0
250323,0
250324,0
250325,0
250326,0
250327,0
250328,0
250329,0
250330,0
250331,0
250332,0
250333,0
250334,0
250335,0
250336,0
250337,0
250338,0
250339,0
250340,0
250341,0
250342,0
250343,0
250344,0
250345,0
250346,0
250347,0
250348,0
250349,0
250350,0
250351,0
250352,0
250353,0
250354,0
250355,0
250356,0
250357,0
250358,0
250359,0
250360,0
250361,0
250362,0
250363,0
250364,0
250365,0
250366,0
250367,0
250368,0
250369,0
250370,0
250371,0
250372,0
250373,0
250374,0
250375,0
250376,0
250377,0
250378,0
250379,0
250380,0
250381,0
250382,0
250383,0
250384,0
250385,0
250386,0
250387,0
250388,0
250389,0
250390,0
250391,0
250392,0
250393,0
250394,0
250395,0
250396,0
250397,0
250398,0
250399,0
250400,0
250401,0
250402,0
250403,0
250404,0
250405,0
250406,0
250407,0
250408,0
250409,0
250410,0
250411,0
250412,0
250413,0
250414,0
250415,0
250416,0
250417,0
250418,0
250419,0
250420,0
250421,0
250422,0
250423,0
250424,0
250425,0
250426,0
250427,0
250428,0
250429,0
250430,0
250431,0
250432,0
250433,0
250434,0
250435,0
250436,0
250437,0
250438,0
250439,0
250440,0
250441,0
250442,0
250443,0
250444,0
250445,0
250446,0
250447,0
250448,0
250449,0
250450,0
250451,0
250452,0
250453,0
250454,0
250455,0
250456,0
250457,0
250458,0
250459,0
250460,0
250461,0
250462,0
250463,0
250464,0
250465,0
250466,0
250467,0
250468,0
250469,0
250470,0
250471,0
250472,0
250473,0
250474,0
250475,0
250476,0
250477,0
250478,0
250479,0
250480,0
250481,0
250482,0
250483,0
250484,0
250485,0
250486,0
250487,0
250488,0
250489,0
250490,0
250491,0
250492,0
250493,0
250494,0
250495,0
250496,0
250497,0
250498,0
250499,0
250500,0
250501,0
250502,0
250503,0
250504,0
250505,0
250506,0
250507,0
250508,0
250509,0
250510,0
250511,0
250512,0
250513,0
250514,0
250515,0
250516,0
250517,0
250518,0
250519,0
250520,0
250521,0
250522,0
250523,0
250524,0
250525,0
250526,0
250527,0
250528,0
250529,0
250530,0
250531,0
250532,0
250533,0
250534,0
250535,0
250536,0
250537,0
250538,0
250539,0
250540,0
250541,0
250542,0
250543,0
250544,0
250545,0
250546,0
250547,0
250548,0
250549,0
250550,0
250551,0
250552,0
250553,0
250554,0
250555,0
250556,0
250557,0
250558,0
250559,0
250560,0
250561,0
250562,0
250563,0
250564,0
250565,0
250566,0
250567,0
250568,0
250569,0
250570,0
250571,0
250572,0
250573,0
250574,0
250575,0
250576,0
250577,0
250578,0
250579,0
250580,0
250581,0
250582,0
250583,0
250584,0
250585,0
250586,0
250587,0
250588,0
250589,0
250590,0
250591,0
250592,0
250593,0
250594,0
250595,0
250596,0
250597,0
250598,0
250599,0
250600,0
250601,0
250602,0
250603,0
250604,0
250605,0
250606,0
250607,0
250608,0
250609,0
250610,0
250611,0
250612,0
250613,0
250614,0
250615,0
250616,0
250617,0
250618,0
250619,0
250620,0
250621,0
250622,0
250623,0
250624,0
250625,0
250626,0
250627,0
250628,0
250629,0
250630,0
250631,0
250632,0
250633,0
250634,0
250635,0
250636,0
250637,0
250638,0
250639,0
250640,0
250641,0
250642,0
250643,0
250644,0
250645,0
250646,0
250647,0
250648,0
250649,0
250650,0
250651,0
250652,0
250653,0
250654,0
250655,0
250656,0
250657,0
250658,0
250659,0
250660,0
250661,0
250662,0
250663,0
250664,0
250665,0
250666,0
250667,0
250668,0
250669,0
250670,0
250671,0
250672,0
250673,0
250674,0
250675,0
250676,0
250677,0
250678,0
250679,0
250680,0
250681,0
250682,0
250683,0
250684,0
250685,0
250686,0
250687,0
250688,0
250689,0
250690,0
250691,0
250692,0
250693,0
250694,0
250695,0
250696,0
250697,0
250698,0
250699,0
250700,0
250701,0
250702,0
250703,0
250704,0
250705,0
250706,0
250707,0
250708,0
250709,0
250710,0
250711,0
250712,0
250713,0
250714,0
250715,0
250716,0
250717,0
250718,0
250719,0
250720,0
250721,0
250722,0
250723,0
250724,0
250725,0
250726,0
250727,0
250728,0
250729,0
250730,0
250731,0
250732,0
250733,0
250734,0
250735,0
250736,0
250737,0
250738,0
250739,0
250740,0
250741,0
250742,0
250743,0
250744,0
250745,0
250746,0
250747,0
250748,0
250749,0
250750,0
250751,0
250752,0
250753,0
250754,0
250755,0
250756,0
250757,0
250758,0
250759,0
250760,0
250761,0
250762,0
250763,0
250764,0
250765,0
250766,0
250767,0
250768,0
250769,0
250770,0
250771,0
250772,0
250773,0
250774,0
250775,0
250776,0
250777,0
250778,0
250779,0
250780,0
250781,0
250782,0
250783,0
250784,0
250785,0
250786,0
250787,0
250788,0
250789,0
250790,0
250791,0
250792,0
250793,0
250794,0
250795,0
250796,0
250797,0
250798,0
250799,0
250800,0
250801,0
250802,0
250803,0
250804,0
250805,0
250806,0
250807,0
250808,0
250809,0
250810,0
250811,0
250812,0
250813,0
250814,0
250815,0
250816,0
250817,0
250818,0
250819,0
250820,0
250821,0
250822,0
250823,0
250824,0
250825,0
250826,0
250827,0
250828,0
250829,0
250830,0
250831,0
250832,0
250833,0
250834,0
250835,0
250836,0
250837,0
250838,0
250839,0
250840,0
250841,0
250842,0
250843,0
250844,0
250845,0
250846,0
250847,0
250848,0
250849,0
250850,0
250851,0
250852,0
250853,0
250854,0
250855,0
250856,0
250857,0
250858,0
250859,0
250860,0
250861,0
250862,0
250863,0
250864,0
250865,0
250866,0
250867,0
250868,0
250869,0
250870,0
250871,0
250872,0
250873,0
250874,0
250875,0
250876,0
250877,0
250878,0
250879,0
250880,0
250881,0
250882,0
250883,0
250884,0
250885,0
250886,0
250887,0
250888,0
250889,0
250890,0
250891,0
250892,0
250893,0
250894,0
250895,0
250896,0
250897,0
250898,0
250899,0
250900,0
250901,0
250902,0
250903,0
250904,0
250905,0
250906,0
250907,0
250908,0
250909,0
250910,0
250911,0
250912,0
250913,0
250914,0
250915,0
250916,0
250917,0
250918,0
250919,0
250920,0
250921,0
250922,0
250923,0
250924,0
250925,0
250926,0
250927,0
250928,0
250929,0
250930,0
250931,0
250932,0
250933,0
250934,0
250935,0
250936,0
250937,0
250938,0
250939,0
250940,0
250941,0
250942,0
250943,0
250944,0
250945,0
250946,0
250947,0
250948,0
250949,0
250950,0
250951,0
250952,0
250953,0
250954,0
250955,0
250956,0
250957,0
250958,0
250959,0
250960,0
250961,0
250962,0
250963,0
250964,0
250965,0
250966,0
250967,0
250968,0
250969,0
250970,0
250971,0
250972,0
250973,0
250974,0
250975,0
250976,0
250977,0
250978,0
250979,0
250980,0
250981,0
250982,0
250983,0
250984,0
250985,0
250986,0
250987,0
250988,0
250989,0
250990,0
250991,0
250992,0
250993,0
250994,0
250995,0
250996,0
250997,0
250998,0
250999,0
251000,0
251001,0
251002,0
251003,0
251004,0
251005,0
251006,0
251007,0
251008,0
251009,0
251010,0
251011,0
251012,0
251013,0
251014,0
251015,0
251016,0
251017,0
251018,0
251019,0
251020,0
251021,0
251022,0
251023,0
251024,0
251025,0
251026,0
251027,0
251028,0
251029,0
251030,0
251031,0
251032,0
251033,0
251034,0
251035,0
251036,0
251037,0
251038,0
251039,0
251040,0
251041,0
251042,0
251043,0
251044,0
251045,0
251046,0
251047,0
251048,0
251049,0
251050,0
251051,0
251052,0
251053,0
251054,0
251055,0
251056,0
251057,0
251058,0
251059,0
251060,0
251061,0
251062,0
251063,0
251064,0
251065,0
251066,0
251067,0
251068,0
251069,0
251070,0
251071,0
251072,0
251073,0
251074,0
251075,0
251076,0
251077,0
251078,0
251079,0
251080,0
251081,0
251082,0
251083,0
251084,0
251085,0
251086,0
251087,0
251088,0
251089,0
251090,0
251091,0
251092,0
251093,0
251094,0
251095,0
251096,0
251097,0
251098,0
251099,0
251100,0
251101,0
251102,0
251103,0
251104,0
251105,0
251106,0
251107,0
251108,0
251109,0
251110,0
251111,0
251112,0
251113,0
251114,0
251115,0
251116,0
251117,0
251118,0
251119,0
251120,0
251121,0
251122,0
251123,0
251124,0
251125,0
251126,0
251127,0
251128,0
251129,0
251130,0
251131,0
251132,0
251133,0
251134,0
251135,0
251136,0
251137,0
251138,0
251139,0
251140,0
251141,0
251142,0
251143,0
251144,0
251145,0
251146,0
251147,0
251148,0
251149,0
251150,0
251151,0
251152,0
251153,0
251154,0
251155,0
251156,0
251157,0
251158,0
251159,0
251160,0
251161,0
251162,0
251163,0
251164,0
251165,0
251166,0
251167,0
251168,0
251169,0
251170,0
251171,0
251172,0
251173,0
251174,0
251175,0
251176,0
251177,0
251178,0
251179,0
251180,0
251181,0
251182,0
251183,0
251184,0
251185,0
251186,0
251187,0
251188,0
251189,0
251190,0
251191,0
251192,0
251193,0
251194,0
251195,0
251196,0
251197,0
251198,0
251199,0
251200,0
251201,0
251202,0
251203,0
251204,0
251205,0
251206,0
251207,0
251208,0
251209,0
251210,0
251211,0
251212,0
251213,0
251214,0
251215,0
251216,0
251217,0
251218,0
251219,0
251220,0
251221,0
251222,0
251223,0
251224,0
251225,0
251226,0
251227,0
251228,0
251229,0
251230,0
251231,0
251232,0
251233,0
251234,0
251235,0
251236,0
251237,0
251238,0
251239,0
251240,0
251241,0
251242,0
251243,0
251244,0
251245,0
251246,0
251247,0
251248,0
251249,0
251250,0
251251,0
251252,0
251253,0
251254,0
251255,0
251256,0
251257,0
251258,0
251259,0
251260,0
251261,0
251262,0
251263,0
251264,0
251265,0
251266,0
251267,0
251268,0
251269,0
251270,0
251271,0
251272,0
251273,0
251274,0
251275,0
251276,0
251277,0
251278,0
251279,0
251280,0
251281,0
251282,0
251283,0
251284,0
251285,0
251286,0
251287,0
251288,0
251289,0
251290,0
251291,0
251292,0
251293,0
251294,0
251295,0
251296,0
251297,0
251298,0
251299,0
251300,0
251301,0
251302,0
251303,0
251304,0
251305,0
251306,0
251307,0
251308,0
251309,0
251310,0
251311,0
251312,0
251313,0
251314,0
251315,0
251316,0
251317,0
251318,0
251319,0
251320,0
251321,0
251322,0
251323,0
251324,0
251325,0
251326,0
251327,0
251328,0
251329,0
251330,0
251331,0
251332,0
251333,0
251334,0
251335,0
251336,0
251337,0
251338,0
251339,0
251340,0
251341,0
251342,0
251343,0
251344,0
251345,0
251346,0
251347,0
251348,0
251349,0
251350,0
251351,0
251352,0
251353,0
251354,0
251355,0
251356,0
251357,0
251358,0
251359,0
251360,0
251361,0
251362,0
251363,0
251364,0
251365,0
251366,0
251367,0
251368,0
251369,0
251370,0
251371,0
251372,0
251373,0
251374,0
251375,0
251376,0
251377,0
251378,0
251379,0
251380,0
251381,0
251382,0
251383,0
251384,0
251385,0
251386,0
251387,0
251388,0
251389,0
251390,0
251391,0
251392,0
251393,0
251394,0
251395,0
251396,0
251397,0
251398,0
251399,0
251400,0
251401,0
251402,0
251403,0
251404,0
251405,0
251406,0
251407,0
251408,0
251409,0
251410,0
251411,0
251412,0
251413,0
251414,0
251415,0
251416,0
251417,0
251418,0
251419,0
251420,0
251421,0
251422,0
251423,0
251424,0
251425,0
251426,0
251427,0
251428,0
251429,0
251430,0
251431,0
251432,0
251433,0
251434,0
251435,0
251436,0
251437,0
251438,0
251439,0
251440,0
251441,0
251442,0
251443,0
251444,0
251445,0
251446,0
251447,0
251448,0
251449,0
251450,0
251451,0
251452,0
251453,0
251454,0
251455,0
251456,0
251457,0
251458,0
251459,0
251460,0
251461,0
251462,0
251463,0
251464,0
251465,0
251466,0
251467,0
251468,0
251469,0
251470,0
251471,0
251472,0
251473,0
251474,0
251475,0
251476,0
251477,0
251478,0
251479,0
251480,0
251481,0
251482,0
251483,0
251484,0
251485,0
251486,0
251487,0
251488,0
251489,0
251490,0
251491,0
251492,0
251493,0
251494,0
251495,0
251496,0
251497,0
251498,0
251499,0
251500,0
251501,0
251502,0
251503,0
251504,0
251505,0
251506,0
251507,0
251508,0
251509,0
251510,0
251511,0
251512,0
251513,0
251514,0
251515,0
251516,0
251517,0
251518,0
251519,0
251520,0
251521,0
251522,0
251523,0
251524,0
251525,0
251526,0
251527,0
251528,0
251529,0
251530,0
251531,0
251532,0
251533,0
251534,0
251535,0
251536,0
251537,0
251538,0
251539,0
251540,0
251541,0
251542,0
251543,0
251544,0
251545,0
251546,0
251547,0
251548,0
251549,0
251550,0
251551,0
251552,0
251553,0
251554,0
251555,0
251556,0
251557,0
251558,0
251559,0
251560,0
251561,0
251562,0
251563,0
251564,0
251565,0
251566,0
251567,0
251568,0
251569,0
251570,0
251571,0
251572,0
251573,0
251574,0
251575,0
251576,0
251577,0
251578,0
251579,0
251580,0
251581,0
251582,0
251583,0
251584,0
251585,0
251586,0
251587,0
251588,0
251589,0
251590,0
251591,0
251592,0
251593,0
251594,0
251595,0
251596,0
251597,0
251598,0
251599,0
251600,0
251601,0
251602,0
251603,0
251604,0
251605,0
251606,0
251607,0
251608,0
251609,0
251610,0
251611,0
251612,0
251613,0
251614,0
251615,0
251616,0
251617,0
251618,0
251619,0
251620,0
251621,0
251622,0
251623,0
251624,0
251625,0
251626,0
251627,0
251628,0
251629,0
251630,0
251631,0
251632,0
251633,0
251634,0
251635,0
251636,0
251637,0
251638,0
251639,0
251640,0
251641,0
251642,0
251643,0
251644,0
251645,0
251646,0
251647,0
251648,0
251649,0
251650,0
251651,0
251652,0
251653,0
251654,0
251655,0
251656,0
251657,0
251658,0
251659,0
251660,0
251661,0
251662,0
251663,0
251664,0
251665,0
251666,0
251667,0
251668,0
251669,0
251670,0
251671,0
251672,0
251673,0
251674,0
251675,0
251676,0
251677,0
251678,0
251679,0
251680,0
251681,0
251682,0
251683,0
251684,0
251685,0
251686,0
251687,0
251688,0
251689,0
251690,0
251691,0
251692,0
251693,0
251694,0
251695,0
251696,0
251697,0
251698,0
251699,0
251700,0
251701,0
251702,0
251703,0
251704,0
251705,0
251706,0
251707,0
251708,0
251709,0
251710,0
251711,0
251712,0
251713,0
251714,0
251715,0
251716,0
251717,0
251718,0
251719,0
251720,0
251721,0
251722,0
251723,0
251724,0
251725,0
251726,0
251727,0
251728,0
251729,0
251730,0
251731,0
251732,0
251733,0
251734,0
251735,0
251736,0
251737,0
251738,0
251739,0
251740,0
251741,0
251742,0
251743,0
251744,0
251745,0
251746,0
251747,0
251748,0
251749,0
251750,0
251751,0
251752,0
251753,0
251754,0
251755,0
251756,0
251757,0
251758,0
251759,0
251760,0
251761,0
251762,0
251763,0
251764,0
251765,0
251766,0
251767,0
251768,0
251769,0
251770,0
251771,0
251772,0
251773,0
251774,0
251775,0
251776,0
251777,0
251778,0
251779,0
251780,0
251781,0
251782,0
251783,0
251784,0
251785,0
251786,0
251787,0
251788,0
251789,0
251790,0
251791,0
251792,0
251793,0
251794,0
251795,0
251796,0
251797,0
251798,0
251799,0
251800,0
251801,0
251802,0
251803,0
251804,0
251805,0
251806,0
251807,0
251808,0
251809,0
251810,0
251811,0
251812,0
251813,0
251814,0
251815,0
251816,0
251817,0
251818,0
251819,0
251820,0
251821,0
251822,0
251823,0
251824,0
251825,0
251826,0
251827,0
251828,0
251829,0
251830,0
251831,0
251832,0
251833,0
251834,0
251835,0
251836,0
251837,0
251838,0
251839,0
251840,0
251841,0
251842,0
251843,0
251844,0
251845,0
251846,0
251847,0
251848,0
251849,0
251850,0
251851,0
251852,0
251853,0
251854,0
251855,0
251856,0
251857,0
251858,0
251859,0
251860,0
251861,0
251862,0
251863,0
251864,0
251865,0
251866,0
251867,0
251868,0
251869,0
251870,0
251871,0
251872,0
251873,0
251874,0
251875,0
251876,0
251877,0
251878,0
251879,0
251880,0
251881,0
251882,0
251883,0
251884,0
251885,0
251886,0
251887,0
251888,0
251889,0
251890,0
251891,0
251892,0
251893,0
251894,0
251895,0
251896,0
251897,0
251898,0
251899,0
251900,0
251901,0
251902,0
251903,0
251904,0
251905,0
251906,0
251907,0
251908,0
251909,0
251910,0
251911,0
251912,0
251913,0
251914,0
251915,0
251916,0
251917,0
251918,0
251919,0
251920,0
251921,0
251922,0
251923,0
251924,0
251925,0
251926,0
251927,0
251928,0
251929,0
251930,0
251931,0
251932,0
251933,0
251934,0
251935,0
251936,0
251937,0
251938,0
251939,0
251940,0
251941,0
251942,0
251943,0
251944,0
251945,0
251946,0
251947,0
251948,0
251949,0
251950,0
251951,0
251952,0
251953,0
251954,0
251955,0
251956,0
251957,0
251958,0
251959,0
251960,0
251961,0
251962,0
251963,0
251964,0
251965,0
251966,0
251967,0
251968,0
251969,0
251970,0
251971,0
251972,0
251973,0
251974,0
251975,0
251976,0
251977,0
251978,0
251979,0
251980,0
251981,0
251982,0
251983,0
251984,0
251985,0
251986,0
251987,0
251988,0
251989,0
251990,0
251991,0
251992,0
251993,0
251994,0
251995,0
251996,0
251997,0
251998,0
251999,0
252000,0
252001,0
252002,0
252003,0
252004,0
252005,0
252006,0
252007,0
252008,0
252009,0
252010,0
252011,0
252012,0
252013,0
252014,0
252015,0
252016,0
252017,0
252018,0
252019,0
252020,0
252021,0
252022,0
252023,0
252024,0
252025,0
252026,0
252027,0
252028,0
252029,0
252030,0
252031,0
252032,0
252033,0
252034,0
252035,0
252036,0
252037,0
252038,0
252039,0
252040,0
252041,0
252042,0
252043,0
252044,0
252045,0
252046,0
252047,0
252048,0
252049,0
252050,0
252051,0
252052,0
252053,0
252054,0
252055,0
252056,0
252057,0
252058,0
252059,0
252060,0
252061,0
252062,0
252063,0
252064,0
252065,0
252066,0
252067,0
252068,0
252069,0
252070,0
252071,0
252072,0
252073,0
252074,0
252075,0
252076,0
252077,0
252078,0
252079,0
252080,0
252081,0
252082,0
252083,0
252084,0
252085,0
252086,0
252087,0
252088,0
252089,0
252090,0
252091,0
252092,0
252093,0
252094,0
252095,0
252096,0
252097,0
252098,0
252099,0
252100,0
252101,0
252102,0
252103,0
252104,0
252105,0
252106,0
252107,0
252108,0
252109,0
252110,0
252111,0
252112,0
252113,0
252114,0
252115,0
252116,0
252117,0
252118,0
252119,0
252120,0
252121,0
252122,0
252123,0
252124,0
252125,0
252126,0
252127,0
252128,0
252129,0
252130,0
252131,0
252132,0
252133,0
252134,0
252135,0
252136,0
252137,0
252138,0
252139,0
252140,0
252141,0
252142,0
252143,0
252144,0
252145,0
252146,0
252147,0
252148,0
252149,0
252150,0
252151,0
252152,0
252153,0
252154,0
252155,0
252156,0
252157,0
252158,0
252159,0
252160,0
252161,0
252162,0
252163,0
252164,0
252165,0
252166,0
252167,0
252168,0
252169,0
252170,0
252171,0
252172,0
252173,0
252174,0
252175,0
252176,0
252177,0
252178,0
252179,0
252180,0
252181,0
252182,0
252183,0
252184,0
252185,0
252186,0
252187,0
252188,0
252189,0
252190,0
252191,0
252192,0
252193,0
252194,0
252195,0
252196,0
252197,0
252198,0
252199,0
252200,0
252201,0
252202,0
252203,0
252204,0
252205,0
252206,0
252207,0
252208,0
252209,0
252210,0
252211,0
252212,0
252213,0
252214,0
252215,0
252216,0
252217,0
252218,0
252219,0
252220,0
252221,0
252222,0
252223,0
252224,0
252225,0
252226,0
252227,0
252228,0
252229,0
252230,0
252231,0
252232,0
252233,0
252234,0
252235,0
252236,0
252237,0
252238,0
252239,0
252240,0
252241,0
252242,0
252243,0
252244,0
252245,0
252246,0
252247,0
252248,0
252249,0
252250,0
252251,0
252252,0
252253,0
252254,0
252255,0
252256,0
252257,0
252258,0
252259,0
252260,0
252261,0
252262,0
252263,0
252264,0
252265,0
252266,0
252267,0
252268,0
252269,0
252270,0
252271,0
252272,0
252273,0
252274,0
252275,0
252276,0
252277,0
252278,0
252279,0
252280,0
252281,0
252282,0
252283,0
252284,0
252285,0
252286,0
252287,0
252288,0
252289,0
252290,0
252291,0
252292,0
252293,0
252294,0
252295,0
252296,0
252297,0
252298,0
252299,0
252300,0
252301,0
252302,0
252303,0
252304,0
252305,0
252306,0
252307,0
252308,0
252309,0
252310,0
252311,0
252312,0
252313,0
252314,0
252315,0
252316,0
252317,0
252318,0
252319,0
252320,0
252321,0
252322,0
252323,0
252324,0
252325,0
252326,0
252327,0
252328,0
252329,0
252330,0
252331,0
252332,0
252333,0
252334,0
252335,0
252336,0
252337,0
252338,0
252339,0
252340,0
252341,0
252342,0
252343,0
252344,0
252345,0
252346,0
252347,0
252348,0
252349,0
252350,0
252351,0
252352,0
252353,0
252354,0
252355,0
252356,0
252357,0
252358,0
252359,0
252360,0
252361,0
252362,0
252363,0
252364,0
252365,0
252366,0
252367,0
252368,0
252369,0
252370,0
252371,0
252372,0
252373,0
252374,0
252375,0
252376,0
252377,0
252378,0
252379,0
252380,0
252381,0
252382,0
252383,0
252384,0
252385,0
252386,0
252387,0
252388,0
252389,0
252390,0
252391,0
252392,0
252393,0
252394,0
252395,0
252396,0
252397,0
252398,0
252399,0
252400,0
252401,0
252402,0
252403,0
252404,0
252405,0
252406,0
252407,0
252408,0
252409,0
252410,0
252411,0
252412,0
252413,0
252414,0
252415,0
252416,0
252417,0
252418,0
252419,0
252420,0
252421,0
252422,0
252423,0
252424,0
252425,0
252426,0
252427,0
252428,0
252429,0
252430,0
252431,0
252432,0
252433,0
252434,0
252435,0
252436,0
252437,0
252438,0
252439,0
252440,0
252441,0
252442,0
252443,0
252444,0
252445,0
252446,0
252447,0
252448,0
252449,0
252450,0
252451,0
252452,0
252453,0
252454,0
252455,0
252456,0
252457,0
252458,0
252459,0
252460,0
252461,0
252462,0
252463,0
252464,0
252465,0
252466,0
252467,0
252468,0
252469,0
252470,0
252471,0
252472,0
252473,0
252474,0
252475,0
252476,0
252477,0
252478,0
252479,0
252480,0
252481,0
252482,0
252483,0
252484,0
252485,0
252486,0
252487,0
252488,0
252489,0
252490,0
252491,0
252492,0
252493,0
252494,0
252495,0
252496,0
252497,0
252498,0
252499,0
252500,0
252501,0
252502,0
252503,0
252504,0
252505,0
252506,0
252507,0
252508,0
252509,0
252510,0
252511,0
252512,0
252513,0
252514,0
252515,0
252516,0
252517,0
252518,0
252519,0
252520,0
252521,0
252522,0
252523,0
252524,0
252525,0
252526,0
252527,0
252528,0
252529,0
252530,0
252531,0
252532,0
252533,0
252534,0
252535,0
252536,0
252537,0
252538,0
252539,0
252540,0
252541,0
252542,0
252543,0
252544,0
252545,0
252546,0
252547,0
252548,0
252549,0
252550,0
252551,0
252552,0
252553,0
252554,0
252555,0
252556,0
252557,0
252558,0
252559,0
252560,0
252561,0
252562,0
252563,0
252564,0
252565,0
252566,0
252567,0
252568,0
252569,0
252570,0
252571,0
252572,0
252573,0
252574,0
252575,0
252576,0
252577,0
252578,0
252579,0
252580,0
252581,0
252582,0
252583,0
252584,0
252585,0
252586,0
252587,0
252588,0
252589,0
252590,0
252591,0
252592,0
252593,0
252594,0
252595,0
252596,0
252597,0
252598,0
252599,0
252600,0
252601,0
252602,0
252603,0
252604,0
252605,0
252606,0
252607,0
252608,0
252609,0
252610,0
252611,0
252612,0
252613,0
252614,0
252615,0
252616,0
252617,0
252618,0
252619,0
252620,0
252621,0
252622,0
252623,0
252624,0
252625,0
252626,0
252627,0
252628,0
252629,0
252630,0
252631,0
252632,0
252633,0
252634,0
252635,0
252636,0
252637,0
252638,0
252639,0
252640,0
252641,0
252642,0
252643,0
252644,0
252645,0
252646,0
252647,0
252648,0
252649,0
252650,0
252651,0
252652,0
252653,0
252654,0
252655,0
252656,0
252657,0
252658,0
252659,0
252660,0
252661,0
252662,0
252663,0
252664,0
252665,0
252666,0
252667,0
252668,0
252669,0
252670,0
252671,0
252672,0
252673,0
252674,0
252675,0
252676,0
252677,0
252678,0
252679,0
252680,0
252681,0
252682,0
252683,0
252684,0
252685,0
252686,0
252687,0
252688,0
252689,0
252690,0
252691,0
252692,0
252693,0
252694,0
252695,0
252696,0
252697,0
252698,0
252699,0
252700,0
252701,0
252702,0
252703,0
252704,0
252705,0
252706,0
252707,0
252708,0
252709,0
252710,0
252711,0
252712,0
252713,0
252714,0
252715,0
252716,0
252717,0
252718,0
252719,0
252720,0
252721,0
252722,0
252723,0
252724,0
252725,0
252726,0
252727,0
252728,0
252729,0
252730,0
252731,0
252732,0
252733,0
252734,0
252735,0
252736,0
252737,0
252738,0
252739,0
252740,0
252741,0
252742,0
252743,0
252744,0
252745,0
252746,0
252747,0
252748,0
252749,0
252750,0
252751,0
252752,0
252753,0
252754,0
252755,0
252756,0
252757,0
252758,0
252759,0
252760,0
252761,0
252762,0
252763,0
252764,0
252765,0
252766,0
252767,0
252768,0
252769,0
252770,0
252771,0
252772,0
252773,0
252774,0
252775,0
252776,0
252777,0
252778,0
252779,0
252780,0
252781,0
252782,0
252783,0
252784,0
252785,0
252786,0
252787,0
252788,0
252789,0
252790,0
252791,0
252792,0
252793,0
252794,0
252795,0
252796,0
252797,0
252798,0
252799,0
252800,0
252801,0
252802,0
252803,0
252804,0
252805,0
252806,0
252807,0
252808,0
252809,0
252810,0
252811,0
252812,0
252813,0
252814,0
252815,0
252816,0
252817,0
252818,0
252819,0
252820,0
252821,0
252822,0
252823,0
252824,0
252825,0
252826,0
252827,0
252828,0
252829,0
252830,0
252831,0
252832,0
252833,0
252834,0
252835,0
252836,0
252837,0
252838,0
252839,0
252840,0
252841,0
252842,0
252843,0
252844,0
252845,0
252846,0
252847,0
252848,0
252849,0
252850,0
252851,0
252852,0
252853,0
252854,0
252855,0
252856,0
252857,0
252858,0
252859,0
252860,0
252861,0
252862,0
252863,0
252864,0
252865,0
252866,0
252867,0
252868,0
252869,0
252870,0
252871,0
252872,0
252873,0
252874,0
252875,0
252876,0
252877,0
252878,0
252879,0
252880,0
252881,0
252882,0
252883,0
252884,0
252885,0
252886,0
252887,0
252888,0
252889,0
252890,0
252891,0
252892,0
252893,0
252894,0
252895,0
252896,0
252897,0
252898,0
252899,0
252900,0
252901,0
252902,0
252903,0
252904,0
252905,0
252906,0
252907,0
252908,0
252909,0
252910,0
252911,0
252912,0
252913,0
252914,0
252915,0
252916,0
252917,0
252918,0
252919,0
252920,0
252921,0
252922,0
252923,0
252924,0
252925,0
252926,0
252927,0
252928,0
252929,0
252930,0
252931,0
252932,0
252933,0
252934,0
252935,0
252936,0
252937,0
252938,0
252939,0
252940,0
252941,0
252942,0
252943,0
252944,0
252945,0
252946,0
252947,0
252948,0
252949,0
252950,0
252951,0
252952,0
252953,0
252954,0
252955,0
252956,0
252957,0
252958,0
252959,0
252960,0
252961,0
252962,0
252963,0
252964,0
252965,0
252966,0
252967,0
252968,0
252969,0
252970,0
252971,0
252972,0
252973,0
252974,0
252975,0
252976,0
252977,0
252978,0
252979,0
252980,0
252981,0
252982,0
252983,0
252984,0
252985,0
252986,0
252987,0
252988,0
252989,0
252990,0
252991,0
252992,0
252993,0
252994,0
252995,0
252996,0
252997,0
252998,0
252999,0
253000,0
253001,0
253002,0
253003,0
253004,0
253005,0
253006,0
253007,0
253008,0
253009,0
253010,0
253011,0
253012,0
253013,0
253014,0
253015,0
253016,0
253017,0
253018,0
253019,0
253020,0
253021,0
253022,0
253023,0
253024,0
253025,0
253026,0
253027,0
253028,0
253029,0
253030,0
253031,0
253032,0
253033,0
253034,0
253035,0
253036,0
253037,0
253038,0
253039,0
253040,0
253041,0
253042,0
253043,0
253044,0
253045,0
253046,0
253047,0
253048,0
253049,0
253050,0
253051,0
253052,0
253053,0
253054,0
253055,0
253056,0
253057,0
253058,0
253059,0
253060,0
253061,0
253062,0
253063,0
253064,0
253065,0
253066,0
253067,0
253068,0
253069,0
253070,0
253071,0
253072,0
253073,0
253074,0
253075,0
253076,0
253077,0
253078,0
253079,0
253080,0
253081,0
253082,0
253083,0
253084,0
253085,0
253086,0
253087,0
253088,0
253089,0
253090,0
253091,0
253092,0
253093,0
253094,0
253095,0
253096,0
253097,0
253098,0
253099,0
253100,0
253101,0
253102,0
253103,0
253104,0
253105,0
253106,0
253107,0
253108,0
253109,0
253110,0
253111,0
253112,0
253113,0
253114,0
253115,0
253116,0
253117,0
253118,0
253119,0
253120,0
253121,0
253122,0
253123,0
253124,0
253125,0
253126,0
253127,0
253128,0
253129,0
253130,0
253131,0
253132,0
253133,0
253134,0
253135,0
253136,0
253137,0
253138,0
253139,0
253140,0
253141,0
253142,0
253143,0
253144,0
253145,0
253146,0
253147,0
253148,0
253149,0
253150,0
253151,0
253152,0
253153,0
253154,0
253155,0
253156,0
253157,0
253158,0
253159,0
253160,0
253161,0
253162,0
253163,0
253164,0
253165,0
253166,0
253167,0
253168,0
253169,0
253170,0
253171,0
253172,0
253173,0
253174,0
253175,0
253176,0
253177,0
253178,0
253179,0
253180,0
253181,0
253182,0
253183,0
253184,0
253185,0
253186,0
253187,0
253188,0
253189,0
253190,0
253191,0
253192,0
253193,0
253194,0
253195,0
253196,0
253197,0
253198,0
253199,0
253200,0
253201,0
253202,0
253203,0
253204,0
253205,0
253206,0
253207,0
253208,0
253209,0
253210,0
253211,0
253212,0
253213,0
253214,0
253215,0
253216,0
253217,0
253218,0
253219,0
253220,0
253221,0
253222,0
253223,0
253224,0
253225,0
253226,0
253227,0
253228,0
253229,0
253230,0
253231,0
253232,0
253233,0
253234,0
253235,0
253236,0
253237,0
253238,0
253239,0
253240,0
253241,0
253242,0
253243,0
253244,0
253245,0
253246,0
253247,0
253248,0
253249,0
253250,0
253251,0
253252,0
253253,0
253254,0
253255,0
253256,0
253257,0
253258,0
253259,0
253260,0
253261,0
253262,0
253263,0
253264,0
253265,0
253266,0
253267,0
253268,0
253269,0
253270,0
253271,0
253272,0
253273,0
253274,0
253275,0
253276,0
253277,0
253278,0
253279,0
253280,0
253281,0
253282,0
253283,0
253284,0
253285,0
253286,0
253287,0
253288,0
253289,0
253290,0
253291,0
253292,0
253293,0
253294,0
253295,0
253296,0
253297,0
253298,0
253299,0
253300,0
253301,0
253302,0
253303,0
253304,0
253305,0
253306,0
253307,0
253308,0
253309,0
253310,0
253311,0
253312,0
253313,0
253314,0
253315,0
253316,0
253317,0
253318,0
253319,0
253320,0
253321,0
253322,0
253323,0
253324,0
253325,0
253326,0
253327,0
253328,0
253329,0
253330,0
253331,0
253332,0
253333,0
253334,0
253335,0
253336,0
253337,0
253338,0
253339,0
253340,0
253341,0
253342,0
253343,0
253344,0
253345,0
253346,0
253347,0
253348,0
253349,0
253350,0
253351,0
253352,0
253353,0
253354,0
253355,0
253356,0
253357,0
253358,0
253359,0
253360,0
253361,0
253362,0
253363,0
253364,0
253365,0
253366,0
253367,0
253368,0
253369,0
253370,0
253371,0
253372,0
253373,0
253374,0
253375,0
253376,0
253377,0
253378,0
253379,0
253380,0
253381,0
253382,0
253383,0
253384,0
253385,0
253386,0
253387,0
253388,0
253389,0
253390,0
253391,0
253392,0
253393,0
253394,0
253395,0
253396,0
253397,0
253398,0
253399,0
253400,0
253401,0
253402,0
253403,0
253404,0
253405,0
253406,0
253407,0
253408,0
253409,0
253410,0
253411,0
253412,0
253413,0
253414,0
253415,0
253416,0
253417,0
253418,0
253419,0
253420,0
253421,0
253422,0
253423,0
253424,0
253425,0
253426,0
253427,0
253428,0
253429,0
253430,0
253431,0
253432,0
253433,0
253434,0
253435,0
253436,0
253437,0
253438,0
253439,0
253440,0
253441,0
253442,0
253443,0
253444,0
253445,0
253446,0
253447,0
253448,0
253449,0
253450,0
253451,0
253452,0
253453,0
253454,0
253455,0
253456,0
253457,0
253458,0
253459,0
253460,0
253461,0
253462,0
253463,0
253464,0
253465,0
253466,0
253467,0
253468,0
253469,0
253470,0
253471,0
253472,0
253473,0
253474,0
253475,0
253476,0
253477,0
253478,0
253479,0
253480,0
253481,0
253482,0
253483,0
253484,0
253485,0
253486,0
253487,0
253488,0
253489,0
253490,0
253491,0
253492,0
253493,0
253494,0
253495,0
253496,0
253497,0
253498,0
253499,0
253500,0
253501,0
253502,0
253503,0
253504,0
253505,0
253506,0
253507,0
253508,0
253509,0
253510,0
253511,0
253512,0
253513,0
253514,0
253515,0
253516,0
253517,0
253518,0
253519,0
253520,0
253521,0
253522,0
253523,0
253524,0
253525,0
253526,0
253527,0
253528,0
253529,0
253530,0
253531,0
253532,0
253533,0
253534,0
253535,0
253536,0
253537,0
253538,0
253539,0
253540,0
253541,0
253542,0
253543,0
253544,0
253545,0
253546,0
253547,0
253548,0
253549,0
253550,0
253551,0
253552,0
253553,0
253554,0
253555,0
253556,0
253557,0
253558,0
253559,0
253560,0
253561,0
253562,0
253563,0
253564,0
253565,0
253566,0
253567,0
253568,0
253569,0
253570,0
253571,0
253572,0
253573,0
253574,0
253575,0
253576,0
253577,0
253578,0
253579,0
253580,0
253581,0
253582,0
253583,0
253584,0
253585,0
253586,0
253587,0
253588,0
253589,0
253590,0
253591,0
253592,0
253593,0
253594,0
253595,0
253596,0
253597,0
253598,0
253599,0
253600,0
253601,0
253602,0
253603,0
253604,0
253605,0
253606,0
253607,0
253608,0
253609,0
253610,0
253611,0
253612,0
253613,0
253614,0
253615,0
253616,0
253617,0
253618,0
253619,0
253620,0
253621,0
253622,0
253623,0
253624,0
253625,0
253626,0
253627,0
253628,0
253629,0
253630,0
253631,0
253632,0
253633,0
253634,0
253635,0
253636,0
253637,0
253638,0
253639,0
253640,0
253641,0
253642,0
253643,0
253644,0
253645,0
253646,0
253647,0
253648,0
253649,0
253650,0
253651,0
253652,0
253653,0
253654,0
253655,0
253656,0
253657,0
253658,0
253659,0
253660,0
253661,0
253662,0
253663,0
253664,0
253665,0
253666,0
253667,0
253668,0
253669,0
253670,0
253671,0
253672,0
253673,0
253674,0
253675,0
253676,0
253677,0
253678,0
253679,0
253680,0
253681,0
253682,0
253683,0
253684,0
253685,0
253686,0
253687,0
253688,0
253689,0
253690,0
253691,0
253692,0
253693,0
253694,0
253695,0
253696,0
253697,0
253698,0
253699,0
253700,0
253701,0
253702,0
253703,0
253704,0
253705,0
253706,0
253707,0
253708,0
253709,0
253710,0
253711,0
253712,0
253713,0
253714,0
253715,0
253716,0
253717,0
253718,0
253719,0
253720,0
253721,0
253722,0
253723,0
253724,0
253725,0
253726,0
253727,0
253728,0
253729,0
253730,0
253731,0
253732,0
253733,0
253734,0
253735,0
253736,0
253737,0
253738,0
253739,0
253740,0
253741,0
253742,0
253743,0
253744,0
253745,0
253746,0
253747,0
253748,0
253749,0
253750,0
253751,0
253752,0
253753,0
253754,0
253755,0
253756,0
253757,0
253758,0
253759,0
253760,0
253761,0
253762,0
253763,0
253764,0
253765,0
253766,0
253767,0
253768,0
253769,0
253770,0
253771,0
253772,0
253773,0
253774,0
253775,0
253776,0
253777,0
253778,0
253779,0
253780,0
253781,0
253782,0
253783,0
253784,0
253785,0
253786,0
253787,0
253788,0
253789,0
253790,0
253791,0
253792,0
253793,0
253794,0
253795,0
253796,0
253797,0
253798,0
253799,0
253800,0
253801,0
253802,0
253803,0
253804,0
253805,0
253806,0
253807,0
253808,0
253809,0
253810,0
253811,0
253812,0
253813,0
253814,0
253815,0
253816,0
253817,0
253818,0
253819,0
253820,0
253821,0
253822,0
253823,0
253824,0
253825,0
253826,0
253827,0
253828,0
253829,0
253830,0
253831,0
253832,0
253833,0
253834,0
253835,0
253836,0
253837,0
253838,0
253839,0
253840,0
253841,0
253842,0
253843,0
253844,0
253845,0
253846,0
253847,0
253848,0
253849,0
253850,0
253851,0
253852,0
253853,0
253854,0
253855,0
253856,0
253857,0
253858,0
253859,0
253860,0
253861,0
253862,0
253863,0
253864,0
253865,0
253866,0
253867,0
253868,0
253869,0
253870,0
253871,0
253872,0
253873,0
253874,0
253875,0
253876,0
253877,0
253878,0
253879,0
253880,0
253881,0
253882,0
253883,0
253884,0
253885,0
253886,0
253887,0
253888,0
253889,0
253890,0
253891,0
253892,0
253893,0
253894,0
253895,0
253896,0
253897,0
253898,0
253899,0
253900,0
253901,0
253902,0
253903,0
253904,0
253905,0
253906,0
253907,0
253908,0
253909,0
253910,0
253911,0
253912,0
253913,0
253914,0
253915,0
253916,0
253917,0
253918,0
253919,0
253920,0
253921,0
253922,0
253923,0
253924,0
253925,0
253926,0
253927,0
253928,0
253929,0
253930,0
253931,0
253932,0
253933,0
253934,0
253935,0
253936,0
253937,0
253938,0
253939,0
253940,0
253941,0
253942,0
253943,0
253944,0
253945,0
253946,0
253947,0
253948,0
253949,0
253950,0
253951,0
253952,0
253953,0
253954,0
253955,0
253956,0
253957,0
253958,0
253959,0
253960,0
253961,0
253962,0
253963,0
253964,0
253965,0
253966,0
253967,0
253968,0
253969,0
253970,0
253971,0
253972,0
253973,0
253974,0
253975,0
253976,0
253977,0
253978,0
253979,0
253980,0
253981,0
253982,0
253983,0
253984,0
253985,0
253986,0
253987,0
253988,0
253989,0
253990,0
253991,0
253992,0
253993,0
253994,0
253995,0
253996,0
253997,0
253998,0
253999,0
254000,0
254001,0
254002,0
254003,0
254004,0
254005,0
254006,0
254007,0
254008,0
254009,0
254010,0
254011,0
254012,0
254013,0
254014,0
254015,0
254016,0
254017,0
254018,0
254019,0
254020,0
254021,0
254022,0
254023,0
254024,0
254025,0
254026,0
254027,0
254028,0
254029,0
254030,0
254031,0
254032,0
254033,0
254034,0
254035,0
254036,0
254037,0
254038,0
254039,0
254040,0
254041,0
254042,0
254043,0
254044,0
254045,0
254046,0
254047,0
254048,0
254049,0
254050,0
254051,0
254052,0
254053,0
254054,0
254055,0
254056,0
254057,0
254058,0
254059,0
254060,0
254061,0
254062,0
254063,0
254064,0
254065,0
254066,0
254067,0
254068,0
254069,0
254070,0
254071,0
254072,0
254073,0
254074,0
254075,0
254076,0
254077,0
254078,0
254079,0
254080,0
254081,0
254082,0
254083,0
254084,0
254085,0
254086,0
254087,0
254088,0
254089,0
254090,0
254091,0
254092,0
254093,0
254094,0
254095,0
254096,0
254097,0
254098,0
254099,0
254100,0
254101,0
254102,0
254103,0
254104,0
254105,0
254106,0
254107,0
254108,0
254109,0
254110,0
254111,0
254112,0
254113,0
254114,0
254115,0
254116,0
254117,0
254118,0
254119,0
254120,0
254121,0
254122,0
254123,0
254124,0
254125,0
254126,0
254127,0
254128,0
254129,0
254130,0
254131,0
254132,0
254133,0
254134,0
254135,0
254136,0
254137,0
254138,0
254139,0
254140,0
254141,0
254142,0
254143,0
254144,0
254145,0
254146,0
254147,0
254148,0
254149,0
254150,0
254151,0
254152,0
254153,0
254154,0
254155,0
254156,0
254157,0
254158,0
254159,0
254160,0
254161,0
254162,0
254163,0
254164,0
254165,0
254166,0
254167,0
254168,0
254169,0
254170,0
254171,0
254172,0
254173,0
254174,0
254175,0
254176,0
254177,0
254178,0
254179,0
254180,0
254181,0
254182,0
254183,0
254184,0
254185,0
254186,0
254187,0
254188,0
254189,0
254190,0
254191,0
254192,0
254193,0
254194,0
254195,0
254196,0
254197,0
254198,0
254199,0
254200,0
254201,0
254202,0
254203,0
254204,0
254205,0
254206,0
254207,0
254208,0
254209,0
254210,0
254211,0
254212,0
254213,0
254214,0
254215,0
254216,0
254217,0
254218,0
254219,0
254220,0
254221,0
254222,0
254223,0
254224,0
254225,0
254226,0
254227,0
254228,0
254229,0
254230,0
254231,0
254232,0
254233,0
254234,0
254235,0
254236,0
254237,0
254238,0
254239,0
254240,0
254241,0
254242,0
254243,0
254244,0
254245,0
254246,0
254247,0
254248,0
254249,0
254250,0
254251,0
254252,0
254253,0
254254,0
254255,0
254256,0
254257,0
254258,0
254259,0
254260,0
254261,0
254262,0
254263,0
254264,0
254265,0
254266,0
254267,0
254268,0
254269,0
254270,0
254271,0
254272,0
254273,0
254274,0
254275,0
254276,0
254277,0
254278,0
254279,0
254280,0
254281,0
254282,0
254283,0
254284,0
254285,0
254286,0
254287,0
254288,0
254289,0
254290,0
254291,0
254292,0
254293,0
254294,0
254295,0
254296,0
254297,0
254298,0
254299,0
254300,0
254301,0
254302,0
254303,0
254304,0
254305,0
254306,0
254307,0
254308,0
254309,0
254310,0
254311,0
254312,0
254313,0
254314,0
254315,0
254316,0
254317,0
254318,0
254319,0
254320,0
254321,0
254322,0
254323,0
254324,0
254325,0
254326,0
254327,0
254328,0
254329,0
254330,0
254331,0
254332,0
254333,0
254334,0
254335,0
254336,0
254337,0
254338,0
254339,0
254340,0
254341,0
254342,0
254343,0
254344,0
254345,0
254346,0
254347,0
254348,0
254349,0
254350,0
254351,0
254352,0
254353,0
254354,0
254355,0
254356,0
254357,0
254358,0
254359,0
254360,0
254361,0
254362,0
254363,0
254364,0
254365,0
254366,0
254367,0
254368,0
254369,0
254370,0
254371,0
254372,0
254373,0
254374,0
254375,0
254376,0
254377,0
254378,0
254379,0
254380,0
254381,0
254382,0
254383,0
254384,0
254385,0
254386,0
254387,0
254388,0
254389,0
254390,0
254391,0
254392,0
254393,0
254394,0
254395,0
254396,0
254397,0
254398,0
254399,0
254400,0
254401,0
254402,0
254403,0
254404,0
254405,0
254406,0
254407,0
254408,0
254409,0
254410,0
254411,0
254412,0
254413,0
254414,0
254415,0
254416,0
254417,0
254418,0
254419,0
254420,0
254421,0
254422,0
254423,0
254424,0
254425,0
254426,0
254427,0
254428,0
254429,0
254430,0
254431,0
254432,0
254433,0
254434,0
254435,0
254436,0
254437,0
254438,0
254439,0
254440,0
254441,0
254442,0
254443,0
254444,0
254445,0
254446,0
254447,0
254448,0
254449,0
254450,0
254451,0
254452,0
254453,0
254454,0
254455,0
254456,0
254457,0
254458,0
254459,0
254460,0
254461,0
254462,0
254463,0
254464,0
254465,0
254466,0
254467,0
254468,0
254469,0
254470,0
254471,0
254472,0
254473,0
254474,0
254475,0
254476,0
254477,0
254478,0
254479,0
254480,0
254481,0
254482,0
254483,0
254484,0
254485,0
254486,0
254487,0
254488,0
254489,0
254490,0
254491,0
254492,0
254493,0
254494,0
254495,0
254496,0
254497,0
254498,0
254499,0
254500,0
254501,0
254502,0
254503,0
254504,0
254505,0
254506,0
254507,0
254508,0
254509,0
254510,0
254511,0
254512,0
254513,0
254514,0
254515,0
254516,0
254517,0
254518,0
254519,0
254520,0
254521,0
254522,0
254523,0
254524,0
254525,0
254526,0
254527,0
254528,0
254529,0
254530,0
254531,0
254532,0
254533,0
254534,0
254535,0
254536,0
254537,0
254538,0
254539,0
254540,0
254541,0
254542,0
254543,0
254544,0
254545,0
254546,0
254547,0
254548,0
254549,0
254550,0
254551,0
254552,0
254553,0
254554,0
254555,0
254556,0
254557,0
254558,0
254559,0
254560,0
254561,0
254562,0
254563,0
254564,0
254565,0
254566,0
254567,0
254568,0
254569,0
254570,0
254571,0
254572,0
254573,0
254574,0
254575,0
254576,0
254577,0
254578,0
254579,0
254580,0
254581,0
254582,0
254583,0
254584,0
254585,0
254586,0
254587,0
254588,0
254589,0
254590,0
254591,0
254592,0
254593,0
254594,0
254595,0
254596,0
254597,0
254598,0
254599,0
254600,0
254601,0
254602,0
254603,0
254604,0
254605,0
254606,0
254607,0
254608,0
254609,0
254610,0
254611,0
254612,0
254613,0
254614,0
254615,0
254616,0
254617,0
254618,0
254619,0
254620,0
254621,0
254622,0
254623,0
254624,0
254625,0
254626,0
254627,0
254628,0
254629,0
254630,0
254631,0
254632,0
254633,0
254634,0
254635,0
254636,0
254637,0
254638,0
254639,0
254640,0
254641,0
254642,0
254643,0
254644,0
254645,0
254646,0
254647,0
254648,0
254649,0
254650,0
254651,0
254652,0
254653,0
254654,0
254655,0
254656,0
254657,0
254658,0
254659,0
254660,0
254661,0
254662,0
254663,0
254664,0
254665,0
254666,0
254667,0
254668,0
254669,0
254670,0
254671,0
254672,0
254673,0
254674,0
254675,0
254676,0
254677,0
254678,0
254679,0
254680,0
254681,0
254682,0
254683,0
254684,0
254685,0
254686,0
254687,0
254688,0
254689,0
254690,0
254691,0
254692,0
254693,0
254694,0
254695,0
254696,0
254697,0
254698,0
254699,0
254700,0
254701,0
254702,0
254703,0
254704,0
254705,0
254706,0
254707,0
254708,0
254709,0
254710,0
254711,0
254712,0
254713,0
254714,0
254715,0
254716,0
254717,0
254718,0
254719,0
254720,0
254721,0
254722,0
254723,0
254724,0
254725,0
254726,0
254727,0
254728,0
254729,0
254730,0
254731,0
254732,0
254733,0
254734,0
254735,0
254736,0
254737,0
254738,0
254739,0
254740,0
254741,0
254742,0
254743,0
254744,0
254745,0
254746,0
254747,0
254748,0
254749,0
254750,0
254751,0
254752,0
254753,0
254754,0
254755,0
254756,0
254757,0
254758,0
254759,0
254760,0
254761,0
254762,0
254763,0
254764,0
254765,0
254766,0
254767,0
254768,0
254769,0
254770,0
254771,0
254772,0
254773,0
254774,0
254775,0
254776,0
254777,0
254778,0
254779,0
254780,0
254781,0
254782,0
254783,0
254784,0
254785,0
254786,0
254787,0
254788,0
254789,0
254790,0
254791,0
254792,0
254793,0
254794,0
254795,0
254796,0
254797,0
254798,0
254799,0
254800,0
254801,0
254802,0
254803,0
254804,0
254805,0
254806,0
254807,0
254808,0
254809,0
254810,0
254811,0
254812,0
254813,0
254814,0
254815,0
254816,0
254817,0
254818,0
254819,0
254820,0
254821,0
254822,0
254823,0
254824,0
254825,0
254826,0
254827,0
254828,0
254829,0
254830,0
254831,0
254832,0
254833,0
254834,0
254835,0
254836,0
254837,0
254838,0
254839,0
254840,0
254841,0
254842,0
254843,0
254844,0
254845,0
254846,0
254847,0
254848,0
254849,0
254850,0
254851,0
254852,0
254853,0
254854,0
254855,0
254856,0
254857,0
254858,0
254859,0
254860,0
254861,0
254862,0
254863,0
254864,0
254865,0
254866,0
254867,0
254868,0
254869,0
254870,0
254871,0
254872,0
254873,0
254874,0
254875,0
254876,0
254877,0
254878,0
254879,0
254880,0
254881,0
254882,0
254883,0
254884,0
254885,0
254886,0
254887,0
254888,0
254889,0
254890,0
254891,0
254892,0
254893,0
254894,0
254895,0
254896,0
254897,0
254898,0
254899,0
254900,0
254901,0
254902,0
254903,0
254904,0
254905,0
254906,0
254907,0
254908,0
254909,0
254910,0
254911,0
254912,0
254913,0
254914,0
254915,0
254916,0
254917,0
254918,0
254919,0
254920,0
254921,0
254922,0
254923,0
254924,0
254925,0
254926,0
254927,0
254928,0
254929,0
254930,0
254931,0
254932,0
254933,0
254934,0
254935,0
254936,0
254937,0
254938,0
254939,0
254940,0
254941,0
254942,0
254943,0
254944,0
254945,0
254946,0
254947,0
254948,0
254949,0
254950,0
254951,0
254952,0
254953,0
254954,0
254955,0
254956,0
254957,0
254958,0
254959,0
254960,0
254961,0
254962,0
254963,0
254964,0
254965,0
254966,0
254967,0
254968,0
254969,0
254970,0
254971,0
254972,0
254973,0
254974,0
254975,0
254976,0
254977,0
254978,0
254979,0
254980,0
254981,0
254982,0
254983,0
254984,0
254985,0
254986,0
254987,0
254988,0
254989,0
254990,0
254991,0
254992,0
254993,0
254994,0
254995,0
254996,0
254997,0
254998,0
254999,0
255000,0
255001,0
255002,0
255003,0
255004,0
255005,0
255006,0
255007,0
255008,0
255009,0
255010,0
255011,0
255012,0
255013,0
255014,0
255015,0
255016,0
255017,0
255018,0
255019,0
255020,0
255021,0
255022,0
255023,0
255024,0
255025,0
255026,0
255027,0
255028,0
255029,0
255030,0
255031,0
255032,0
255033,0
255034,0
255035,0
255036,0
255037,0
255038,0
255039,0
255040,0
255041,0
255042,0
255043,0
255044,0
255045,0
255046,0
255047,0
255048,0
255049,0
255050,0
255051,0
255052,0
255053,0
255054,0
255055,0
255056,0
255057,0
255058,0
255059,0
255060,0
255061,0
255062,0
255063,0
255064,0
255065,0
255066,0
255067,0
255068,0
255069,0
255070,0
255071,0
255072,0
255073,0
255074,0
255075,0
255076,0
255077,0
255078,0
255079,0
255080,0
255081,0
255082,0
255083,0
255084,0
255085,0
255086,0
255087,0
255088,0
255089,0
255090,0
255091,0
255092,0
255093,0
255094,0
255095,0
255096,0
255097,0
255098,0
255099,0
255100,0
255101,0
255102,0
255103,0
255104,0
255105,0
255106,0
255107,0
255108,0
255109,0
255110,0
255111,0
255112,0
255113,0
255114,0
255115,0
255116,0
255117,0
255118,0
255119,0
255120,0
255121,0
255122,0
255123,0
255124,0
255125,0
255126,0
255127,0
255128,0
255129,0
255130,0
255131,0
255132,0
255133,0
255134,0
255135,0
255136,0
255137,0
255138,0
255139,0
255140,0
255141,0
255142,0
255143,0
255144,0
255145,0
255146,0
255147,0
255148,0
255149,0
255150,0
255151,0
255152,0
255153,0
255154,0
255155,0
255156,0
255157,0
255158,0
255159,0
255160,0
255161,0
255162,0
255163,0
255164,0
255165,0
255166,0
255167,0
255168,0
255169,0
255170,0
255171,0
255172,0
255173,0
255174,0
255175,0
255176,0
255177,0
255178,0
255179,0
255180,0
255181,0
255182,0
255183,0
255184,0
255185,0
255186,0
255187,0
255188,0
255189,0
255190,0
255191,0
255192,0
255193,0
255194,0
255195,0
255196,0
255197,0
255198,0
255199,0
255200,0
255201,0
255202,0
255203,0
255204,0
255205,0
255206,0
255207,0
255208,0
255209,0
255210,0
255211,0
255212,0
255213,0
255214,0
255215,0
255216,0
255217,0
255218,0
255219,0
255220,0
255221,0
255222,0
255223,0
255224,0
255225,0
255226,0
255227,0
255228,0
255229,0
255230,0
255231,0
255232,0
255233,0
255234,0
255235,0
255236,0
255237,0
255238,0
255239,0
255240,0
255241,0
255242,0
255243,0
255244,0
255245,0
255246,0
255247,0
255248,0
255249,0
255250,0
255251,0
255252,0
255253,0
255254,0
255255,0
255256,0
255257,0
255258,0
255259,0
255260,0
255261,0
255262,0
255263,0
255264,0
255265,0
255266,0
255267,0
255268,0
255269,0
255270,0
255271,0
255272,0
255273,0
255274,0
255275,0
255276,0
255277,0
255278,0
255279,0
255280,0
255281,0
255282,0
255283,0
255284,0
255285,0
255286,0
255287,0
255288,0
255289,0
255290,0
255291,0
255292,0
255293,0
255294,0
255295,0
255296,0
255297,0
255298,0
255299,0
255300,0
255301,0
255302,0
255303,0
255304,0
255305,0
255306,0
255307,0
255308,0
255309,0
255310,0
255311,0
255312,0
255313,0
255314,0
255315,0
255316,0
255317,0
255318,0
255319,0
255320,0
255321,0
255322,0
255323,0
255324,0
255325,0
255326,0
255327,0
255328,0
255329,0
255330,0
255331,0
255332,0
255333,0
255334,0
255335,0
255336,0
255337,0
255338,0
255339,0
255340,0
255341,0
255342,0
255343,0
255344,0
255345,0
255346,0
255347,0
255348,0
255349,0
255350,0
255351,0
255352,0
255353,0
255354,0
255355,0
255356,0
255357,0
255358,0
255359,0
255360,0
255361,0
255362,0
255363,0
255364,0
255365,0
255366,0
255367,0
255368,0
255369,0
255370,0
255371,0
255372,0
255373,0
255374,0
255375,0
255376,0
255377,0
255378,0
255379,0
255380,0
255381,0
255382,0
255383,0
255384,0
255385,0
255386,0
255387,0
255388,0
255389,0
255390,0
255391,0
255392,0
255393,0
255394,0
255395,0
255396,0
255397,0
255398,0
255399,0
255400,0
255401,0
255402,0
255403,0
255404,0
255405,0
255406,0
255407,0
255408,0
255409,0
255410,0
255411,0
255412,0
255413,0
255414,0
255415,0
255416,0
255417,0
255418,0
255419,0
255420,0
255421,0
255422,0
255423,0
255424,0
255425,0
255426,0
255427,0
255428,0
255429,0
255430,0
255431,0
255432,0
255433,0
255434,0
255435,0
255436,0
255437,0
255438,0
255439,0
255440,0
255441,0
255442,0
255443,0
255444,0
255445,0
255446,0
255447,0
255448,0
255449,0
255450,0
255451,0
255452,0
255453,0
255454,0
255455,0
255456,0
255457,0
255458,0
255459,0
255460,0
255461,0
255462,0
255463,0
255464,0
255465,0
255466,0
255467,0
255468,0
255469,0
255470,0
255471,0
255472,0
255473,0
255474,0
255475,0
255476,0
255477,0
255478,0
255479,0
255480,0
255481,0
255482,0
255483,0
255484,0
255485,0
255486,0
255487,0
255488,0
255489,0
255490,0
255491,0
255492,0
255493,0
255494,0
255495,0
255496,0
255497,0
255498,0
255499,0
255500,0
255501,0
255502,0
255503,0
255504,0
255505,0
255506,0
255507,0
255508,0
255509,0
255510,0
255511,0
255512,0
255513,0
255514,0
255515,0
255516,0
255517,0
255518,0
255519,0
255520,0
255521,0
255522,0
255523,0
255524,0
255525,0
255526,0
255527,0
255528,0
255529,0
255530,0
255531,0
255532,0
255533,0
255534,0
255535,0
255536,0
255537,0
255538,0
255539,0
255540,0
255541,0
255542,0
255543,0
255544,0
255545,0
255546,0
255547,0
255548,0
255549,0
255550,0
255551,0
255552,0
255553,0
255554,0
255555,0
255556,0
255557,0
255558,0
255559,0
255560,0
255561,0
255562,0
255563,0
255564,0
255565,0
255566,0
255567,0
255568,0
255569,0
255570,0
255571,0
255572,0
255573,0
255574,0
255575,0
255576,0
255577,0
255578,0
255579,0
255580,0
255581,0
255582,0
255583,0
255584,0
255585,0
255586,0
255587,0
255588,0
255589,0
255590,0
255591,0
255592,0
255593,0
255594,0
255595,0
255596,0
255597,0
255598,0
255599,0
255600,0
255601,0
255602,0
255603,0
255604,0
255605,0
255606,0
255607,0
255608,0
255609,0
255610,0
255611,0
255612,0
255613,0
255614,0
255615,0
255616,0
255617,0
255618,0
255619,0
255620,0
255621,0
255622,0
255623,0
255624,0
255625,0
255626,0
255627,0
255628,0
255629,0
255630,0
255631,0
255632,0
255633,0
255634,0
255635,0
255636,0
255637,0
255638,0
255639,0
255640,0
255641,0
255642,0
255643,0
255644,0
255645,0
255646,0
255647,0
255648,0
255649,0
255650,0
255651,0
255652,0
255653,0
255654,0
255655,0
255656,0
255657,0
255658,0
255659,0
255660,0
255661,0
255662,0
255663,0
255664,0
255665,0
255666,0
255667,0
255668,0
255669,0
255670,0
255671,0
255672,0
255673,0
255674,0
255675,0
255676,0
255677,0
255678,0
255679,0
255680,0
255681,0
255682,0
255683,0
255684,0
255685,0
255686,0
255687,0
255688,0
255689,0
255690,0
255691,0
255692,0
255693,0
255694,0
255695,0
255696,0
255697,0
255698,0
255699,0
255700,0
255701,0
255702,0
255703,0
255704,0
255705,0
255706,0
255707,0
255708,0
255709,0
255710,0
255711,0
255712,0
255713,0
255714,0
255715,0
255716,0
255717,0
255718,0
255719,0
255720,0
255721,0
255722,0
255723,0
255724,0
255725,0
255726,0
255727,0
255728,0
255729,0
255730,0
255731,0
255732,0
255733,0
255734,0
255735,0
255736,0
255737,0
255738,0
255739,0
255740,0
255741,0
255742,0
255743,0
255744,0
255745,0
255746,0
255747,0
255748,0
255749,0
255750,0
255751,0
255752,0
255753,0
255754,0
255755,0
255756,0
255757,0
255758,0
255759,0
255760,0
255761,0
255762,0
255763,0
255764,0
255765,0
255766,0
255767,0
255768,0
255769,0
255770,0
255771,0
255772,0
255773,0
255774,0
255775,0
255776,0
255777,0
255778,0
255779,0
255780,0
255781,0
255782,0
255783,0
255784,0
255785,0
255786,0
255787,0
255788,0
255789,0
255790,0
255791,0
255792,0
255793,0
255794,0
255795,0
255796,0
255797,0
255798,0
255799,0
255800,0
255801,0
255802,0
255803,0
255804,0
255805,0
255806,0
255807,0
255808,0
255809,0
255810,0
255811,0
255812,0
255813,0
255814,0
255815,0
255816,0
255817,0
255818,0
255819,0
255820,0
255821,0
255822,0
255823,0
255824,0
255825,0
255826,0
255827,0
255828,0
255829,0
255830,0
255831,0
255832,0
255833,0
255834,0
255835,0
255836,0
255837,0
255838,0
255839,0
255840,0
255841,0
255842,0
255843,0
255844,0
255845,0
255846,0
255847,0
255848,0
255849,0
255850,0
255851,0
255852,0
255853,0
255854,0
255855,0
255856,0
255857,0
255858,0
255859,0
255860,0
255861,0
255862,0
255863,0
255864,0
255865,0
255866,0
255867,0
255868,0
255869,0
255870,0
255871,0
255872,0
255873,0
255874,0
255875,0
255876,0
255877,0
255878,0
255879,0
255880,0
255881,0
255882,0
255883,0
255884,0
255885,0
255886,0
255887,0
255888,0
255889,0
255890,0
255891,0
255892,0
255893,0
255894,0
255895,0
255896,0
255897,0
255898,0
255899,0
255900,0
255901,0
255902,0
255903,0
255904,0
255905,0
255906,0
255907,0
255908,0
255909,0
255910,0
255911,0
255912,0
255913,0
255914,0
255915,0
255916,0
255917,0
255918,0
255919,0
255920,0
255921,0
255922,0
255923,0
255924,0
255925,0
255926,0
255927,0
255928,0
255929,0
255930,0
255931,0
255932,0
255933,0
255934,0
255935,0
255936,0
255937,0
255938,0
255939,0
255940,0
255941,0
255942,0
255943,0
255944,0
255945,0
255946,0
255947,0
255948,0
255949,0
255950,0
255951,0
255952,0
255953,0
255954,0
255955,0
255956,0
255957,0
255958,0
255959,0
255960,0
255961,0
255962,0
255963,0
255964,0
255965,0
255966,0
255967,0
255968,0
255969,0
255970,0
255971,0
255972,0
255973,0
255974,0
255975,0
255976,0
255977,0
255978,0
255979,0
255980,0
255981,0
255982,0
255983,0
255984,0
255985,0
255986,0
255987,0
255988,0
255989,0
255990,0
255991,0
255992,0
255993,0
255994,0
255995,0
255996,0
255997,0
255998,0
255999,0
256000,0
256001,0
256002,0
256003,0
256004,0
256005,0
256006,0
256007,0
256008,0
256009,0
256010,0
256011,0
256012,0
256013,0
256014,0
256015,0
256016,0
256017,0
256018,0
256019,0
256020,0
256021,0
256022,0
256023,0
256024,0
256025,0
256026,0
256027,0
256028,0
256029,0
256030,0
256031,0
256032,0
256033,0
256034,0
256035,0
256036,0
256037,0
256038,0
256039,0
256040,0
256041,0
256042,0
256043,0
256044,0
256045,0
256046,0
256047,0
256048,0
256049,0
256050,0
256051,0
256052,0
256053,0
256054,0
256055,0
256056,0
256057,0
256058,0
256059,0
256060,0
256061,0
256062,0
256063,0
256064,0
256065,0
256066,0
256067,0
256068,0
256069,0
256070,0
256071,0
256072,0
256073,0
256074,0
256075,0
256076,0
256077,0
256078,0
256079,0
256080,0
256081,0
256082,0
256083,0
256084,0
256085,0
256086,0
256087,0
256088,0
256089,0
256090,0
256091,0
256092,0
256093,0
256094,0
256095,0
256096,0
256097,0
256098,0
256099,0
256100,0
256101,0
256102,0
256103,0
256104,0
256105,0
256106,0
256107,0
256108,0
256109,0
256110,0
256111,0
256112,0
256113,0
256114,0
256115,0
256116,0
256117,0
256118,0
256119,0
256120,0
256121,0
256122,0
256123,0
256124,0
256125,0
256126,0
256127,0
256128,0
256129,0
256130,0
256131,0
256132,0
256133,0
256134,0
256135,0
256136,0
256137,0
256138,0
256139,0
256140,0
256141,0
256142,0
256143,0
256144,0
256145,0
256146,0
256147,0
256148,0
256149,0
256150,0
256151,0
256152,0
256153,0
256154,0
256155,0
256156,0
256157,0
256158,0
256159,0
256160,0
256161,0
256162,0
256163,0
256164,0
256165,0
256166,0
256167,0
256168,0
256169,0
256170,0
256171,0
256172,0
256173,0
256174,0
256175,0
256176,0
256177,0
256178,0
256179,0
256180,0
256181,0
256182,0
256183,0
256184,0
256185,0
256186,0
256187,0
256188,0
256189,0
256190,0
256191,0
256192,0
256193,0
256194,0
256195,0
256196,0
256197,0
256198,0
256199,0
256200,0
256201,0
256202,0
256203,0
256204,0
256205,0
256206,0
256207,0
256208,0
256209,0
256210,0
256211,0
256212,0
256213,0
256214,0
256215,0
256216,0
256217,0
256218,0
256219,0
256220,0
256221,0
256222,0
256223,0
256224,0
256225,0
256226,0
256227,0
256228,0
256229,0
256230,0
256231,0
256232,0
256233,0
256234,0
256235,0
256236,0
256237,0
256238,0
256239,0
256240,0
256241,0
256242,0
256243,0
256244,0
256245,0
256246,0
256247,0
256248,0
256249,0
256250,0
256251,0
256252,0
256253,0
256254,0
256255,0
256256,0
256257,0
256258,0
256259,0
256260,0
256261,0
256262,0
256263,0
256264,0
256265,0
256266,0
256267,0
256268,0
256269,0
256270,0
256271,0
256272,0
256273,0
256274,0
256275,0
256276,0
256277,0
256278,0
256279,0
256280,0
256281,0
256282,0
256283,0
256284,0
256285,0
256286,0
256287,0
256288,0
256289,0
256290,0
256291,0
256292,0
256293,0
256294,0
256295,0
256296,0
256297,0
256298,0
256299,0
256300,0
256301,0
256302,0
256303,0
256304,0
256305,0
256306,0
256307,0
256308,0
256309,0
256310,0
256311,0
256312,0
256313,0
256314,0
256315,0
256316,0
256317,0
256318,0
256319,0
256320,0
256321,0
256322,0
256323,0
256324,0
256325,0
256326,0
256327,0
256328,0
256329,0
256330,0
256331,0
256332,0
256333,0
256334,0
256335,0
256336,0
256337,0
256338,0
256339,0
256340,0
256341,0
256342,0
256343,0
256344,0
256345,0
256346,0
256347,0
256348,0
256349,0
256350,0
256351,0
256352,0
256353,0
256354,0
256355,0
256356,0
256357,0
256358,0
256359,0
256360,0
256361,0
256362,0
256363,0
256364,0
256365,0
256366,0
256367,0
256368,0
256369,0
256370,0
256371,0
256372,0
256373,0
256374,0
256375,0
256376,0
256377,0
256378,0
256379,0
256380,0
256381,0
256382,0
256383,0
256384,0
256385,0
256386,0
256387,0
256388,0
256389,0
256390,0
256391,0
256392,0
256393,0
256394,0
256395,0
256396,0
256397,0
256398,0
256399,0
256400,0
256401,0
256402,0
256403,0
256404,0
256405,0
256406,0
256407,0
256408,0
256409,0
256410,0
256411,0
256412,0
256413,0
256414,0
256415,0
256416,0
256417,0
256418,0
256419,0
256420,0
256421,0
256422,0
256423,0
256424,0
256425,0
256426,0
256427,0
256428,0
256429,0
256430,0
256431,0
256432,0
256433,0
256434,0
256435,0
256436,0
256437,0
256438,0
256439,0
256440,0
256441,0
256442,0
256443,0
256444,0
256445,0
256446,0
256447,0
256448,0
256449,0
256450,0
256451,0
256452,0
256453,0
256454,0
256455,0
256456,0
256457,0
256458,0
256459,0
256460,0
256461,0
256462,0
256463,0
256464,0
256465,0
256466,0
256467,0
256468,0
256469,0
256470,0
256471,0
256472,0
256473,0
256474,0
256475,0
256476,0
256477,0
256478,0
256479,0
256480,0
256481,0
256482,0
256483,0
256484,0
256485,0
256486,0
256487,0
256488,0
256489,0
256490,0
256491,0
256492,0
256493,0
256494,0
256495,0
256496,0
256497,0
256498,0
256499,0
256500,0
256501,0
256502,0
256503,0
256504,0
256505,0
256506,0
256507,0
256508,0
256509,0
256510,0
256511,0
256512,0
256513,0
256514,0
256515,0
256516,0
256517,0
256518,0
256519,0
256520,0
256521,0
256522,0
256523,0
256524,0
256525,0
256526,0
256527,0
256528,0
256529,0
256530,0
256531,0
256532,0
256533,0
256534,0
256535,0
256536,0
256537,0
256538,0
256539,0
256540,0
256541,0
256542,0
256543,0
256544,0
256545,0
256546,0
256547,0
256548,0
256549,0
256550,0
256551,0
256552,0
256553,0
256554,0
256555,0
256556,0
256557,0
256558,0
256559,0
256560,0
256561,0
256562,0
256563,0
256564,0
256565,0
256566,0
256567,0
256568,0
256569,0
256570,0
256571,0
256572,0
256573,0
256574,0
256575,0
256576,0
256577,0
256578,0
256579,0
256580,0
256581,0
256582,0
256583,0
256584,0
256585,0
256586,0
256587,0
256588,0
256589,0
256590,0
256591,0
256592,0
256593,0
256594,0
256595,0
256596,0
256597,0
256598,0
256599,0
256600,0
256601,0
256602,0
256603,0
256604,0
256605,0
256606,0
256607,0
256608,0
256609,0
256610,0
256611,0
256612,0
256613,0
256614,0
256615,0
256616,0
256617,0
256618,0
256619,0
256620,0
256621,0
256622,0
256623,0
256624,0
256625,0
256626,0
256627,0
256628,0
256629,0
256630,0
256631,0
256632,0
256633,0
256634,0
256635,0
256636,0
256637,0
256638,0
256639,0
256640,0
256641,0
256642,0
256643,0
256644,0
256645,0
256646,0
256647,0
256648,0
256649,0
256650,0
256651,0
256652,0
256653,0
256654,0
256655,0
256656,0
256657,0
256658,0
256659,0
256660,0
256661,0
256662,0
256663,0
256664,0
256665,0
256666,0
256667,0
256668,0
256669,0
256670,0
256671,0
256672,0
256673,0
256674,0
256675,0
256676,0
256677,0
256678,0
256679,0
256680,0
256681,0
256682,0
256683,0
256684,0
256685,0
256686,0
256687,0
256688,0
256689,0
256690,0
256691,0
256692,0
256693,0
256694,0
256695,0
256696,0
256697,0
256698,0
256699,0
256700,0
256701,0
256702,0
256703,0
256704,0
256705,0
256706,0
256707,0
256708,0
256709,0
256710,0
256711,0
256712,0
256713,0
256714,0
256715,0
256716,0
256717,0
256718,0
256719,0
256720,0
256721,0
256722,0
256723,0
256724,0
256725,0
256726,0
256727,0
256728,0
256729,0
256730,0
256731,0
256732,0
256733,0
256734,0
256735,0
256736,0
256737,0
256738,0
256739,0
256740,0
256741,0
256742,0
256743,0
256744,0
256745,0
256746,0
256747,0
256748,0
256749,0
256750,0
256751,0
256752,0
256753,0
256754,0
256755,0
256756,0
256757,0
256758,0
256759,0
256760,0
256761,0
256762,0
256763,0
256764,0
256765,0
256766,0
256767,0
256768,0
256769,0
256770,0
256771,0
256772,0
256773,0
256774,0
256775,0
256776,0
256777,0
256778,0
256779,0
256780,0
256781,0
256782,0
256783,0
256784,0
256785,0
256786,0
256787,0
256788,0
256789,0
256790,0
256791,0
256792,0
256793,0
256794,0
256795,0
256796,0
256797,0
256798,0
256799,0
256800,0
256801,0
256802,0
256803,0
256804,0
256805,0
256806,0
256807,0
256808,0
256809,0
256810,0
256811,0
256812,0
256813,0
256814,0
256815,0
256816,0
256817,0
256818,0
256819,0
256820,0
256821,0
256822,0
256823,0
256824,0
256825,0
256826,0
256827,0
256828,0
256829,0
256830,0
256831,0
256832,0
256833,0
256834,0
256835,0
256836,0
256837,0
256838,0
256839,0
256840,0
256841,0
256842,0
256843,0
256844,0
256845,0
256846,0
256847,0
256848,0
256849,0
256850,0
256851,0
256852,0
256853,0
256854,0
256855,0
256856,0
256857,0
256858,0
256859,0
256860,0
256861,0
256862,0
256863,0
256864,0
256865,0
256866,0
256867,0
256868,0
256869,0
256870,0
256871,0
256872,0
256873,0
256874,0
256875,0
256876,0
256877,0
256878,0
256879,0
256880,0
256881,0
256882,0
256883,0
256884,0
256885,0
256886,0
256887,0
256888,0
256889,0
256890,0
256891,0
256892,0
256893,0
256894,0
256895,0
256896,0
256897,0
256898,0
256899,0
256900,0
256901,0
256902,0
256903,0
256904,0
256905,0
256906,0
256907,0
256908,0
256909,0
256910,0
256911,0
256912,0
256913,0
256914,0
256915,0
256916,0
256917,0
256918,0
256919,0
256920,0
256921,0
256922,0
256923,0
256924,0
256925,0
256926,0
256927,0
256928,0
256929,0
256930,0
256931,0
256932,0
256933,0
256934,0
256935,0
256936,0
256937,0
256938,0
256939,0
256940,0
256941,0
256942,0
256943,0
256944,0
256945,0
256946,0
256947,0
256948,0
256949,0
256950,0
256951,0
256952,0
256953,0
256954,0
256955,0
256956,0
256957,0
256958,0
256959,0
256960,0
256961,0
256962,0
256963,0
256964,0
256965,0
256966,0
256967,0
256968,0
256969,0
256970,0
256971,0
256972,0
256973,0
256974,0
256975,0
256976,0
256977,0
256978,0
256979,0
256980,0
256981,0
256982,0
256983,0
256984,0
256985,0
256986,0
256987,0
256988,0
256989,0
256990,0
256991,0
256992,0
256993,0
256994,0
256995,0
256996,0
256997,0
256998,0
256999,0
257000,0
257001,0
257002,0
257003,0
257004,0
257005,0
257006,0
257007,0
257008,0
257009,0
257010,0
257011,0
257012,0
257013,0
257014,0
257015,0
257016,0
257017,0
257018,0
257019,0
257020,0
257021,0
257022,0
257023,0
257024,0
257025,0
257026,0
257027,0
257028,0
257029,0
257030,0
257031,0
257032,0
257033,0
257034,0
257035,0
257036,0
257037,0
257038,0
257039,0
257040,0
257041,0
257042,0
257043,0
257044,0
257045,0
257046,0
257047,0
257048,0
257049,0
257050,0
257051,0
257052,0
257053,0
257054,0
257055,0
257056,0
257057,0
257058,0
257059,0
257060,0
257061,0
257062,0
257063,0
257064,0
257065,0
257066,0
257067,0
257068,0
257069,0
257070,0
257071,0
257072,0
257073,0
257074,0
257075,0
257076,0
257077,0
257078,0
257079,0
257080,0
257081,0
257082,0
257083,0
257084,0
257085,0
257086,0
257087,0
257088,0
257089,0
257090,0
257091,0
257092,0
257093,0
257094,0
257095,0
257096,0
257097,0
257098,0
257099,0
257100,0
257101,0
257102,0
257103,0
257104,0
257105,0
257106,0
257107,0
257108,0
257109,0
257110,0
257111,0
257112,0
257113,0
257114,0
257115,0
257116,0
257117,0
257118,0
257119,0
257120,0
257121,0
257122,0
257123,0
257124,0
257125,0
257126,0
257127,0
257128,0
257129,0
257130,0
257131,0
257132,0
257133,0
257134,0
257135,0
257136,0
257137,0
257138,0
257139,0
257140,0
257141,0
257142,0
257143,0
257144,0
257145,0
257146,0
257147,0
257148,0
257149,0
257150,0
257151,0
257152,0
257153,0
257154,0
257155,0
257156,0
257157,0
257158,0
257159,0
257160,0
257161,0
257162,0
257163,0
257164,0
257165,0
257166,0
257167,0
257168,0
257169,0
257170,0
257171,0
257172,0
257173,0
257174,0
257175,0
257176,0
257177,0
257178,0
257179,0
257180,0
257181,0
257182,0
257183,0
257184,0
257185,0
257186,0
257187,0
257188,0
257189,0
257190,0
257191,0
257192,0
257193,0
257194,0
257195,0
257196,0
257197,0
257198,0
257199,0
257200,0
257201,0
257202,0
257203,0
257204,0
257205,0
257206,0
257207,0
257208,0
257209,0
257210,0
257211,0
257212,0
257213,0
257214,0
257215,0
257216,0
257217,0
257218,0
257219,0
257220,0
257221,0
257222,0
257223,0
257224,0
257225,0
257226,0
257227,0
257228,0
257229,0
257230,0
257231,0
257232,0
257233,0
257234,0
257235,0
257236,0
257237,0
257238,0
257239,0
257240,0
257241,0
257242,0
257243,0
257244,0
257245,0
257246,0
257247,0
257248,0
257249,0
257250,0
257251,0
257252,0
257253,0
257254,0
257255,0
257256,0
257257,0
257258,0
257259,0
257260,0
257261,0
257262,0
257263,0
257264,0
257265,0
257266,0
257267,0
257268,0
257269,0
257270,0
257271,0
257272,0
257273,0
257274,0
257275,0
257276,0
257277,0
257278,0
257279,0
257280,0
257281,0
257282,0
257283,0
257284,0
257285,0
257286,0
257287,0
257288,0
257289,0
257290,0
257291,0
257292,0
257293,0
257294,0
257295,0
257296,0
257297,0
257298,0
257299,0
257300,0
257301,0
257302,0
257303,0
257304,0
257305,0
257306,0
257307,0
257308,0
257309,0
257310,0
257311,0
257312,0
257313,0
257314,0
257315,0
257316,0
257317,0
257318,0
257319,0
257320,0
257321,0
257322,0
257323,0
257324,0
257325,0
257326,0
257327,0
257328,0
257329,0
257330,0
257331,0
257332,0
257333,0
257334,0
257335,0
257336,0
257337,0
257338,0
257339,0
257340,0
257341,0
257342,0
257343,0
257344,0
257345,0
257346,0
257347,0
257348,0
257349,0
257350,0
257351,0
257352,0
257353,0
257354,0
257355,0
257356,0
257357,0
257358,0
257359,0
257360,0
257361,0
257362,0
257363,0
257364,0
257365,0
257366,0
257367,0
257368,0
257369,0
257370,0
257371,0
257372,0
257373,0
257374,0
257375,0
257376,0
257377,0
257378,0
257379,0
257380,0
257381,0
257382,0
257383,0
257384,0
257385,0
257386,0
257387,0
257388,0
257389,0
257390,0
257391,0
257392,0
257393,0
257394,0
257395,0
257396,0
257397,0
257398,0
257399,0
257400,0
257401,0
257402,0
257403,0
257404,0
257405,0
257406,0
257407,0
257408,0
257409,0
257410,0
257411,0
257412,0
257413,0
257414,0
257415,0
257416,0
257417,0
257418,0
257419,0
257420,0
257421,0
257422,0
257423,0
257424,0
257425,0
257426,0
257427,0
257428,0
257429,0
257430,0
257431,0
257432,0
257433,0
257434,0
257435,0
257436,0
257437,0
257438,0
257439,0
257440,0
257441,0
257442,0
257443,0
257444,0
257445,0
257446,0
257447,0
257448,0
257449,0
257450,0
257451,0
257452,0
257453,0
257454,0
257455,0
257456,0
257457,0
257458,0
257459,0
257460,0
257461,0
257462,0
257463,0
257464,0
257465,0
257466,0
257467,0
257468,0
257469,0
257470,0
257471,0
257472,0
257473,0
257474,0
257475,0
257476,0
257477,0
257478,0
257479,0
257480,0
257481,0
257482,0
257483,0
257484,0
257485,0
257486,0
257487,0
257488,0
257489,0
257490,0
257491,0
257492,0
257493,0
257494,0
257495,0
257496,0
257497,0
257498,0
257499,0
257500,0
257501,0
257502,0
257503,0
257504,0
257505,0
257506,0
257507,0
257508,0
257509,0
257510,0
257511,0
257512,0
257513,0
257514,0
257515,0
257516,0
257517,0
257518,0
257519,0
257520,0
257521,0
257522,0
257523,0
257524,0
257525,0
257526,0
257527,0
257528,0
257529,0
257530,0
257531,0
257532,0
257533,0
257534,0
257535,0
257536,0
257537,0
257538,0
257539,0
257540,0
257541,0
257542,0
257543,0
257544,0
257545,0
257546,0
257547,0
257548,0
257549,0
257550,0
257551,0
257552,0
257553,0
257554,0
257555,0
257556,0
257557,0
257558,0
257559,0
257560,0
257561,0
257562,0
257563,0
257564,0
257565,0
257566,0
257567,0
257568,0
257569,0
257570,0
257571,0
257572,0
257573,0
257574,0
257575,0
257576,0
257577,0
257578,0
257579,0
257580,0
257581,0
257582,0
257583,0
257584,0
257585,0
257586,0
257587,0
257588,0
257589,0
257590,0
257591,0
257592,0
257593,0
257594,0
257595,0
257596,0
257597,0
257598,0
257599,0
257600,0
257601,0
257602,0
257603,0
257604,0
257605,0
257606,0
257607,0
257608,0
257609,0
257610,0
257611,0
257612,0
257613,0
257614,0
257615,0
257616,0
257617,0
257618,0
257619,0
257620,0
257621,0
257622,0
257623,0
257624,0
257625,0
257626,0
257627,0
257628,0
257629,0
257630,0
257631,0
257632,0
257633,0
257634,0
257635,0
257636,0
257637,0
257638,0
257639,0
257640,0
257641,0
257642,0
257643,0
257644,0
257645,0
257646,0
257647,0
257648,0
257649,0
257650,0
257651,0
257652,0
257653,0
257654,0
257655,0
257656,0
257657,0
257658,0
257659,0
257660,0
257661,0
257662,0
257663,0
257664,0
257665,0
257666,0
257667,0
257668,0
257669,0
257670,0
257671,0
257672,0
257673,0
257674,0
257675,0
257676,0
257677,0
257678,0
257679,0
257680,0
257681,0
257682,0
257683,0
257684,0
257685,0
257686,0
257687,0
257688,0
257689,0
257690,0
257691,0
257692,0
257693,0
257694,0
257695,0
257696,0
257697,0
257698,0
257699,0
257700,0
257701,0
257702,0
257703,0
257704,0
257705,0
257706,0
257707,0
257708,0
257709,0
257710,0
257711,0
257712,0
257713,0
257714,0
257715,0
257716,0
257717,0
257718,0
257719,0
257720,0
257721,0
257722,0
257723,0
257724,0
257725,0
257726,0
257727,0
257728,0
257729,0
257730,0
257731,0
257732,0
257733,0
257734,0
257735,0
257736,0
257737,0
257738,0
257739,0
257740,0
257741,0
257742,0
257743,0
257744,0
257745,0
257746,0
257747,0
257748,0
257749,0
257750,0
257751,0
257752,0
257753,0
257754,0
257755,0
257756,0
257757,0
257758,0
257759,0
257760,0
257761,0
257762,0
257763,0
257764,0
257765,0
257766,0
257767,0
257768,0
257769,0
257770,0
257771,0
257772,0
257773,0
257774,0
257775,0
257776,0
257777,0
257778,0
257779,0
257780,0
257781,0
257782,0
257783,0
257784,0
257785,0
257786,0
257787,0
257788,0
257789,0
257790,0
257791,0
257792,0
257793,0
257794,0
257795,0
257796,0
257797,0
257798,0
257799,0
257800,0
257801,0
257802,0
257803,0
257804,0
257805,0
257806,0
257807,0
257808,0
257809,0
257810,0
257811,0
257812,0
257813,0
257814,0
257815,0
257816,0
257817,0
257818,0
257819,0
257820,0
257821,0
257822,0
257823,0
257824,0
257825,0
257826,0
257827,0
257828,0
257829,0
257830,0
257831,0
257832,0
257833,0
257834,0
257835,0
257836,0
257837,0
257838,0
257839,0
257840,0
257841,0
257842,0
257843,0
257844,0
257845,0
257846,0
257847,0
257848,0
257849,0
257850,0
257851,0
257852,0
257853,0
257854,0
257855,0
257856,0
257857,0
257858,0
257859,0
257860,0
257861,0
257862,0
257863,0
257864,0
257865,0
257866,0
257867,0
257868,0
257869,0
257870,0
257871,0
257872,0
257873,0
257874,0
257875,0
257876,0
257877,0
257878,0
257879,0
257880,0
257881,0
257882,0
257883,0
257884,0
257885,0
257886,0
257887,0
257888,0
257889,0
257890,0
257891,0
257892,0
257893,0
257894,0
257895,0
257896,0
257897,0
257898,0
257899,0
257900,0
257901,0
257902,0
257903,0
257904,0
257905,0
257906,0
257907,0
257908,0
257909,0
257910,0
257911,0
257912,0
257913,0
257914,0
257915,0
257916,0
257917,0
257918,0
257919,0
257920,0
257921,0
257922,0
257923,0
257924,0
257925,0
257926,0
257927,0
257928,0
257929,0
257930,0
257931,0
257932,0
257933,0
257934,0
257935,0
257936,0
257937,0
257938,0
257939,0
257940,0
257941,0
257942,0
257943,0
257944,0
257945,0
257946,0
257947,0
257948,0
257949,0
257950,0
257951,0
257952,0
257953,0
257954,0
257955,0
257956,0
257957,0
257958,0
257959,0
257960,0
257961,0
257962,0
257963,0
257964,0
257965,0
257966,0
257967,0
257968,0
257969,0
257970,0
257971,0
257972,0
257973,0
257974,0
257975,0
257976,0
257977,0
257978,0
257979,0
257980,0
257981,0
257982,0
257983,0
257984,0
257985,0
257986,0
257987,0
257988,0
257989,0
257990,0
257991,0
257992,0
257993,0
257994,0
257995,0
257996,0
257997,0
257998,0
257999,0
258000,0
258001,0
258002,0
258003,0
258004,0
258005,0
258006,0
258007,0
258008,0
258009,0
258010,0
258011,0
258012,0
258013,0
258014,0
258015,0
258016,0
258017,0
258018,0
258019,0
258020,0
258021,0
258022,0
258023,0
258024,0
258025,0
258026,0
258027,0
258028,0
258029,0
258030,0
258031,0
258032,0
258033,0
258034,0
258035,0
258036,0
258037,0
258038,0
258039,0
258040,0
258041,0
258042,0
258043,0
258044,0
258045,0
258046,0
258047,0
258048,0
258049,0
258050,0
258051,0
258052,0
258053,0
258054,0
258055,0
258056,0
258057,0
258058,0
258059,0
258060,0
258061,0
258062,0
258063,0
258064,0
258065,0
258066,0
258067,0
258068,0
258069,0
258070,0
258071,0
258072,0
258073,0
258074,0
258075,0
258076,0
258077,0
258078,0
258079,0
258080,0
258081,0
258082,0
258083,0
258084,0
258085,0
258086,0
258087,0
258088,0
258089,0
258090,0
258091,0
258092,0
258093,0
258094,0
258095,0
258096,0
258097,0
258098,0
258099,0
258100,0
258101,0
258102,0
258103,0
258104,0
258105,0
258106,0
258107,0
258108,0
258109,0
258110,0
258111,0
258112,0
258113,0
258114,0
258115,0
258116,0
258117,0
258118,0
258119,0
258120,0
258121,0
258122,0
258123,0
258124,0
258125,0
258126,0
258127,0
258128,0
258129,0
258130,0
258131,0
258132,0
258133,0
258134,0
258135,0
258136,0
258137,0
258138,0
258139,0
258140,0
258141,0
258142,0
258143,0
258144,0
258145,0
258146,0
258147,0
258148,0
258149,0
258150,0
258151,0
258152,0
258153,0
258154,0
258155,0
258156,0
258157,0
258158,0
258159,0
258160,0
258161,0
258162,0
258163,0
258164,0
258165,0
258166,0
258167,0
258168,0
258169,0
258170,0
258171,0
258172,0
258173,0
258174,0
258175,0
258176,0
258177,0
258178,0
258179,0
258180,0
258181,0
258182,0
258183,0
258184,0
258185,0
258186,0
258187,0
258188,0
258189,0
258190,0
258191,0
258192,0
258193,0
258194,0
258195,0
258196,0
258197,0
258198,0
258199,0
258200,0
258201,0
258202,0
258203,0
258204,0
258205,0
258206,0
258207,0
258208,0
258209,0
258210,0
258211,0
258212,0
258213,0
258214,0
258215,0
258216,0
258217,0
258218,0
258219,0
258220,0
258221,0
258222,0
258223,0
258224,0
258225,0
258226,0
258227,0
258228,0
258229,0
258230,0
258231,0
258232,0
258233,0
258234,0
258235,0
258236,0
258237,0
258238,0
258239,0
258240,0
258241,0
258242,0
258243,0
258244,0
258245,0
258246,0
258247,0
258248,0
258249,0
258250,0
258251,0
258252,0
258253,0
258254,0
258255,0
258256,0
258257,0
258258,0
258259,0
258260,0
258261,0
258262,0
258263,0
258264,0
258265,0
258266,0
258267,0
258268,0
258269,0
258270,0
258271,0
258272,0
258273,0
258274,0
258275,0
258276,0
258277,0
258278,0
258279,0
258280,0
258281,0
258282,0
258283,0
258284,0
258285,0
258286,0
258287,0
258288,0
258289,0
258290,0
258291,0
258292,0
258293,0
258294,0
258295,0
258296,0
258297,0
258298,0
258299,0
258300,0
258301,0
258302,0
258303,0
258304,0
258305,0
258306,0
258307,0
258308,0
258309,0
258310,0
258311,0
258312,0
258313,0
258314,0
258315,0
258316,0
258317,0
258318,0
258319,0
258320,0
258321,0
258322,0
258323,0
258324,0
258325,0
258326,0
258327,0
258328,0
258329,0
258330,0
258331,0
258332,0
258333,0
258334,0
258335,0
258336,0
258337,0
258338,0
258339,0
258340,0
258341,0
258342,0
258343,0
258344,0
258345,0
258346,0
258347,0
258348,0
258349,0
258350,0
258351,0
258352,0
258353,0
258354,0
258355,0
258356,0
258357,0
258358,0
258359,0
258360,0
258361,0
258362,0
258363,0
258364,0
258365,0
258366,0
258367,0
258368,0
258369,0
258370,0
258371,0
258372,0
258373,0
258374,0
258375,0
258376,0
258377,0
258378,0
258379,0
258380,0
258381,0
258382,0
258383,0
258384,0
258385,0
258386,0
258387,0
258388,0
258389,0
258390,0
258391,0
258392,0
258393,0
258394,0
258395,0
258396,0
258397,0
258398,0
258399,0
258400,0
258401,0
258402,0
258403,0
258404,0
258405,0
258406,0
258407,0
258408,0
258409,0
258410,0
258411,0
258412,0
258413,0
258414,0
258415,0
258416,0
258417,0
258418,0
258419,0
258420,0
258421,0
258422,0
258423,0
258424,0
258425,0
258426,0
258427,0
258428,0
258429,0
258430,0
258431,0
258432,0
258433,0
258434,0
258435,0
258436,0
258437,0
258438,0
258439,0
258440,0
258441,0
258442,0
258443,0
258444,0
258445,0
258446,0
258447,0
258448,0
258449,0
258450,0
258451,0
258452,0
258453,0
258454,0
258455,0
258456,0
258457,0
258458,0
258459,0
258460,0
258461,0
258462,0
258463,0
258464,0
258465,0
258466,0
258467,0
258468,0
258469,0
258470,0
258471,0
258472,0
258473,0
258474,0
258475,0
258476,0
258477,0
258478,0
258479,0
258480,0
258481,0
258482,0
258483,0
258484,0
258485,0
258486,0
258487,0
258488,0
258489,0
258490,0
258491,0
258492,0
258493,0
258494,0
258495,0
258496,0
258497,0
258498,0
258499,0
258500,0
258501,0
258502,0
258503,0
258504,0
258505,0
258506,0
258507,0
258508,0
258509,0
258510,0
258511,0
258512,0
258513,0
258514,0
258515,0
258516,0
258517,0
258518,0
258519,0
258520,0
258521,0
258522,0
258523,0
258524,0
258525,0
258526,0
258527,0
258528,0
258529,0
258530,0
258531,0
258532,0
258533,0
258534,0
258535,0
258536,0
258537,0
258538,0
258539,0
258540,0
258541,0
258542,0
258543,0
258544,0
258545,0
258546,0
258547,0
258548,0
258549,0
258550,0
258551,0
258552,0
258553,0
258554,0
258555,0
258556,0
258557,0
258558,0
258559,0
258560,0
258561,0
258562,0
258563,0
258564,0
258565,0
258566,0
258567,0
258568,0
258569,0
258570,0
258571,0
258572,0
258573,0
258574,0
258575,0
258576,0
258577,0
258578,0
258579,0
258580,0
258581,0
258582,0
258583,0
258584,0
258585,0
258586,0
258587,0
258588,0
258589,0
258590,0
258591,0
258592,0
258593,0
258594,0
258595,0
258596,0
258597,0
258598,0
258599,0
258600,0
258601,0
258602,0
258603,0
258604,0
258605,0
258606,0
258607,0
258608,0
258609,0
258610,0
258611,0
258612,0
258613,0
258614,0
258615,0
258616,0
258617,0
258618,0
258619,0
258620,0
258621,0
258622,0
258623,0
258624,0
258625,0
258626,0
258627,0
258628,0
258629,0
258630,0
258631,0
258632,0
258633,0
258634,0
258635,0
258636,0
258637,0
258638,0
258639,0
258640,0
258641,0
258642,0
258643,0
258644,0
258645,0
258646,0
258647,0
258648,0
258649,0
258650,0
258651,0
258652,0
258653,0
258654,0
258655,0
258656,0
258657,0
258658,0
258659,0
258660,0
258661,0
258662,0
258663,0
258664,0
258665,0
258666,0
258667,0
258668,0
258669,0
258670,0
258671,0
258672,0
258673,0
258674,0
258675,0
258676,0
258677,0
258678,0
258679,0
258680,0
258681,0
258682,0
258683,0
258684,0
258685,0
258686,0
258687,0
258688,0
258689,0
258690,0
258691,0
258692,0
258693,0
258694,0
258695,0
258696,0
258697,0
258698,0
258699,0
258700,0
258701,0
258702,0
258703,0
258704,0
258705,0
258706,0
258707,0
258708,0
258709,0
258710,0
258711,0
258712,0
258713,0
258714,0
258715,0
258716,0
258717,0
258718,0
258719,0
258720,0
258721,0
258722,0
258723,0
258724,0
258725,0
258726,0
258727,0
258728,0
258729,0
258730,0
258731,0
258732,0
258733,0
258734,0
258735,0
258736,0
258737,0
258738,0
258739,0
258740,0
258741,0
258742,0
258743,0
258744,0
258745,0
258746,0
258747,0
258748,0
258749,0
258750,0
258751,0
258752,0
258753,0
258754,0
258755,0
258756,0
258757,0
258758,0
258759,0
258760,0
258761,0
258762,0
258763,0
258764,0
258765,0
258766,0
258767,0
258768,0
258769,0
258770,0
258771,0
258772,0
258773,0
258774,0
258775,0
258776,0
258777,0
258778,0
258779,0
258780,0
258781,0
258782,0
258783,0
258784,0
258785,0
258786,0
258787,0
258788,0
258789,0
258790,0
258791,0
258792,0
258793,0
258794,0
258795,0
258796,0
258797,0
258798,0
258799,0
258800,0
258801,0
258802,0
258803,0
258804,0
258805,0
258806,0
258807,0
258808,0
258809,0
258810,0
258811,0
258812,0
258813,0
258814,0
258815,0
258816,0
258817,0
258818,0
258819,0
258820,0
258821,0
258822,0
258823,0
258824,0
258825,0
258826,0
258827,0
258828,0
258829,0
258830,0
258831,0
258832,0
258833,0
258834,0
258835,0
258836,0
258837,0
258838,0
258839,0
258840,0
258841,0
258842,0
258843,0
258844,0
258845,0
258846,0
258847,0
258848,0
258849,0
258850,0
258851,0
258852,0
258853,0
258854,0
258855,0
258856,0
258857,0
258858,0
258859,0
258860,0
258861,0
258862,0
258863,0
258864,0
258865,0
258866,0
258867,0
258868,0
258869,0
258870,0
258871,0
258872,0
258873,0
258874,0
258875,0
258876,0
258877,0
258878,0
258879,0
258880,0
258881,0
258882,0
258883,0
258884,0
258885,0
258886,0
258887,0
258888,0
258889,0
258890,0
258891,0
258892,0
258893,0
258894,0
258895,0
258896,0
258897,0
258898,0
258899,0
258900,0
258901,0
258902,0
258903,0
258904,0
258905,0
258906,0
258907,0
258908,0
258909,0
258910,0
258911,0
258912,0
258913,0
258914,0
258915,0
258916,0
258917,0
258918,0
258919,0
258920,0
258921,0
258922,0
258923,0
258924,0
258925,0
258926,0
258927,0
258928,0
258929,0
258930,0
258931,0
258932,0
258933,0
258934,0
258935,0
258936,0
258937,0
258938,0
258939,0
258940,0
258941,0
258942,0
258943,0
258944,0
258945,0
258946,0
258947,0
258948,0
258949,0
258950,0
258951,0
258952,0
258953,0
258954,0
258955,0
258956,0
258957,0
258958,0
258959,0
258960,0
258961,0
258962,0
258963,0
258964,0
258965,0
258966,0
258967,0
258968,0
258969,0
258970,0
258971,0
258972,0
258973,0
258974,0
258975,0
258976,0
258977,0
258978,0
258979,0
258980,0
258981,0
258982,0
258983,0
258984,0
258985,0
258986,0
258987,0
258988,0
258989,0
258990,0
258991,0
258992,0
258993,0
258994,0
258995,0
258996,0
258997,0
258998,0
258999,0
259000,0
259001,0
259002,0
259003,0
259004,0
259005,0
259006,0
259007,0
259008,0
259009,0
259010,0
259011,0
259012,0
259013,0
259014,0
259015,0
259016,0
259017,0
259018,0
259019,0
259020,0
259021,0
259022,0
259023,0
259024,0
259025,0
259026,0
259027,0
259028,0
259029,0
259030,0
259031,0
259032,0
259033,0
259034,0
259035,0
259036,0
259037,0
259038,0
259039,0
259040,0
259041,0
259042,0
259043,0
259044,0
259045,0
259046,0
259047,0
259048,0
259049,0
259050,0
259051,0
259052,0
259053,0
259054,0
259055,0
259056,0
259057,0
259058,0
259059,0
259060,0
259061,0
259062,0
259063,0
259064,0
259065,0
259066,0
259067,0
259068,0
259069,0
259070,0
259071,0
259072,0
259073,0
259074,0
259075,0
259076,0
259077,0
259078,0
259079,0
259080,0
259081,0
259082,0
259083,0
259084,0
259085,0
259086,0
259087,0
259088,0
259089,0
259090,0
259091,0
259092,0
259093,0
259094,0
259095,0
259096,0
259097,0
259098,0
259099,0
259100,0
259101,0
259102,0
259103,0
259104,0
259105,0
259106,0
259107,0
259108,0
259109,0
259110,0
259111,0
259112,0
259113,0
259114,0
259115,0
259116,0
259117,0
259118,0
259119,0
259120,0
259121,0
259122,0
259123,0
259124,0
259125,0
259126,0
259127,0
259128,0
259129,0
259130,0
259131,0
259132,0
259133,0
259134,0
259135,0
259136,0
259137,0
259138,0
259139,0
259140,0
259141,0
259142,0
259143,0
259144,0
259145,0
259146,0
259147,0
259148,0
259149,0
259150,0
259151,0
259152,0
259153,0
259154,0
259155,0
259156,0
259157,0
259158,0
259159,0
259160,0
259161,0
259162,0
259163,0
259164,0
259165,0
259166,0
259167,0
259168,0
259169,0
259170,0
259171,0
259172,0
259173,0
259174,0
259175,0
259176,0
259177,0
259178,0
259179,0
259180,0
259181,0
259182,0
259183,0
259184,0
259185,0
259186,0
259187,0
259188,0
259189,0
259190,0
259191,0
259192,0
259193,0
259194,0
259195,0
259196,0
259197,0
259198,0
259199,0
259200,0
259201,0
259202,0
259203,0
259204,0
259205,0
259206,0
259207,0
259208,0
259209,0
259210,0
259211,0
259212,0
259213,0
259214,0
259215,0
259216,0
259217,0
259218,0
259219,0
259220,0
259221,0
259222,0
259223,0
259224,0
259225,0
259226,0
259227,0
259228,0
259229,0
259230,0
259231,0
259232,0
259233,0
259234,0
259235,0
259236,0
259237,0
259238,0
259239,0
259240,0
259241,0
259242,0
259243,0
259244,0
259245,0
259246,0
259247,0
259248,0
259249,0
259250,0
259251,0
259252,0
259253,0
259254,0
259255,0
259256,0
259257,0
259258,0
259259,0
259260,0
259261,0
259262,0
259263,0
259264,0
259265,0
259266,0
259267,0
259268,0
259269,0
259270,0
259271,0
259272,0
259273,0
259274,0
259275,0
259276,0
259277,0
259278,0
259279,0
259280,0
259281,0
259282,0
259283,0
259284,0
259285,0
259286,0
259287,0
259288,0
259289,0
259290,0
259291,0
259292,0
259293,0
259294,0
259295,0
259296,0
259297,0
259298,0
259299,0
259300,0
259301,0
259302,0
259303,0
259304,0
259305,0
259306,0
259307,0
259308,0
259309,0
259310,0
259311,0
259312,0
259313,0
259314,0
259315,0
259316,0
259317,0
259318,0
259319,0
259320,0
259321,0
259322,0
259323,0
259324,0
259325,0
259326,0
259327,0
259328,0
259329,0
259330,0
259331,0
259332,0
259333,0
259334,0
259335,0
259336,0
259337,0
259338,0
259339,0
259340,0
259341,0
259342,0
259343,0
259344,0
259345,0
259346,0
259347,0
259348,0
259349,0
259350,0
259351,0
259352,0
259353,0
259354,0
259355,0
259356,0
259357,0
259358,0
259359,0
259360,0
259361,0
259362,0
259363,0
259364,0
259365,0
259366,0
259367,0
259368,0
259369,0
259370,0
259371,0
259372,0
259373,0
259374,0
259375,0
259376,0
259377,0
259378,0
259379,0
259380,0
259381,0
259382,0
259383,0
259384,0
259385,0
259386,0
259387,0
259388,0
259389,0
259390,0
259391,0
259392,0
259393,0
259394,0
259395,0
259396,0
259397,0
259398,0
259399,0
259400,0
259401,0
259402,0
259403,0
259404,0
259405,0
259406,0
259407,0
259408,0
259409,0
259410,0
259411,0
259412,0
259413,0
259414,0
259415,0
259416,0
259417,0
259418,0
259419,0
259420,0
259421,0
259422,0
259423,0
259424,0
259425,0
259426,0
259427,0
259428,0
259429,0
259430,0
259431,0
259432,0
259433,0
259434,0
259435,0
259436,0
259437,0
259438,0
259439,0
259440,0
259441,0
259442,0
259443,0
259444,0
259445,0
259446,0
259447,0
259448,0
259449,0
259450,0
259451,0
259452,0
259453,0
259454,0
259455,0
259456,0
259457,0
259458,0
259459,0
259460,0
259461,0
259462,0
259463,0
259464,0
259465,0
259466,0
259467,0
259468,0
259469,0
259470,0
259471,0
259472,0
259473,0
259474,0
259475,0
259476,0
259477,0
259478,0
259479,0
259480,0
259481,0
259482,0
259483,0
259484,0
259485,0
259486,0
259487,0
259488,0
259489,0
259490,0
259491,0
259492,0
259493,0
259494,0
259495,0
259496,0
259497,0
259498,0
259499,0
259500,0
259501,0
259502,0
259503,0
259504,0
259505,0
259506,0
259507,0
259508,0
259509,0
259510,0
259511,0
259512,0
259513,0
259514,0
259515,0
259516,0
259517,0
259518,0
259519,0
259520,0
259521,0
259522,0
259523,0
259524,0
259525,0
259526,0
259527,0
259528,0
259529,0
259530,0
259531,0
259532,0
259533,0
259534,0
259535,0
259536,0
259537,0
259538,0
259539,0
259540,0
259541,0
259542,0
259543,0
259544,0
259545,0
259546,0
259547,0
259548,0
259549,0
259550,0
259551,0
259552,0
259553,0
259554,0
259555,0
259556,0
259557,0
259558,0
259559,0
259560,0
259561,0
259562,0
259563,0
259564,0
259565,0
259566,0
259567,0
259568,0
259569,0
259570,0
259571,0
259572,0
259573,0
259574,0
259575,0
259576,0
259577,0
259578,0
259579,0
259580,0
259581,0
259582,0
259583,0
259584,0
259585,0
259586,0
259587,0
259588,0
259589,0
259590,0
259591,0
259592,0
259593,0
259594,0
259595,0
259596,0
259597,0
259598,0
259599,0
259600,0
259601,0
259602,0
259603,0
259604,0
259605,0
259606,0
259607,0
259608,0
259609,0
259610,0
259611,0
259612,0
259613,0
259614,0
259615,0
259616,0
259617,0
259618,0
259619,0
259620,0
259621,0
259622,0
259623,0
259624,0
259625,0
259626,0
259627,0
259628,0
259629,0
259630,0
259631,0
259632,0
259633,0
259634,0
259635,0
259636,0
259637,0
259638,0
259639,0
259640,0
259641,0
259642,0
259643,0
259644,0
259645,0
259646,0
259647,0
259648,0
259649,0
259650,0
259651,0
259652,0
259653,0
259654,0
259655,0
259656,0
259657,0
259658,0
259659,0
259660,0
259661,0
259662,0
259663,0
259664,0
259665,0
259666,0
259667,0
259668,0
259669,0
259670,0
259671,0
259672,0
259673,0
259674,0
259675,0
259676,0
259677,0
259678,0
259679,0
259680,0
259681,0
259682,0
259683,0
259684,0
259685,0
259686,0
259687,0
259688,0
259689,0
259690,0
259691,0
259692,0
259693,0
259694,0
259695,0
259696,0
259697,0
259698,0
259699,0
259700,0
259701,0
259702,0
259703,0
259704,0
259705,0
259706,0
259707,0
259708,0
259709,0
259710,0
259711,0
259712,0
259713,0
259714,0
259715,0
259716,0
259717,0
259718,0
259719,0
259720,0
259721,0
259722,0
259723,0
259724,0
259725,0
259726,0
259727,0
259728,0
259729,0
259730,0
259731,0
259732,0
259733,0
259734,0
259735,0
259736,0
259737,0
259738,0
259739,0
259740,0
259741,0
259742,0
259743,0
259744,0
259745,0
259746,0
259747,0
259748,0
259749,0
259750,0
259751,0
259752,0
259753,0
259754,0
259755,0
259756,0
259757,0
259758,0
259759,0
259760,0
259761,0
259762,0
259763,0
259764,0
259765,0
259766,0
259767,0
259768,0
259769,0
259770,0
259771,0
259772,0
259773,0
259774,0
259775,0
259776,0
259777,0
259778,0
259779,0
259780,0
259781,0
259782,0
259783,0
259784,0
259785,0
259786,0
259787,0
259788,0
259789,0
259790,0
259791,0
259792,0
259793,0
259794,0
259795,0
259796,0
259797,0
259798,0
259799,0
259800,0
259801,0
259802,0
259803,0
259804,0
259805,0
259806,0
259807,0
259808,0
259809,0
259810,0
259811,0
259812,0
259813,0
259814,0
259815,0
259816,0
259817,0
259818,0
259819,0
259820,0
259821,0
259822,0
259823,0
259824,0
259825,0
259826,0
259827,0
259828,0
259829,0
259830,0
259831,0
259832,0
259833,0
259834,0
259835,0
259836,0
259837,0
259838,0
259839,0
259840,0
259841,0
259842,0
259843,0
259844,0
259845,0
259846,0
259847,0
259848,0
259849,0
259850,0
259851,0
259852,0
259853,0
259854,0
259855,0
259856,0
259857,0
259858,0
259859,0
259860,0
259861,0
259862,0
259863,0
259864,0
259865,0
259866,0
259867,0
259868,0
259869,0
259870,0
259871,0
259872,0
259873,0
259874,0
259875,0
259876,0
259877,0
259878,0
259879,0
259880,0
259881,0
259882,0
259883,0
259884,0
259885,0
259886,0
259887,0
259888,0
259889,0
259890,0
259891,0
259892,0
259893,0
259894,0
259895,0
259896,0
259897,0
259898,0
259899,0
259900,0
259901,0
259902,0
259903,0
259904,0
259905,0
259906,0
259907,0
259908,0
259909,0
259910,0
259911,0
259912,0
259913,0
259914,0
259915,0
259916,0
259917,0
259918,0
259919,0
259920,0
259921,0
259922,0
259923,0
259924,0
259925,0
259926,0
259927,0
259928,0
259929,0
259930,0
259931,0
259932,0
259933,0
259934,0
259935,0
259936,0
259937,0
259938,0
259939,0
259940,0
259941,0
259942,0
259943,0
259944,0
259945,0
259946,0
259947,0
259948,0
259949,0
259950,0
259951,0
259952,0
259953,0
259954,0
259955,0
259956,0
259957,0
259958,0
259959,0
259960,0
259961,0
259962,0
259963,0
259964,0
259965,0
259966,0
259967,0
259968,0
259969,0
259970,0
259971,0
259972,0
259973,0
259974,0
259975,0
259976,0
259977,0
259978,0
259979,0
259980,0
259981,0
259982,0
259983,0
259984,0
259985,0
259986,0
259987,0
259988,0
259989,0
259990,0
259991,0
259992,0
259993,0
259994,0
259995,0
259996,0
259997,0
259998,0
259999,0
260000,0
260001,0
260002,0
260003,0
260004,0
260005,0
260006,0
260007,0
260008,0
260009,0
260010,0
260011,0
260012,0
260013,0
260014,0
260015,0
260016,0
260017,0
260018,0
260019,0
260020,0
260021,0
260022,0
260023,0
260024,0
260025,0
260026,0
260027,0
260028,0
260029,0
260030,0
260031,0
260032,0
260033,0
260034,0
260035,0
260036,0
260037,0
260038,0
260039,0
260040,0
260041,0
260042,0
260043,0
260044,0
260045,0
260046,0
260047,0
260048,0
260049,0
260050,0
260051,0
260052,0
260053,0
260054,0
260055,0
260056,0
260057,0
260058,0
260059,0
260060,0
260061,0
260062,0
260063,0
260064,0
260065,0
260066,0
260067,0
260068,0
260069,0
260070,0
260071,0
260072,0
260073,0
260074,0
260075,0
260076,0
260077,0
260078,0
260079,0
260080,0
260081,0
260082,0
260083,0
260084,0
260085,0
260086,0
260087,0
260088,0
260089,0
260090,0
260091,0
260092,0
260093,0
260094,0
260095,0
260096,0
260097,0
260098,0
260099,0
260100,0
260101,0
260102,0
260103,0
260104,0
260105,0
260106,0
260107,0
260108,0
260109,0
260110,0
260111,0
260112,0
260113,0
260114,0
260115,0
260116,0
260117,0
260118,0
260119,0
260120,0
260121,0
260122,0
260123,0
260124,0
260125,0
260126,0
260127,0
260128,0
260129,0
260130,0
260131,0
260132,0
260133,0
260134,0
260135,0
260136,0
260137,0
260138,0
260139,0
260140,0
260141,0
260142,0
260143,0
260144,0
260145,0
260146,0
260147,0
260148,0
260149,0
260150,0
260151,0
260152,0
260153,0
260154,0
260155,0
260156,0
260157,0
260158,0
260159,0
260160,0
260161,0
260162,0
260163,0
260164,0
260165,0
260166,0
260167,0
260168,0
260169,0
260170,0
260171,0
260172,0
260173,0
260174,0
260175,0
260176,0
260177,0
260178,0
260179,0
260180,0
260181,0
260182,0
260183,0
260184,0
260185,0
260186,0
260187,0
260188,0
260189,0
260190,0
260191,0
260192,0
260193,0
260194,0
260195,0
260196,0
260197,0
260198,0
260199,0
260200,0
260201,0
260202,0
260203,0
260204,0
260205,0
260206,0
260207,0
260208,0
260209,0
260210,0
260211,0
260212,0
260213,0
260214,0
260215,0
260216,0
260217,0
260218,0
260219,0
260220,0
260221,0
260222,0
260223,0
260224,0
260225,0
260226,0
260227,0
260228,0
260229,0
260230,0
260231,0
260232,0
260233,0
260234,0
260235,0
260236,0
260237,0
260238,0
260239,0
260240,0
260241,0
260242,0
260243,0
260244,0
260245,0
260246,0
260247,0
260248,0
260249,0
260250,0
260251,0
260252,0
260253,0
260254,0
260255,0
260256,0
260257,0
260258,0
260259,0
260260,0
260261,0
260262,0
260263,0
260264,0
260265,0
260266,0
260267,0
260268,0
260269,0
260270,0
260271,0
260272,0
260273,0
260274,0
260275,0
260276,0
260277,0
260278,0
260279,0
260280,0
260281,0
260282,0
260283,0
260284,0
260285,0
260286,0
260287,0
260288,0
260289,0
260290,0
260291,0
260292,0
260293,0
260294,0
260295,0
260296,0
260297,0
260298,0
260299,0
260300,0
260301,0
260302,0
260303,0
260304,0
260305,0
260306,0
260307,0
260308,0
260309,0
260310,0
260311,0
260312,0
260313,0
260314,0
260315,0
260316,0
260317,0
260318,0
260319,0
260320,0
260321,0
260322,0
260323,0
260324,0
260325,0
260326,0
260327,0
260328,0
260329,0
260330,0
260331,0
260332,0
260333,0
260334,0
260335,0
260336,0
260337,0
260338,0
260339,0
260340,0
260341,0
260342,0
260343,0
260344,0
260345,0
260346,0
260347,0
260348,0
260349,0
260350,0
260351,0
260352,0
260353,0
260354,0
260355,0
260356,0
260357,0
260358,0
260359,0
260360,0
260361,0
260362,0
260363,0
260364,0
260365,0
260366,0
260367,0
260368,0
260369,0
260370,0
260371,0
260372,0
260373,0
260374,0
260375,0
260376,0
260377,0
260378,0
260379,0
260380,0
260381,0
260382,0
260383,0
260384,0
260385,0
260386,0
260387,0
260388,0
260389,0
260390,0
260391,0
260392,0
260393,0
260394,0
260395,0
260396,0
260397,0
260398,0
260399,0
260400,0
260401,0
260402,0
260403,0
260404,0
260405,0
260406,0
260407,0
260408,0
260409,0
260410,0
260411,0
260412,0
260413,0
260414,0
260415,0
260416,0
260417,0
260418,0
260419,0
260420,0
260421,0
260422,0
260423,0
260424,0
260425,0
260426,0
260427,0
260428,0
260429,0
260430,0
260431,0
260432,0
260433,0
260434,0
260435,0
260436,0
260437,0
260438,0
260439,0
260440,0
260441,0
260442,0
260443,0
260444,0
260445,0
260446,0
260447,0
260448,0
260449,0
260450,0
260451,0
260452,0
260453,0
260454,0
260455,0
260456,0
260457,0
260458,0
260459,0
260460,0
260461,0
260462,0
260463,0
260464,0
260465,0
260466,0
260467,0
260468,0
260469,0
260470,0
260471,0
260472,0
260473,0
260474,0
260475,0
260476,0
260477,0
260478,0
260479,0
260480,0
260481,0
260482,0
260483,0
260484,0
260485,0
260486,0
260487,0
260488,0
260489,0
260490,0
260491,0
260492,0
260493,0
260494,0
260495,0
260496,0
260497,0
260498,0
260499,0
260500,0
260501,0
260502,0
260503,0
260504,0
260505,0
260506,0
260507,0
260508,0
260509,0
260510,0
260511,0
260512,0
260513,0
260514,0
260515,0
260516,0
260517,0
260518,0
260519,0
260520,0
260521,0
260522,0
260523,0
260524,0
260525,0
260526,0
260527,0
260528,0
260529,0
260530,0
260531,0
260532,0
260533,0
260534,0
260535,0
260536,0
260537,0
260538,0
260539,0
260540,0
260541,0
260542,0
260543,0
260544,0
260545,0
260546,0
260547,0
260548,0
260549,0
260550,0
260551,0
260552,0
260553,0
260554,0
260555,0
260556,0
260557,0
260558,0
260559,0
260560,0
260561,0
260562,0
260563,0
260564,0
260565,0
260566,0
260567,0
260568,0
260569,0
260570,0
260571,0
260572,0
260573,0
260574,0
260575,0
260576,0
260577,0
260578,0
260579,0
260580,0
260581,0
260582,0
260583,0
260584,0
260585,0
260586,0
260587,0
260588,0
260589,0
260590,0
260591,0
260592,0
260593,0
260594,0
260595,0
260596,0
260597,0
260598,0
260599,0
260600,0
260601,0
260602,0
260603,0
260604,0
260605,0
260606,0
260607,0
260608,0
260609,0
260610,0
260611,0
260612,0
260613,0
260614,0
260615,0
260616,0
260617,0
260618,0
260619,0
260620,0
260621,0
260622,0
260623,0
260624,0
260625,0
260626,0
260627,0
260628,0
260629,0
260630,0
260631,0
260632,0
260633,0
260634,0
260635,0
260636,0
260637,0
260638,0
260639,0
260640,0
260641,0
260642,0
260643,0
260644,0
260645,0
260646,0
260647,0
260648,0
260649,0
260650,0
260651,0
260652,0
260653,0
260654,0
260655,0
260656,0
260657,0
260658,0
260659,0
260660,0
260661,0
260662,0
260663,0
260664,0
260665,0
260666,0
260667,0
260668,0
260669,0
260670,0
260671,0
260672,0
260673,0
260674,0
260675,0
260676,0
260677,0
260678,0
260679,0
260680,0
260681,0
260682,0
260683,0
260684,0
260685,0
260686,0
260687,0
260688,0
260689,0
260690,0
260691,0
260692,0
260693,0
260694,0
260695,0
260696,0
260697,0
260698,0
260699,0
260700,0
260701,0
260702,0
260703,0
260704,0
260705,0
260706,0
260707,0
260708,0
260709,0
260710,0
260711,0
260712,0
260713,0
260714,0
260715,0
260716,0
260717,0
260718,0
260719,0
260720,0
260721,0
260722,0
260723,0
260724,0
260725,0
260726,0
260727,0
260728,0
260729,0
260730,0
260731,0
260732,0
260733,0
260734,0
260735,0
260736,0
260737,0
260738,0
260739,0
260740,0
260741,0
260742,0
260743,0
260744,0
260745,0
260746,0
260747,0
260748,0
260749,0
260750,0
260751,0
260752,0
260753,0
260754,0
260755,0
260756,0
260757,0
260758,0
260759,0
260760,0
260761,0
260762,0
260763,0
260764,0
260765,0
260766,0
260767,0
260768,0
260769,0
260770,0
260771,0
260772,0
260773,0
260774,0
260775,0
260776,0
260777,0
260778,0
260779,0
260780,0
260781,0
260782,0
260783,0
260784,0
260785,0
260786,0
260787,0
260788,0
260789,0
260790,0
260791,0
260792,0
260793,0
260794,0
260795,0
260796,0
260797,0
260798,0
260799,0
260800,0
260801,0
260802,0
260803,0
260804,0
260805,0
260806,0
260807,0
260808,0
260809,0
260810,0
260811,0
260812,0
260813,0
260814,0
260815,0
260816,0
260817,0
260818,0
260819,0
260820,0
260821,0
260822,0
260823,0
260824,0
260825,0
260826,0
260827,0
260828,0
260829,0
260830,0
260831,0
260832,0
260833,0
260834,0
260835,0
260836,0
260837,0
260838,0
260839,0
260840,0
260841,0
260842,0
260843,0
260844,0
260845,0
260846,0
260847,0
260848,0
260849,0
260850,0
260851,0
260852,0
260853,0
260854,0
260855,0
260856,0
260857,0
260858,0
260859,0
260860,0
260861,0
260862,0
260863,0
260864,0
260865,0
260866,0
260867,0
260868,0
260869,0
260870,0
260871,0
260872,0
260873,0
260874,0
260875,0
260876,0
260877,0
260878,0
260879,0
260880,0
260881,0
260882,0
260883,0
260884,0
260885,0
260886,0
260887,0
260888,0
260889,0
260890,0
260891,0
260892,0
260893,0
260894,0
260895,0
260896,0
260897,0
260898,0
260899,0
260900,0
260901,0
260902,0
260903,0
260904,0
260905,0
260906,0
260907,0
260908,0
260909,0
260910,0
260911,0
260912,0
260913,0
260914,0
260915,0
260916,0
260917,0
260918,0
260919,0
260920,0
260921,0
260922,0
260923,0
260924,0
260925,0
260926,0
260927,0
260928,0
260929,0
260930,0
260931,0
260932,0
260933,0
260934,0
260935,0
260936,0
260937,0
260938,0
260939,0
260940,0
260941,0
260942,0
260943,0
260944,0
260945,0
260946,0
260947,0
260948,0
260949,0
260950,0
260951,0
260952,0
260953,0
260954,0
260955,0
260956,0
260957,0
260958,0
260959,0
260960,0
260961,0
260962,0
260963,0
260964,0
260965,0
260966,0
260967,0
260968,0
260969,0
260970,0
260971,0
260972,0
260973,0
260974,0
260975,0
260976,0
260977,0
260978,0
260979,0
260980,0
260981,0
260982,0
260983,0
260984,0
260985,0
260986,0
260987,0
260988,0
260989,0
260990,0
260991,0
260992,0
260993,0
260994,0
260995,0
260996,0
260997,0
260998,0
260999,0
261000,0
261001,0
261002,0
261003,0
261004,0
261005,0
261006,0
261007,0
261008,0
261009,0
261010,0
261011,0
261012,0
261013,0
261014,0
261015,0
261016,0
261017,0
261018,0
261019,0
261020,0
261021,0
261022,0
261023,0
261024,0
261025,0
261026,0
261027,0
261028,0
261029,0
261030,0
261031,0
261032,0
261033,0
261034,0
261035,0
261036,0
261037,0
261038,0
261039,0
261040,0
261041,0
261042,0
261043,0
261044,0
261045,0
261046,0
261047,0
261048,0
261049,0
261050,0
261051,0
261052,0
261053,0
261054,0
261055,0
261056,0
261057,0
261058,0
261059,0
261060,0
261061,0
261062,0
261063,0
261064,0
261065,0
261066,0
261067,0
261068,0
261069,0
261070,0
261071,0
261072,0
261073,0
261074,0
261075,0
261076,0
261077,0
261078,0
261079,0
261080,0
261081,0
261082,0
261083,0
261084,0
261085,0
261086,0
261087,0
261088,0
261089,0
261090,0
261091,0
261092,0
261093,0
261094,0
261095,0
261096,0
261097,0
261098,0
261099,0
261100,0
261101,0
261102,0
261103,0
261104,0
261105,0
261106,0
261107,0
261108,0
261109,0
261110,0
261111,0
261112,0
261113,0
261114,0
261115,0
261116,0
261117,0
261118,0
261119,0
261120,0
261121,0
261122,0
261123,0
261124,0
261125,0
261126,0
261127,0
261128,0
261129,0
261130,0
261131,0
261132,0
261133,0
261134,0
261135,0
261136,0
261137,0
261138,0
261139,0
261140,0
261141,0
261142,0
261143,0
261144,0
261145,0
261146,0
261147,0
261148,0
261149,0
261150,0
261151,0
261152,0
261153,0
261154,0
261155,0
261156,0
261157,0
261158,0
261159,0
261160,0
261161,0
261162,0
261163,0
261164,0
261165,0
261166,0
261167,0
261168,0
261169,0
261170,0
261171,0
261172,0
261173,0
261174,0
261175,0
261176,0
261177,0
261178,0
261179,0
261180,0
261181,0
261182,0
261183,0
261184,0
261185,0
261186,0
261187,0
261188,0
261189,0
261190,0
261191,0
261192,0
261193,0
261194,0
261195,0
261196,0
261197,0
261198,0
261199,0
261200,0
261201,0
261202,0
261203,0
261204,0
261205,0
261206,0
261207,0
261208,0
261209,0
261210,0
261211,0
261212,0
261213,0
261214,0
261215,0
261216,0
261217,0
261218,0
261219,0
261220,0
261221,0
261222,0
261223,0
261224,0
261225,0
261226,0
261227,0
261228,0
261229,0
261230,0
261231,0
261232,0
261233,0
261234,0
261235,0
261236,0
261237,0
261238,0
261239,0
261240,0
261241,0
261242,0
261243,0
261244,0
261245,0
261246,0
261247,0
261248,0
261249,0
261250,0
261251,0
261252,0
261253,0
261254,0
261255,0
261256,0
261257,0
261258,0
261259,0
261260,0
261261,0
261262,0
261263,0
261264,0
261265,0
261266,0
261267,0
261268,0
261269,0
261270,0
261271,0
261272,0
261273,0
261274,0
261275,0
261276,0
261277,0
261278,0
261279,0
261280,0
261281,0
261282,0
261283,0
261284,0
261285,0
261286,0
261287,0
261288,0
261289,0
261290,0
261291,0
261292,0
261293,0
261294,0
261295,0
261296,0
261297,0
261298,0
261299,0
261300,0
261301,0
261302,0
261303,0
261304,0
261305,0
261306,0
261307,0
261308,0
261309,0
261310,0
261311,0
261312,0
261313,0
261314,0
261315,0
261316,0
261317,0
261318,0
261319,0
261320,0
261321,0
261322,0
261323,0
261324,0
261325,0
261326,0
261327,0
261328,0
261329,0
261330,0
261331,0
261332,0
261333,0
261334,0
261335,0
261336,0
261337,0
261338,0
261339,0
261340,0
261341,0
261342,0
261343,0
261344,0
261345,0
261346,0
261347,0
261348,0
261349,0
261350,0
261351,0
261352,0
261353,0
261354,0
261355,0
261356,0
261357,0
261358,0
261359,0
261360,0
261361,0
261362,0
261363,0
261364,0
261365,0
261366,0
261367,0
261368,0
261369,0
261370,0
261371,0
261372,0
261373,0
261374,0
261375,0
261376,0
261377,0
261378,0
261379,0
261380,0
261381,0
261382,0
261383,0
261384,0
261385,0
261386,0
261387,0
261388,0
261389,0
261390,0
261391,0
261392,0
261393,0
261394,0
261395,0
261396,0
261397,0
261398,0
261399,0
261400,0
261401,0
261402,0
261403,0
261404,0
261405,0
261406,0
261407,0
261408,0
261409,0
261410,0
261411,0
261412,0
261413,0
261414,0
261415,0
261416,0
261417,0
261418,0
261419,0
261420,0
261421,0
261422,0
261423,0
261424,0
261425,0
261426,0
261427,0
261428,0
261429,0
261430,0
261431,0
261432,0
261433,0
261434,0
261435,0
261436,0
261437,0
261438,0
261439,0
261440,0
261441,0
261442,0
261443,0
261444,0
261445,0
261446,0
261447,0
261448,0
261449,0
261450,0
261451,0
261452,0
261453,0
261454,0
261455,0
261456,0
261457,0
261458,0
261459,0
261460,0
261461,0
261462,0
261463,0
261464,0
261465,0
261466,0
261467,0
261468,0
261469,0
261470,0
261471,0
261472,0
261473,0
261474,0
261475,0
261476,0
261477,0
261478,0
261479,0
261480,0
261481,0
261482,0
261483,0
261484,0
261485,0
261486,0
261487,0
261488,0
261489,0
261490,0
261491,0
261492,0
261493,0
261494,0
261495,0
261496,0
261497,0
261498,0
261499,0
261500,0
261501,0
261502,0
261503,0
261504,0
261505,0
261506,0
261507,0
261508,0
261509,0
261510,0
261511,0
261512,0
261513,0
261514,0
261515,0
261516,0
261517,0
261518,0
261519,0
261520,0
261521,0
261522,0
261523,0
261524,0
261525,0
261526,0
261527,0
261528,0
261529,0
261530,0
261531,0
261532,0
261533,0
261534,0
261535,0
261536,0
261537,0
261538,0
261539,0
261540,0
261541,0
261542,0
261543,0
261544,0
261545,0
261546,0
261547,0
261548,0
261549,0
261550,0
261551,0
261552,0
261553,0
261554,0
261555,0
261556,0
261557,0
261558,0
261559,0
261560,0
261561,0
261562,0
261563,0
261564,0
261565,0
261566,0
261567,0
261568,0
261569,0
261570,0
261571,0
261572,0
261573,0
261574,0
261575,0
261576,0
261577,0
261578,0
261579,0
261580,0
261581,0
261582,0
261583,0
261584,0
261585,0
261586,0
261587,0
261588,0
261589,0
261590,0
261591,0
261592,0
261593,0
261594,0
261595,0
261596,0
261597,0
261598,0
261599,0
261600,0
261601,0
261602,0
261603,0
261604,0
261605,0
261606,0
261607,0
261608,0
261609,0
261610,0
261611,0
261612,0
261613,0
261614,0
261615,0
261616,0
261617,0
261618,0
261619,0
261620,0
261621,0
261622,0
261623,0
261624,0
261625,0
261626,0
261627,0
261628,0
261629,0
261630,0
261631,0
261632,0
261633,0
261634,0
261635,0
261636,0
261637,0
261638,0
261639,0
261640,0
261641,0
261642,0
261643,0
261644,0
261645,0
261646,0
261647,0
261648,0
261649,0
261650,0
261651,0
261652,0
261653,0
261654,0
261655,0
261656,0
261657,0
261658,0
261659,0
261660,0
261661,0
261662,0
261663,0
261664,0
261665,0
261666,0
261667,0
261668,0
261669,0
261670,0
261671,0
261672,0
261673,0
261674,0
261675,0
261676,0
261677,0
261678,0
261679,0
261680,0
261681,0
261682,0
261683,0
261684,0
261685,0
261686,0
261687,0
261688,0
261689,0
261690,0
261691,0
261692,0
261693,0
261694,0
261695,0
261696,0
261697,0
261698,0
261699,0
261700,0
261701,0
261702,0
261703,0
261704,0
261705,0
261706,0
261707,0
261708,0
261709,0
261710,0
261711,0
261712,0
261713,0
261714,0
261715,0
261716,0
261717,0
261718,0
261719,0
261720,0
261721,0
261722,0
261723,0
261724,0
261725,0
261726,0
261727,0
261728,0
261729,0
261730,0
261731,0
261732,0
261733,0
261734,0
261735,0
261736,0
261737,0
261738,0
261739,0
261740,0
261741,0
261742,0
261743,0
261744,0
261745,0
261746,0
261747,0
261748,0
261749,0
261750,0
261751,0
261752,0
261753,0
261754,0
261755,0
261756,0
261757,0
261758,0
261759,0
261760,0
261761,0
261762,0
261763,0
261764,0
261765,0
261766,0
261767,0
261768,0
261769,0
261770,0
261771,0
261772,0
261773,0
261774,0
261775,0
261776,0
261777,0
261778,0
261779,0
261780,0
261781,0
261782,0
261783,0
261784,0
261785,0
261786,0
261787,0
261788,0
261789,0
261790,0
261791,0
261792,0
261793,0
261794,0
261795,0
261796,0
261797,0
261798,0
261799,0
261800,0
261801,0
261802,0
261803,0
261804,0
261805,0
261806,0
261807,0
261808,0
261809,0
261810,0
261811,0
261812,0
261813,0
261814,0
261815,0
261816,0
261817,0
261818,0
261819,0
261820,0
261821,0
261822,0
261823,0
261824,0
261825,0
261826,0
261827,0
261828,0
261829,0
261830,0
261831,0
261832,0
261833,0
261834,0
261835,0
261836,0
261837,0
261838,0
261839,0
261840,0
261841,0
261842,0
261843,0
261844,0
261845,0
261846,0
261847,0
261848,0
261849,0
261850,0
261851,0
261852,0
261853,0
261854,0
261855,0
261856,0
261857,0
261858,0
261859,0
261860,0
261861,0
261862,0
261863,0
261864,0
261865,0
261866,0
261867,0
261868,0
261869,0
261870,0
261871,0
261872,0
261873,0
261874,0
261875,0
261876,0
261877,0
261878,0
261879,0
261880,0
261881,0
261882,0
261883,0
261884,0
261885,0
261886,0
261887,0
261888,0
261889,0
261890,0
261891,0
261892,0
261893,0
261894,0
261895,0
261896,0
261897,0
261898,0
261899,0
261900,0
261901,0
261902,0
261903,0
261904,0
261905,0
261906,0
261907,0
261908,0
261909,0
261910,0
261911,0
261912,0
261913,0
261914,0
261915,0
261916,0
261917,0
261918,0
261919,0
261920,0
261921,0
261922,0
261923,0
261924,0
261925,0
261926,0
261927,0
261928,0
261929,0
261930,0
261931,0
261932,0
261933,0
261934,0
261935,0
261936,0
261937,0
261938,0
261939,0
261940,0
261941,0
261942,0
261943,0
261944,0
261945,0
261946,0
261947,0
261948,0
261949,0
261950,0
261951,0
261952,0
261953,0
261954,0
261955,0
261956,0
261957,0
261958,0
261959,0
261960,0
261961,0
261962,0
261963,0
261964,0
261965,0
261966,0
261967,0
261968,0
261969,0
261970,0
261971,0
261972,0
261973,0
261974,0
261975,0
261976,0
261977,0
261978,0
261979,0
261980,0
261981,0
261982,0
261983,0
261984,0
261985,0
261986,0
261987,0
261988,0
261989,0
261990,0
261991,0
261992,0
261993,0
261994,0
261995,0
261996,0
261997,0
261998,0
261999,0
262000,0
262001,0
262002,0
262003,0
262004,0
262005,0
262006,0
262007,0
262008,0
262009,0
262010,0
262011,0
262012,0
262013,0
262014,0
262015,0
262016,0
262017,0
262018,0
262019,0
262020,0
262021,0
262022,0
262023,0
262024,0
262025,0
262026,0
262027,0
262028,0
262029,0
262030,0
262031,0
262032,0
262033,0
262034,0
262035,0
262036,0
262037,0
262038,0
262039,0
262040,0
262041,0
262042,0
262043,0
262044,0
262045,0
262046,0
262047,0
262048,0
262049,0
262050,0
262051,0
262052,0
262053,0
262054,0
262055,0
262056,0
262057,0
262058,0
262059,0
262060,0
262061,0
262062,0
262063,0
262064,0
262065,0
262066,0
262067,0
262068,0
262069,0
262070,0
262071,0
262072,0
262073,0
262074,0
262075,0
262076,0
262077,0
262078,0
262079,0
262080,0
262081,0
262082,0
262083,0
262084,0
262085,0
262086,0
262087,0
262088,0
262089,0
262090,0
262091,0
262092,0
262093,0
262094,0
262095,0
262096,0
262097,0
262098,0
262099,0
262100,0
262101,0
262102,0
262103,0
262104,0
262105,0
262106,0
262107,0
262108,0
262109,0
262110,0
262111,0
262112,0
262113,0
262114,0
262115,0
262116,0
262117,0
262118,0
262119,0
262120,0
262121,0
262122,0
262123,0
262124,0
262125,0
262126,0
262127,0
262128,0
262129,0
262130,0
262131,0
262132,0
262133,0
262134,0
262135,0
262136,0
262137,0
262138,0
262139,0
262140,0
262141,0
262142,0
262143,0
262144,0
262145,0
262146,0
262147,0
262148,0
262149,0
262150,0
262151,0
262152,0
262153,0
262154,0
262155,0
262156,0
262157,0
262158,0
262159,0
262160,0
262161,0
262162,0
262163,0
262164,0
262165,0
262166,0
262167,0
262168,0
262169,0
262170,0
262171,0
262172,0
262173,0
262174,0
262175,0
262176,0
262177,0
262178,0
262179,0
262180,0
262181,0
262182,0
262183,0
262184,0
262185,0
262186,0
262187,0
262188,0
262189,0
262190,0
262191,0
262192,0
262193,0
262194,0
262195,0
262196,0
262197,0
262198,0
262199,0
262200,0
262201,0
262202,0
262203,0
262204,0
262205,0
262206,0
262207,0
262208,0
262209,0
262210,0
262211,0
262212,0
262213,0
262214,0
262215,0
262216,0
262217,0
262218,0
262219,0
262220,0
262221,0
262222,0
262223,0
262224,0
262225,0
262226,0
262227,0
262228,0
262229,0
262230,0
262231,0
262232,0
262233,0
262234,0
262235,0
262236,0
262237,0
262238,0
262239,0
262240,0
262241,0
262242,0
262243,0
262244,0
262245,0
262246,0
262247,0
262248,0
262249,0
262250,0
262251,0
262252,0
262253,0
262254,0
262255,0
262256,0
262257,0
262258,0
262259,0
262260,0
262261,0
262262,0
262263,0
262264,0
262265,0
262266,0
262267,0
262268,0
262269,0
262270,0
262271,0
262272,0
262273,0
262274,0
262275,0
262276,0
262277,0
262278,0
262279,0
262280,0
262281,0
262282,0
262283,0
262284,0
262285,0
262286,0
262287,0
262288,0
262289,0
262290,0
262291,0
262292,0
262293,0
262294,0
262295,0
262296,0
262297,0
262298,0
262299,0
262300,0
262301,0
262302,0
262303,0
262304,0
262305,0
262306,0
262307,0
262308,0
262309,0
262310,0
262311,0
262312,0
262313,0
262314,0
262315,0
262316,0
262317,0
262318,0
262319,0
262320,0
262321,0
262322,0
262323,0
262324,0
262325,0
262326,0
262327,0
262328,0
262329,0
262330,0
262331,0
262332,0
262333,0
262334,0
262335,0
262336,0
262337,0
262338,0
262339,0
262340,0
262341,0
262342,0
262343,0
262344,0
262345,0
262346,0
262347,0
262348,0
262349,0
262350,0
262351,0
262352,0
262353,0
262354,0
262355,0
262356,0
262357,0
262358,0
262359,0
262360,0
262361,0
262362,0
262363,0
262364,0
262365,0
262366,0
262367,0
262368,0
262369,0
262370,0
262371,0
262372,0
262373,0
262374,0
262375,0
262376,0
262377,0
262378,0
262379,0
262380,0
262381,0
262382,0
262383,0
262384,0
262385,0
262386,0
262387,0
262388,0
262389,0
262390,0
262391,0
262392,0
262393,0
262394,0
262395,0
262396,0
262397,0
262398,0
262399,0
262400,0
262401,0
262402,0
262403,0
262404,0
262405,0
262406,0
262407,0
262408,0
262409,0
262410,0
262411,0
262412,0
262413,0
262414,0
262415,0
262416,0
262417,0
262418,0
262419,0
262420,0
262421,0
262422,0
262423,0
262424,0
262425,0
262426,0
262427,0
262428,0
262429,0
262430,0
262431,0
262432,0
262433,0
262434,0
262435,0
262436,0
262437,0
262438,0
262439,0
262440,0
262441,0
262442,0
262443,0
262444,0
262445,0
262446,0
262447,0
262448,0
262449,0
262450,0
262451,0
262452,0
262453,0
262454,0
262455,0
262456,0
262457,0
262458,0
262459,0
262460,0
262461,0
262462,0
262463,0
262464,0
262465,0
262466,0
262467,0
262468,0
262469,0
262470,0
262471,0
262472,0
262473,0
262474,0
262475,0
262476,0
262477,0
262478,0
262479,0
262480,0
262481,0
262482,0
262483,0
262484,0
262485,0
262486,0
262487,0
262488,0
262489,0
262490,0
262491,0
262492,0
262493,0
262494,0
262495,0
262496,0
262497,0
262498,0
262499,0
262500,0
262501,0
262502,0
262503,0
262504,0
262505,0
262506,0
262507,0
262508,0
262509,0
262510,0
262511,0
262512,0
262513,0
262514,0
262515,0
262516,0
262517,0
262518,0
262519,0
262520,0
262521,0
262522,0
262523,0
262524,0
262525,0
262526,0
262527,0
262528,0
262529,0
262530,0
262531,0
262532,0
262533,0
262534,0
262535,0
262536,0
262537,0
262538,0
262539,0
262540,0
262541,0
262542,0
262543,0
262544,0
262545,0
262546,0
262547,0
262548,0
262549,0
262550,0
262551,0
262552,0
262553,0
262554,0
262555,0
262556,0
262557,0
262558,0
262559,0
262560,0
262561,0
262562,0
262563,0
262564,0
262565,0
262566,0
262567,0
262568,0
262569,0
262570,0
262571,0
262572,0
262573,0
262574,0
262575,0
262576,0
262577,0
262578,0
262579,0
262580,0
262581,0
262582,0
262583,0
262584,0
262585,0
262586,0
262587,0
262588,0
262589,0
262590,0
262591,0
262592,0
262593,0
262594,0
262595,0
262596,0
262597,0
262598,0
262599,0
262600,0
262601,0
262602,0
262603,0
262604,0
262605,0
262606,0
262607,0
262608,0
262609,0
262610,0
262611,0
262612,0
262613,0
262614,0
262615,0
262616,0
262617,0
262618,0
262619,0
262620,0
262621,0
262622,0
262623,0
262624,0
262625,0
262626,0
262627,0
262628,0
262629,0
262630,0
262631,0
262632,0
262633,0
262634,0
262635,0
262636,0
262637,0
262638,0
262639,0
262640,0
262641,0
262642,0
262643,0
262644,0
262645,0
262646,0
262647,0
262648,0
262649,0
262650,0
262651,0
262652,0
262653,0
262654,0
262655,0
262656,0
262657,0
262658,0
262659,0
262660,0
262661,0
262662,0
262663,0
262664,0
262665,0
262666,0
262667,0
262668,0
262669,0
262670,0
262671,0
262672,0
262673,0
262674,0
262675,0
262676,0
262677,0
262678,0
262679,0
262680,0
262681,0
262682,0
262683,0
262684,0
262685,0
262686,0
262687,0
262688,0
262689,0
262690,0
262691,0
262692,0
262693,0
262694,0
262695,0
262696,0
262697,0
262698,0
262699,0
262700,0
262701,0
262702,0
262703,0
262704,0
262705,0
262706,0
262707,0
262708,0
262709,0
262710,0
262711,0
262712,0
262713,0
262714,0
262715,0
262716,0
262717,0
262718,0
262719,0
262720,0
262721,0
262722,0
262723,0
262724,0
262725,0
262726,0
262727,0
262728,0
262729,0
262730,0
262731,0
262732,0
262733,0
262734,0
262735,0
262736,0
262737,0
262738,0
262739,0
262740,0
262741,0
262742,0
262743,0
262744,0
262745,0
262746,0
262747,0
262748,0
262749,0
262750,0
262751,0
262752,0
262753,0
262754,0
262755,0
262756,0
262757,0
262758,0
262759,0
262760,0
262761,0
262762,0
262763,0
262764,0
262765,0
262766,0
262767,0
262768,0
262769,0
262770,0
262771,0
262772,0
262773,0
262774,0
262775,0
262776,0
262777,0
262778,0
262779,0
262780,0
262781,0
262782,0
262783,0
262784,0
262785,0
262786,0
262787,0
262788,0
262789,0
262790,0
262791,0
262792,0
262793,0
262794,0
262795,0
262796,0
262797,0
262798,0
262799,0
262800,0
262801,0
262802,0
262803,0
262804,0
262805,0
262806,0
262807,0
262808,0
262809,0
262810,0
262811,0
262812,0
262813,0
262814,0
262815,0
262816,0
262817,0
262818,0
262819,0
262820,0
262821,0
262822,0
262823,0
262824,0
262825,0
262826,0
262827,0
262828,0
262829,0
262830,0
262831,0
262832,0
262833,0
262834,0
262835,0
262836,0
262837,0
262838,0
262839,0
262840,0
262841,0
262842,0
262843,0
262844,0
262845,0
262846,0
262847,0
262848,0
262849,0
262850,0
262851,0
262852,0
262853,0
262854,0
262855,0
262856,0
262857,0
262858,0
262859,0
262860,0
262861,0
262862,0
262863,0
262864,0
262865,0
262866,0
262867,0
262868,0
262869,0
262870,0
262871,0
262872,0
262873,0
262874,0
262875,0
262876,0
262877,0
262878,0
262879,0
262880,0
262881,0
262882,0
262883,0
262884,0
262885,0
262886,0
262887,0
262888,0
262889,0
262890,0
262891,0
262892,0
262893,0
262894,0
262895,0
262896,0
262897,0
262898,0
262899,0
262900,0
262901,0
262902,0
262903,0
262904,0
262905,0
262906,0
262907,0
262908,0
262909,0
262910,0
262911,0
262912,0
262913,0
262914,0
262915,0
262916,0
262917,0
262918,0
262919,0
262920,0
262921,0
262922,0
262923,0
262924,0
262925,0
262926,0
262927,0
262928,0
262929,0
262930,0
262931,0
262932,0
262933,0
262934,0
262935,0
262936,0
262937,0
262938,0
262939,0
262940,0
262941,0
262942,0
262943,0
262944,0
262945,0
262946,0
262947,0
262948,0
262949,0
262950,0
262951,0
262952,0
262953,0
262954,0
262955,0
262956,0
262957,0
262958,0
262959,0
262960,0
262961,0
262962,0
262963,0
262964,0
262965,0
262966,0
262967,0
262968,0
262969,0
262970,0
262971,0
262972,0
262973,0
262974,0
262975,0
262976,0
262977,0
262978,0
262979,0
262980,0
262981,0
262982,0
262983,0
262984,0
262985,0
262986,0
262987,0
262988,0
262989,0
262990,0
262991,0
262992,0
262993,0
262994,0
262995,0
262996,0
262997,0
262998,0
262999,0
263000,0
263001,0
263002,0
263003,0
263004,0
263005,0
263006,0
263007,0
263008,0
263009,0
263010,0
263011,0
263012,0
263013,0
263014,0
263015,0
263016,0
263017,0
263018,0
263019,0
263020,0
263021,0
263022,0
263023,0
263024,0
263025,0
263026,0
263027,0
263028,0
263029,0
263030,0
263031,0
263032,0
263033,0
263034,0
263035,0
263036,0
263037,0
263038,0
263039,0
263040,0
263041,0
263042,0
263043,0
263044,0
263045,0
263046,0
263047,0
263048,0
263049,0
263050,0
263051,0
263052,0
263053,0
263054,0
263055,0
263056,0
263057,0
263058,0
263059,0
263060,0
263061,0
263062,0
263063,0
263064,0
263065,0
263066,0
263067,0
263068,0
263069,0
263070,0
263071,0
263072,0
263073,0
263074,0
263075,0
263076,0
263077,0
263078,0
263079,0
263080,0
263081,0
263082,0
263083,0
263084,0
263085,0
263086,0
263087,0
263088,0
263089,0
263090,0
263091,0
263092,0
263093,0
263094,0
263095,0
263096,0
263097,0
263098,0
263099,0
263100,0
263101,0
263102,0
263103,0
263104,0
263105,0
263106,0
263107,0
263108,0
263109,0
263110,0
263111,0
263112,0
263113,0
263114,0
263115,0
263116,0
263117,0
263118,0
263119,0
263120,0
263121,0
263122,0
263123,0
263124,0
263125,0
263126,0
263127,0
263128,0
263129,0
263130,0
263131,0
263132,0
263133,0
263134,0
263135,0
263136,0
263137,0
263138,0
263139,0
263140,0
263141,0
263142,0
263143,0
263144,0
263145,0
263146,0
263147,0
263148,0
263149,0
263150,0
263151,0
263152,0
263153,0
263154,0
263155,0
263156,0
263157,0
263158,0
263159,0
263160,0
263161,0
263162,0
263163,0
263164,0
263165,0
263166,0
263167,0
263168,0
263169,0
263170,0
263171,0
263172,0
263173,0
263174,0
263175,0
263176,0
263177,0
263178,0
263179,0
263180,0
263181,0
263182,0
263183,0
263184,0
263185,0
263186,0
263187,0
263188,0
263189,0
263190,0
263191,0
263192,0
263193,0
263194,0
263195,0
263196,0
263197,0
263198,0
263199,0
263200,0
263201,0
263202,0
263203,0
263204,0
263205,0
263206,0
263207,0
263208,0
263209,0
263210,0
263211,0
263212,0
263213,0
263214,0
263215,0
263216,0
263217,0
263218,0
263219,0
263220,0
263221,0
263222,0
263223,0
263224,0
263225,0
263226,0
263227,0
263228,0
263229,0
263230,0
263231,0
263232,0
263233,0
263234,0
263235,0
263236,0
263237,0
263238,0
263239,0
263240,0
263241,0
263242,0
263243,0
263244,0
263245,0
263246,0
263247,0
263248,0
263249,0
263250,0
263251,0
263252,0
263253,0
263254,0
263255,0
263256,0
263257,0
263258,0
263259,0
263260,0
263261,0
263262,0
263263,0
263264,0
263265,0
263266,0
263267,0
263268,0
263269,0
263270,0
263271,0
263272,0
263273,0
263274,0
263275,0
263276,0
263277,0
263278,0
263279,0
263280,0
263281,0
263282,0
263283,0
263284,0
263285,0
263286,0
263287,0
263288,0
263289,0
263290,0
263291,0
263292,0
263293,0
263294,0
263295,0
263296,0
263297,0
263298,0
263299,0
263300,0
263301,0
263302,0
263303,0
263304,0
263305,0
263306,0
263307,0
263308,0
263309,0
263310,0
263311,0
263312,0
263313,0
263314,0
263315,0
263316,0
263317,0
263318,0
263319,0
263320,0
263321,0
263322,0
263323,0
263324,0
263325,0
263326,0
263327,0
263328,0
263329,0
263330,0
263331,0
263332,0
263333,0
263334,0
263335,0
263336,0
263337,0
263338,0
263339,0
263340,0
263341,0
263342,0
263343,0
263344,0
263345,0
263346,0
263347,0
263348,0
263349,0
263350,0
263351,0
263352,0
263353,0
263354,0
263355,0
263356,0
263357,0
263358,0
263359,0
263360,0
263361,0
263362,0
263363,0
263364,0
263365,0
263366,0
263367,0
263368,0
263369,0
263370,0
263371,0
263372,0
263373,0
263374,0
263375,0
263376,0
263377,0
263378,0
263379,0
263380,0
263381,0
263382,0
263383,0
263384,0
263385,0
263386,0
263387,0
263388,0
263389,0
263390,0
263391,0
263392,0
263393,0
263394,0
263395,0
263396,0
263397,0
263398,0
263399,0
263400,0
263401,0
263402,0
263403,0
263404,0
263405,0
263406,0
263407,0
263408,0
263409,0
263410,0
263411,0
263412,0
263413,0
263414,0
263415,0
263416,0
263417,0
263418,0
263419,0
263420,0
263421,0
263422,0
263423,0
263424,0
263425,0
263426,0
263427,0
263428,0
263429,0
263430,0
263431,0
263432,0
263433,0
263434,0
263435,0
263436,0
263437,0
263438,0
263439,0
263440,0
263441,0
263442,0
263443,0
263444,0
263445,0
263446,0
263447,0
263448,0
263449,0
263450,0
263451,0
263452,0
263453,0
263454,0
263455,0
263456,0
263457,0
263458,0
263459,0
263460,0
263461,0
263462,0
263463,0
263464,0
263465,0
263466,0
263467,0
263468,0
263469,0
263470,0
263471,0
263472,0
263473,0
263474,0
263475,0
263476,0
263477,0
263478,0
263479,0
263480,0
263481,0
263482,0
263483,0
263484,0
263485,0
263486,0
263487,0
263488,0
263489,0
263490,0
263491,0
263492,0
263493,0
263494,0
263495,0
263496,0
263497,0
263498,0
263499,0
263500,0
263501,0
263502,0
263503,0
263504,0
263505,0
263506,0
263507,0
263508,0
263509,0
263510,0
263511,0
263512,0
263513,0
263514,0
263515,0
263516,0
263517,0
263518,0
263519,0
263520,0
263521,0
263522,0
263523,0
263524,0
263525,0
263526,0
263527,0
263528,0
263529,0
263530,0
263531,0
263532,0
263533,0
263534,0
263535,0
263536,0
263537,0
263538,0
263539,0
263540,0
263541,0
263542,0
263543,0
263544,0
263545,0
263546,0
263547,0
263548,0
263549,0
263550,0
263551,0
263552,0
263553,0
263554,0
263555,0
263556,0
263557,0
263558,0
263559,0
263560,0
263561,0
263562,0
263563,0
263564,0
263565,0
263566,0
263567,0
263568,0
263569,0
263570,0
263571,0
263572,0
263573,0
263574,0
263575,0
263576,0
263577,0
263578,0
263579,0
263580,0
263581,0
263582,0
263583,0
263584,0
263585,0
263586,0
263587,0
263588,0
263589,0
263590,0
263591,0
263592,0
263593,0
263594,0
263595,0
263596,0
263597,0
263598,0
263599,0
263600,0
263601,0
263602,0
263603,0
263604,0
263605,0
263606,0
263607,0
263608,0
263609,0
263610,0
263611,0
263612,0
263613,0
263614,0
263615,0
263616,0
263617,0
263618,0
263619,0
263620,0
263621,0
263622,0
263623,0
263624,0
263625,0
263626,0
263627,0
263628,0
263629,0
263630,0
263631,0
263632,0
263633,0
263634,0
263635,0
263636,0
263637,0
263638,0
263639,0
263640,0
263641,0
263642,0
263643,0
263644,0
263645,0
263646,0
263647,0
263648,0
263649,0
263650,0
263651,0
263652,0
263653,0
263654,0
263655,0
263656,0
263657,0
263658,0
263659,0
263660,0
263661,0
263662,0
263663,0
263664,0
263665,0
263666,0
263667,0
263668,0
263669,0
263670,0
263671,0
263672,0
263673,0
263674,0
263675,0
263676,0
263677,0
263678,0
263679,0
263680,0
263681,0
263682,0
263683,0
263684,0
263685,0
263686,0
263687,0
263688,0
263689,0
263690,0
263691,0
263692,0
263693,0
263694,0
263695,0
263696,0
263697,0
263698,0
263699,0
263700,0
263701,0
263702,0
263703,0
263704,0
263705,0
263706,0
263707,0
263708,0
263709,0
263710,0
263711,0
263712,0
263713,0
263714,0
263715,0
263716,0
263717,0
263718,0
263719,0
263720,0
263721,0
263722,0
263723,0
263724,0
263725,0
263726,0
263727,0
263728,0
263729,0
263730,0
263731,0
263732,0
263733,0
263734,0
263735,0
263736,0
263737,0
263738,0
263739,0
263740,0
263741,0
263742,0
263743,0
263744,0
263745,0
263746,0
263747,0
263748,0
263749,0
263750,0
263751,0
263752,0
263753,0
263754,0
263755,0
263756,0
263757,0
263758,0
263759,0
263760,0
263761,0
263762,0
263763,0
263764,0
263765,0
263766,0
263767,0
263768,0
263769,0
263770,0
263771,0
263772,0
263773,0
263774,0
263775,0
263776,0
263777,0
263778,0
263779,0
263780,0
263781,0
263782,0
263783,0
263784,0
263785,0
263786,0
263787,0
263788,0
263789,0
263790,0
263791,0
263792,0
263793,0
263794,0
263795,0
263796,0
263797,0
263798,0
263799,0
263800,0
263801,0
263802,0
263803,0
263804,0
263805,0
263806,0
263807,0
263808,0
263809,0
263810,0
263811,0
263812,0
263813,0
263814,0
263815,0
263816,0
263817,0
263818,0
263819,0
263820,0
263821,0
263822,0
263823,0
263824,0
263825,0
263826,0
263827,0
263828,0
263829,0
263830,0
263831,0
263832,0
263833,0
263834,0
263835,0
263836,0
263837,0
263838,0
263839,0
263840,0
263841,0
263842,0
263843,0
263844,0
263845,0
263846,0
263847,0
263848,0
263849,0
263850,0
263851,0
263852,0
263853,0
263854,0
263855,0
263856,0
263857,0
263858,0
263859,0
263860,0
263861,0
263862,0
263863,0
263864,0
263865,0
263866,0
263867,0
263868,0
263869,0
263870,0
263871,0
263872,0
263873,0
263874,0
263875,0
263876,0
263877,0
263878,0
263879,0
263880,0
263881,0
263882,0
263883,0
263884,0
263885,0
263886,0
263887,0
263888,0
263889,0
263890,0
263891,0
263892,0
263893,0
263894,0
263895,0
263896,0
263897,0
263898,0
263899,0
263900,0
263901,0
263902,0
263903,0
263904,0
263905,0
263906,0
263907,0
263908,0
263909,0
263910,0
263911,0
263912,0
263913,0
263914,0
263915,0
263916,0
263917,0
263918,0
263919,0
263920,0
263921,0
263922,0
263923,0
263924,0
263925,0
263926,0
263927,0
263928,0
263929,0
263930,0
263931,0
263932,0
263933,0
263934,0
263935,0
263936,0
263937,0
263938,0
263939,0
263940,0
263941,0
263942,0
263943,0
263944,0
263945,0
263946,0
263947,0
263948,0
263949,0
263950,0
263951,0
263952,0
263953,0
263954,0
263955,0
263956,0
263957,0
263958,0
263959,0
263960,0
263961,0
263962,0
263963,0
263964,0
263965,0
263966,0
263967,0
263968,0
263969,0
263970,0
263971,0
263972,0
263973,0
263974,0
263975,0
263976,0
263977,0
263978,0
263979,0
263980,0
263981,0
263982,0
263983,0
263984,0
263985,0
263986,0
263987,0
263988,0
263989,0
263990,0
263991,0
263992,0
263993,0
263994,0
263995,0
263996,0
263997,0
263998,0
263999,0
264000,0
264001,0
264002,0
264003,0
264004,0
264005,0
264006,0
264007,0
264008,0
264009,0
264010,0
264011,0
264012,0
264013,0
264014,0
264015,0
264016,0
264017,0
264018,0
264019,0
264020,0
264021,0
264022,0
264023,0
264024,0
264025,0
264026,0
264027,0
264028,0
264029,0
264030,0
264031,0
264032,0
264033,0
264034,0
264035,0
264036,0
264037,0
264038,0
264039,0
264040,0
264041,0
264042,0
264043,0
264044,0
264045,0
264046,0
264047,0
264048,0
264049,0
264050,0
264051,0
264052,0
264053,0
264054,0
264055,0
264056,0
264057,0
264058,0
264059,0
264060,0
264061,0
264062,0
264063,0
264064,0
264065,0
264066,0
264067,0
264068,0
264069,0
264070,0
264071,0
264072,0
264073,0
264074,0
264075,0
264076,0
264077,0
264078,0
264079,0
264080,0
264081,0
264082,0
264083,0
264084,0
264085,0
264086,0
264087,0
264088,0
264089,0
264090,0
264091,0
264092,0
264093,0
264094,0
264095,0
264096,0
264097,0
264098,0
264099,0
264100,0
264101,0
264102,0
264103,0
264104,0
264105,0
264106,0
264107,0
264108,0
264109,0
264110,0
264111,0
264112,0
264113,0
264114,0
264115,0
264116,0
264117,0
264118,0
264119,0
264120,0
264121,0
264122,0
264123,0
264124,0
264125,0
264126,0
264127,0
264128,0
264129,0
264130,0
264131,0
264132,0
264133,0
264134,0
264135,0
264136,0
264137,0
264138,0
264139,0
264140,0
264141,0
264142,0
264143,0
264144,0
264145,0
264146,0
264147,0
264148,0
264149,0
264150,0
264151,0
264152,0
264153,0
264154,0
264155,0
264156,0
264157,0
264158,0
264159,0
264160,0
264161,0
264162,0
264163,0
264164,0
264165,0
264166,0
264167,0
264168,0
264169,0
264170,0
264171,0
264172,0
264173,0
264174,0
264175,0
264176,0
264177,0
264178,0
264179,0
264180,0
264181,0
264182,0
264183,0
264184,0
264185,0
264186,0
264187,0
264188,0
264189,0
264190,0
264191,0
264192,0
264193,0
264194,0
264195,0
264196,0
264197,0
264198,0
264199,0
264200,0
264201,0
264202,0
264203,0
264204,0
264205,0
264206,0
264207,0
264208,0
264209,0
264210,0
264211,0
264212,0
264213,0
264214,0
264215,0
264216,0
264217,0
264218,0
264219,0
264220,0
264221,0
264222,0
264223,0
264224,0
264225,0
264226,0
264227,0
264228,0
264229,0
264230,0
264231,0
264232,0
264233,0
264234,0
264235,0
264236,0
264237,0
264238,0
264239,0
264240,0
264241,0
264242,0
264243,0
264244,0
264245,0
264246,0
264247,0
264248,0
264249,0
264250,0
264251,0
264252,0
264253,0
264254,0
264255,0
264256,0
264257,0
264258,0
264259,0
264260,0
264261,0
264262,0
264263,0
264264,0
264265,0
264266,0
264267,0
264268,0
264269,0
264270,0
264271,0
264272,0
264273,0
264274,0
264275,0
264276,0
264277,0
264278,0
264279,0
264280,0
264281,0
264282,0
264283,0
264284,0
264285,0
264286,0
264287,0
264288,0
264289,0
264290,0
264291,0
264292,0
264293,0
264294,0
264295,0
264296,0
264297,0
264298,0
264299,0
264300,0
264301,0
264302,0
264303,0
264304,0
264305,0
264306,0
264307,0
264308,0
264309,0
264310,0
264311,0
264312,0
264313,0
264314,0
264315,0
264316,0
264317,0
264318,0
264319,0
264320,0
264321,0
264322,0
264323,0
264324,0
264325,0
264326,0
264327,0
264328,0
264329,0
264330,0
264331,0
264332,0
264333,0
264334,0
264335,0
264336,0
264337,0
264338,0
264339,0
264340,0
264341,0
264342,0
264343,0
264344,0
264345,0
264346,0
264347,0
264348,0
264349,0
264350,0
264351,0
264352,0
264353,0
264354,0
264355,0
264356,0
264357,0
264358,0
264359,0
264360,0
264361,0
264362,0
264363,0
264364,0
264365,0
264366,0
264367,0
264368,0
264369,0
264370,0
264371,0
264372,0
264373,0
264374,0
264375,0
264376,0
264377,0
264378,0
264379,0
264380,0
264381,0
264382,0
264383,0
264384,0
264385,0
264386,0
264387,0
264388,0
264389,0
264390,0
264391,0
264392,0
264393,0
264394,0
264395,0
264396,0
264397,0
264398,0
264399,0
264400,0
264401,0
264402,0
264403,0
264404,0
264405,0
264406,0
264407,0
264408,0
264409,0
264410,0
264411,0
264412,0
264413,0
264414,0
264415,0
264416,0
264417,0
264418,0
264419,0
264420,0
264421,0
264422,0
264423,0
264424,0
264425,0
264426,0
264427,0
264428,0
264429,0
264430,0
264431,0
264432,0
264433,0
264434,0
264435,0
264436,0
264437,0
264438,0
264439,0
264440,0
264441,0
264442,0
264443,0
264444,0
264445,0
264446,0
264447,0
264448,0
264449,0
264450,0
264451,0
264452,0
264453,0
264454,0
264455,0
264456,0
264457,0
264458,0
264459,0
264460,0
264461,0
264462,0
264463,0
264464,0
264465,0
264466,0
264467,0
264468,0
264469,0
264470,0
264471,0
264472,0
264473,0
264474,0
264475,0
264476,0
264477,0
264478,0
264479,0
264480,0
264481,0
264482,0
264483,0
264484,0
264485,0
264486,0
264487,0
264488,0
264489,0
264490,0
264491,0
264492,0
264493,0
264494,0
264495,0
264496,0
264497,0
264498,0
264499,0
264500,0
264501,0
264502,0
264503,0
264504,0
264505,0
264506,0
264507,0
264508,0
264509,0
264510,0
264511,0
264512,0
264513,0
264514,0
264515,0
264516,0
264517,0
264518,0
264519,0
264520,0
264521,0
264522,0
264523,0
264524,0
264525,0
264526,0
264527,0
264528,0
264529,0
264530,0
264531,0
264532,0
264533,0
264534,0
264535,0
264536,0
264537,0
264538,0
264539,0
264540,0
264541,0
264542,0
264543,0
264544,0
264545,0
264546,0
264547,0
264548,0
264549,0
264550,0
264551,0
264552,0
264553,0
264554,0
264555,0
264556,0
264557,0
264558,0
264559,0
264560,0
264561,0
264562,0
264563,0
264564,0
264565,0
264566,0
264567,0
264568,0
264569,0
264570,0
264571,0
264572,0
264573,0
264574,0
264575,0
264576,0
264577,0
264578,0
264579,0
264580,0
264581,0
264582,0
264583,0
264584,0
264585,0
264586,0
264587,0
264588,0
264589,0
264590,0
264591,0
264592,0
264593,0
264594,0
264595,0
264596,0
264597,0
264598,0
264599,0
264600,0
264601,0
264602,0
264603,0
264604,0
264605,0
264606,0
264607,0
264608,0
264609,0
264610,0
264611,0
264612,0
264613,0
264614,0
264615,0
264616,0
264617,0
264618,0
264619,0
264620,0
264621,0
264622,0
264623,0
264624,0
264625,0
264626,0
264627,0
264628,0
264629,0
264630,0
264631,0
264632,0
264633,0
264634,0
264635,0
264636,0
264637,0
264638,0
264639,0
264640,0
264641,0
264642,0
264643,0
264644,0
264645,0
264646,0
264647,0
264648,0
264649,0
264650,0
264651,0
264652,0
264653,0
264654,0
264655,0
264656,0
264657,0
264658,0
264659,0
264660,0
264661,0
264662,0
264663,0
264664,0
264665,0
264666,0
264667,0
264668,0
264669,0
264670,0
264671,0
264672,0
264673,0
264674,0
264675,0
264676,0
264677,0
264678,0
264679,0
264680,0
264681,0
264682,0
264683,0
264684,0
264685,0
264686,0
264687,0
264688,0
264689,0
264690,0
264691,0
264692,0
264693,0
264694,0
264695,0
264696,0
264697,0
264698,0
264699,0
264700,0
264701,0
264702,0
264703,0
264704,0
264705,0
264706,0
264707,0
264708,0
264709,0
264710,0
264711,0
264712,0
264713,0
264714,0
264715,0
264716,0
264717,0
264718,0
264719,0
264720,0
264721,0
264722,0
264723,0
264724,0
264725,0
264726,0
264727,0
264728,0
264729,0
264730,0
264731,0
264732,0
264733,0
264734,0
264735,0
264736,0
264737,0
264738,0
264739,0
264740,0
264741,0
264742,0
264743,0
264744,0
264745,0
264746,0
264747,0
264748,0
264749,0
264750,0
264751,0
264752,0
264753,0
264754,0
264755,0
264756,0
264757,0
264758,0
264759,0
264760,0
264761,0
264762,0
264763,0
264764,0
264765,0
264766,0
264767,0
264768,0
264769,0
264770,0
264771,0
264772,0
264773,0
264774,0
264775,0
264776,0
264777,0
264778,0
264779,0
264780,0
264781,0
264782,0
264783,0
264784,0
264785,0
264786,0
264787,0
264788,0
264789,0
264790,0
264791,0
264792,0
264793,0
264794,0
264795,0
264796,0
264797,0
264798,0
264799,0
264800,0
264801,0
264802,0
264803,0
264804,0
264805,0
264806,0
264807,0
264808,0
264809,0
264810,0
264811,0
264812,0
264813,0
264814,0
264815,0
264816,0
264817,0
264818,0
264819,0
264820,0
264821,0
264822,0
264823,0
264824,0
264825,0
264826,0
264827,0
264828,0
264829,0
264830,0
264831,0
264832,0
264833,0
264834,0
264835,0
264836,0
264837,0
264838,0
264839,0
264840,0
264841,0
264842,0
264843,0
264844,0
264845,0
264846,0
264847,0
264848,0
264849,0
264850,0
264851,0
264852,0
264853,0
264854,0
264855,0
264856,0
264857,0
264858,0
264859,0
264860,0
264861,0
264862,0
264863,0
264864,0
264865,0
264866,0
264867,0
264868,0
264869,0
264870,0
264871,0
264872,0
264873,0
264874,0
264875,0
264876,0
264877,0
264878,0
264879,0
264880,0
264881,0
264882,0
264883,0
264884,0
264885,0
264886,0
264887,0
264888,0
264889,0
264890,0
264891,0
264892,0
264893,0
264894,0
264895,0
264896,0
264897,0
264898,0
264899,0
264900,0
264901,0
264902,0
264903,0
264904,0
264905,0
264906,0
264907,0
264908,0
264909,0
264910,0
264911,0
264912,0
264913,0
264914,0
264915,0
264916,0
264917,0
264918,0
264919,0
264920,0
264921,0
264922,0
264923,0
264924,0
264925,0
264926,0
264927,0
264928,0
264929,0
264930,0
264931,0
264932,0
264933,0
264934,0
264935,0
264936,0
264937,0
264938,0
264939,0
264940,0
264941,0
264942,0
264943,0
264944,0
264945,0
264946,0
264947,0
264948,0
264949,0
264950,0
264951,0
264952,0
264953,0
264954,0
264955,0
264956,0
264957,0
264958,0
264959,0
264960,0
264961,0
264962,0
264963,0
264964,0
264965,0
264966,0
264967,0
264968,0
264969,0
264970,0
264971,0
264972,0
264973,0
264974,0
264975,0
264976,0
264977,0
264978,0
264979,0
264980,0
264981,0
264982,0
264983,0
264984,0
264985,0
264986,0
264987,0
264988,0
264989,0
264990,0
264991,0
264992,0
264993,0
264994,0
264995,0
264996,0
264997,0
264998,0
264999,0
265000,0
265001,0
265002,0
265003,0
265004,0
265005,0
265006,0
265007,0
265008,0
265009,0
265010,0
265011,0
265012,0
265013,0
265014,0
265015,0
265016,0
265017,0
265018,0
265019,0
265020,0
265021,0
265022,0
265023,0
265024,0
265025,0
265026,0
265027,0
265028,0
265029,0
265030,0
265031,0
265032,0
265033,0
265034,0
265035,0
265036,0
265037,0
265038,0
265039,0
265040,0
265041,0
265042,0
265043,0
265044,0
265045,0
265046,0
265047,0
265048,0
265049,0
265050,0
265051,0
265052,0
265053,0
265054,0
265055,0
265056,0
265057,0
265058,0
265059,0
265060,0
265061,0
265062,0
265063,0
265064,0
265065,0
265066,0
265067,0
265068,0
265069,0
265070,0
265071,0
265072,0
265073,0
265074,0
265075,0
265076,0
265077,0
265078,0
265079,0
265080,0
265081,0
265082,0
265083,0
265084,0
265085,0
265086,0
265087,0
265088,0
265089,0
265090,0
265091,0
265092,0
265093,0
265094,0
265095,0
265096,0
265097,0
265098,0
265099,0
265100,0
265101,0
265102,0
265103,0
265104,0
265105,0
265106,0
265107,0
265108,0
265109,0
265110,0
265111,0
265112,0
265113,0
265114,0
265115,0
265116,0
265117,0
265118,0
265119,0
265120,0
265121,0
265122,0
265123,0
265124,0
265125,0
265126,0
265127,0
265128,0
265129,0
265130,0
265131,0
265132,0
265133,0
265134,0
265135,0
265136,0
265137,0
265138,0
265139,0
265140,0
265141,0
265142,0
265143,0
265144,0
265145,0
265146,0
265147,0
265148,0
265149,0
265150,0
265151,0
265152,0
265153,0
265154,0
265155,0
265156,0
265157,0
265158,0
265159,0
265160,0
265161,0
265162,0
265163,0
265164,0
265165,0
265166,0
265167,0
265168,0
265169,0
265170,0
265171,0
265172,0
265173,0
265174,0
265175,0
265176,0
265177,0
265178,0
265179,0
265180,0
265181,0
265182,0
265183,0
265184,0
265185,0
265186,0
265187,0
265188,0
265189,0
265190,0
265191,0
265192,0
265193,0
265194,0
265195,0
265196,0
265197,0
265198,0
265199,0
265200,0
265201,0
265202,0
265203,0
265204,0
265205,0
265206,0
265207,0
265208,0
265209,0
265210,0
265211,0
265212,0
265213,0
265214,0
265215,0
265216,0
265217,0
265218,0
265219,0
265220,0
265221,0
265222,0
265223,0
265224,0
265225,0
265226,0
265227,0
265228,0
265229,0
265230,0
265231,0
265232,0
265233,0
265234,0
265235,0
265236,0
265237,0
265238,0
265239,0
265240,0
265241,0
265242,0
265243,0
265244,0
265245,0
265246,0
265247,0
265248,0
265249,0
265250,0
265251,0
265252,0
265253,0
265254,0
265255,0
265256,0
265257,0
265258,0
265259,0
265260,0
265261,0
265262,0
265263,0
265264,0
265265,0
265266,0
265267,0
265268,0
265269,0
265270,0
265271,0
265272,0
265273,0
265274,0
265275,0
265276,0
265277,0
265278,0
265279,0
265280,0
265281,0
265282,0
265283,0
265284,0
265285,0
265286,0
265287,0
265288,0
265289,0
265290,0
265291,0
265292,0
265293,0
265294,0
265295,0
265296,0
265297,0
265298,0
265299,0
265300,0
265301,0
265302,0
265303,0
265304,0
265305,0
265306,0
265307,0
265308,0
265309,0
265310,0
265311,0
265312,0
265313,0
265314,0
265315,0
265316,0
265317,0
265318,0
265319,0
265320,0
265321,0
265322,0
265323,0
265324,0
265325,0
265326,0
265327,0
265328,0
265329,0
265330,0
265331,0
265332,0
265333,0
265334,0
265335,0
265336,0
265337,0
265338,0
265339,0
265340,0
265341,0
265342,0
265343,0
265344,0
265345,0
265346,0
265347,0
265348,0
265349,0
265350,0
265351,0
265352,0
265353,0
265354,0
265355,0
265356,0
265357,0
265358,0
265359,0
265360,0
265361,0
265362,0
265363,0
265364,0
265365,0
265366,0
265367,0
265368,0
265369,0
265370,0
265371,0
265372,0
265373,0
265374,0
265375,0
265376,0
265377,0
265378,0
265379,0
265380,0
265381,0
265382,0
265383,0
265384,0
265385,0
265386,0
265387,0
265388,0
265389,0
265390,0
265391,0
265392,0
265393,0
265394,0
265395,0
265396,0
265397,0
265398,0
265399,0
265400,0
265401,0
265402,0
265403,0
265404,0
265405,0
265406,0
265407,0
265408,0
265409,0
265410,0
265411,0
265412,0
265413,0
265414,0
265415,0
265416,0
265417,0
265418,0
265419,0
265420,0
265421,0
265422,0
265423,0
265424,0
265425,0
265426,0
265427,0
265428,0
265429,0
265430,0
265431,0
265432,0
265433,0
265434,0
265435,0
265436,0
265437,0
265438,0
265439,0
265440,0
265441,0
265442,0
265443,0
265444,0
265445,0
265446,0
265447,0
265448,0
265449,0
265450,0
265451,0
265452,0
265453,0
265454,0
265455,0
265456,0
265457,0
265458,0
265459,0
265460,0
265461,0
265462,0
265463,0
265464,0
265465,0
265466,0
265467,0
265468,0
265469,0
265470,0
265471,0
265472,0
265473,0
265474,0
265475,0
265476,0
265477,0
265478,0
265479,0
265480,0
265481,0
265482,0
265483,0
265484,0
265485,0
265486,0
265487,0
265488,0
265489,0
265490,0
265491,0
265492,0
265493,0
265494,0
265495,0
265496,0
265497,0
265498,0
265499,0
265500,0
265501,0
265502,0
265503,0
265504,0
265505,0
265506,0
265507,0
265508,0
265509,0
265510,0
265511,0
265512,0
265513,0
265514,0
265515,0
265516,0
265517,0
265518,0
265519,0
265520,0
265521,0
265522,0
265523,0
265524,0
265525,0
265526,0
265527,0
265528,0
265529,0
265530,0
265531,0
265532,0
265533,0
265534,0
265535,0
265536,0
265537,0
265538,0
265539,0
265540,0
265541,0
265542,0
265543,0
265544,0
265545,0
265546,0
265547,0
265548,0
265549,0
265550,0
265551,0
265552,0
265553,0
265554,0
265555,0
265556,0
265557,0
265558,0
265559,0
265560,0
265561,0
265562,0
265563,0
265564,0
265565,0
265566,0
265567,0
265568,0
265569,0
265570,0
265571,0
265572,0
265573,0
265574,0
265575,0
265576,0
265577,0
265578,0
265579,0
265580,0
265581,0
265582,0
265583,0
265584,0
265585,0
265586,0
265587,0
265588,0
265589,0
265590,0
265591,0
265592,0
265593,0
265594,0
265595,0
265596,0
265597,0
265598,0
265599,0
265600,0
265601,0
265602,0
265603,0
265604,0
265605,0
265606,0
265607,0
265608,0
265609,0
265610,0
265611,0
265612,0
265613,0
265614,0
265615,0
265616,0
265617,0
265618,0
265619,0
265620,0
265621,0
265622,0
265623,0
265624,0
265625,0
265626,0
265627,0
265628,0
265629,0
265630,0
265631,0
265632,0
265633,0
265634,0
265635,0
265636,0
265637,0
265638,0
265639,0
265640,0
265641,0
265642,0
265643,0
265644,0
265645,0
265646,0
265647,0
265648,0
265649,0
265650,0
265651,0
265652,0
265653,0
265654,0
265655,0
265656,0
265657,0
265658,0
265659,0
265660,0
265661,0
265662,0
265663,0
265664,0
265665,0
265666,0
265667,0
265668,0
265669,0
265670,0
265671,0
265672,0
265673,0
265674,0
265675,0
265676,0
265677,0
265678,0
265679,0
265680,0
265681,0
265682,0
265683,0
265684,0
265685,0
265686,0
265687,0
265688,0
265689,0
265690,0
265691,0
265692,0
265693,0
265694,0
265695,0
265696,0
265697,0
265698,0
265699,0
265700,0
265701,0
265702,0
265703,0
265704,0
265705,0
265706,0
265707,0
265708,0
265709,0
265710,0
265711,0
265712,0
265713,0
265714,0
265715,0
265716,0
265717,0
265718,0
265719,0
265720,0
265721,0
265722,0
265723,0
265724,0
265725,0
265726,0
265727,0
265728,0
265729,0
265730,0
265731,0
265732,0
265733,0
265734,0
265735,0
265736,0
265737,0
265738,0
265739,0
265740,0
265741,0
265742,0
265743,0
265744,0
265745,0
265746,0
265747,0
265748,0
265749,0
265750,0
265751,0
265752,0
265753,0
265754,0
265755,0
265756,0
265757,0
265758,0
265759,0
265760,0
265761,0
265762,0
265763,0
265764,0
265765,0
265766,0
265767,0
265768,0
265769,0
265770,0
265771,0
265772,0
265773,0
265774,0
265775,0
265776,0
265777,0
265778,0
265779,0
265780,0
265781,0
265782,0
265783,0
265784,0
265785,0
265786,0
265787,0
265788,0
265789,0
265790,0
265791,0
265792,0
265793,0
265794,0
265795,0
265796,0
265797,0
265798,0
265799,0
265800,0
265801,0
265802,0
265803,0
265804,0
265805,0
265806,0
265807,0
265808,0
265809,0
265810,0
265811,0
265812,0
265813,0
265814,0
265815,0
265816,0
265817,0
265818,0
265819,0
265820,0
265821,0
265822,0
265823,0
265824,0
265825,0
265826,0
265827,0
265828,0
265829,0
265830,0
265831,0
265832,0
265833,0
265834,0
265835,0
265836,0
265837,0
265838,0
265839,0
265840,0
265841,0
265842,0
265843,0
265844,0
265845,0
265846,0
265847,0
265848,0
265849,0
265850,0
265851,0
265852,0
265853,0
265854,0
265855,0
265856,0
265857,0
265858,0
265859,0
265860,0
265861,0
265862,0
265863,0
265864,0
265865,0
265866,0
265867,0
265868,0
265869,0
265870,0
265871,0
265872,0
265873,0
265874,0
265875,0
265876,0
265877,0
265878,0
265879,0
265880,0
265881,0
265882,0
265883,0
265884,0
265885,0
265886,0
265887,0
265888,0
265889,0
265890,0
265891,0
265892,0
265893,0
265894,0
265895,0
265896,0
265897,0
265898,0
265899,0
265900,0
265901,0
265902,0
265903,0
265904,0
265905,0
265906,0
265907,0
265908,0
265909,0
265910,0
265911,0
265912,0
265913,0
265914,0
265915,0
265916,0
265917,0
265918,0
265919,0
265920,0
265921,0
265922,0
265923,0
265924,0
265925,0
265926,0
265927,0
265928,0
265929,0
265930,0
265931,0
265932,0
265933,0
265934,0
265935,0
265936,0
265937,0
265938,0
265939,0
265940,0
265941,0
265942,0
265943,0
265944,0
265945,0
265946,0
265947,0
265948,0
265949,0
265950,0
265951,0
265952,0
265953,0
265954,0
265955,0
265956,0
265957,0
265958,0
265959,0
265960,0
265961,0
265962,0
265963,0
265964,0
265965,0
265966,0
265967,0
265968,0
265969,0
265970,0
265971,0
265972,0
265973,0
265974,0
265975,0
265976,0
265977,0
265978,0
265979,0
265980,0
265981,0
265982,0
265983,0
265984,0
265985,0
265986,0
265987,0
265988,0
265989,0
265990,0
265991,0
265992,0
265993,0
265994,0
265995,0
265996,0
265997,0
265998,0
265999,0
266000,0
266001,0
266002,0
266003,0
266004,0
266005,0
266006,0
266007,0
266008,0
266009,0
266010,0
266011,0
266012,0
266013,0
266014,0
266015,0
266016,0
266017,0
266018,0
266019,0
266020,0
266021,0
266022,0
266023,0
266024,0
266025,0
266026,0
266027,0
266028,0
266029,0
266030,0
266031,0
266032,0
266033,0
266034,0
266035,0
266036,0
266037,0
266038,0
266039,0
266040,0
266041,0
266042,0
266043,0
266044,0
266045,0
266046,0
266047,0
266048,0
266049,0
266050,0
266051,0
266052,0
266053,0
266054,0
266055,0
266056,0
266057,0
266058,0
266059,0
266060,0
266061,0
266062,0
266063,0
266064,0
266065,0
266066,0
266067,0
266068,0
266069,0
266070,0
266071,0
266072,0
266073,0
266074,0
266075,0
266076,0
266077,0
266078,0
266079,0
266080,0
266081,0
266082,0
266083,0
266084,0
266085,0
266086,0
266087,0
266088,0
266089,0
266090,0
266091,0
266092,0
266093,0
266094,0
266095,0
266096,0
266097,0
266098,0
266099,0
266100,0
266101,0
266102,0
266103,0
266104,0
266105,0
266106,0
266107,0
266108,0
266109,0
266110,0
266111,0
266112,0
266113,0
266114,0
266115,0
266116,0
266117,0
266118,0
266119,0
266120,0
266121,0
266122,0
266123,0
266124,0
266125,0
266126,0
266127,0
266128,0
266129,0
266130,0
266131,0
266132,0
266133,0
266134,0
266135,0
266136,0
266137,0
266138,0
266139,0
266140,0
266141,0
266142,0
266143,0
266144,0
266145,0
266146,0
266147,0
266148,0
266149,0
266150,0
266151,0
266152,0
266153,0
266154,0
266155,0
266156,0
266157,0
266158,0
266159,0
266160,0
266161,0
266162,0
266163,0
266164,0
266165,0
266166,0
266167,0
266168,0
266169,0
266170,0
266171,0
266172,0
266173,0
266174,0
266175,0
266176,0
266177,0
266178,0
266179,0
266180,0
266181,0
266182,0
266183,0
266184,0
266185,0
266186,0
266187,0
266188,0
266189,0
266190,0
266191,0
266192,0
266193,0
266194,0
266195,0
266196,0
266197,0
266198,0
266199,0
266200,0
266201,0
266202,0
266203,0
266204,0
266205,0
266206,0
266207,0
266208,0
266209,0
266210,0
266211,0
266212,0
266213,0
266214,0
266215,0
266216,0
266217,0
266218,0
266219,0
266220,0
266221,0
266222,0
266223,0
266224,0
266225,0
266226,0
266227,0
266228,0
266229,0
266230,0
266231,0
266232,0
266233,0
266234,0
266235,0
266236,0
266237,0
266238,0
266239,0
266240,0
266241,0
266242,0
266243,0
266244,0
266245,0
266246,0
266247,0
266248,0
266249,0
266250,0
266251,0
266252,0
266253,0
266254,0
266255,0
266256,0
266257,0
266258,0
266259,0
266260,0
266261,0
266262,0
266263,0
266264,0
266265,0
266266,0
266267,0
266268,0
266269,0
266270,0
266271,0
266272,0
266273,0
266274,0
266275,0
266276,0
266277,0
266278,0
266279,0
266280,0
266281,0
266282,0
266283,0
266284,0
266285,0
266286,0
266287,0
266288,0
266289,0
266290,0
266291,0
266292,0
266293,0
266294,0
266295,0
266296,0
266297,0
266298,0
266299,0
266300,0
266301,0
266302,0
266303,0
266304,0
266305,0
266306,0
266307,0
266308,0
266309,0
266310,0
266311,0
266312,0
266313,0
266314,0
266315,0
266316,0
266317,0
266318,0
266319,0
266320,0
266321,0
266322,0
266323,0
266324,0
266325,0
266326,0
266327,0
266328,0
266329,0
266330,0
266331,0
266332,0
266333,0
266334,0
266335,0
266336,0
266337,0
266338,0
266339,0
266340,0
266341,0
266342,0
266343,0
266344,0
266345,0
266346,0
266347,0
266348,0
266349,0
266350,0
266351,0
266352,0
266353,0
266354,0
266355,0
266356,0
266357,0
266358,0
266359,0
266360,0
266361,0
266362,0
266363,0
266364,0
266365,0
266366,0
266367,0
266368,0
266369,0
266370,0
266371,0
266372,0
266373,0
266374,0
266375,0
266376,0
266377,0
266378,0
266379,0
266380,0
266381,0
266382,0
266383,0
266384,0
266385,0
266386,0
266387,0
266388,0
266389,0
266390,0
266391,0
266392,0
266393,0
266394,0
266395,0
266396,0
266397,0
266398,0
266399,0
266400,0
266401,0
266402,0
266403,0
266404,0
266405,0
266406,0
266407,0
266408,0
266409,0
266410,0
266411,0
266412,0
266413,0
266414,0
266415,0
266416,0
266417,0
266418,0
266419,0
266420,0
266421,0
266422,0
266423,0
266424,0
266425,0
266426,0
266427,0
266428,0
266429,0
266430,0
266431,0
266432,0
266433,0
266434,0
266435,0
266436,0
266437,0
266438,0
266439,0
266440,0
266441,0
266442,0
266443,0
266444,0
266445,0
266446,0
266447,0
266448,0
266449,0
266450,0
266451,0
266452,0
266453,0
266454,0
266455,0
266456,0
266457,0
266458,0
266459,0
266460,0
266461,0
266462,0
266463,0
266464,0
266465,0
266466,0
266467,0
266468,0
266469,0
266470,0
266471,0
266472,0
266473,0
266474,0
266475,0
266476,0
266477,0
266478,0
266479,0
266480,0
266481,0
266482,0
266483,0
266484,0
266485,0
266486,0
266487,0
266488,0
266489,0
266490,0
266491,0
266492,0
266493,0
266494,0
266495,0
266496,0
266497,0
266498,0
266499,0
266500,0
266501,0
266502,0
266503,0
266504,0
266505,0
266506,0
266507,0
266508,0
266509,0
266510,0
266511,0
266512,0
266513,0
266514,0
266515,0
266516,0
266517,0
266518,0
266519,0
266520,0
266521,0
266522,0
266523,0
266524,0
266525,0
266526,0
266527,0
266528,0
266529,0
266530,0
266531,0
266532,0
266533,0
266534,0
266535,0
266536,0
266537,0
266538,0
266539,0
266540,0
266541,0
266542,0
266543,0
266544,0
266545,0
266546,0
266547,0
266548,0
266549,0
266550,0
266551,0
266552,0
266553,0
266554,0
266555,0
266556,0
266557,0
266558,0
266559,0
266560,0
266561,0
266562,0
266563,0
266564,0
266565,0
266566,0
266567,0
266568,0
266569,0
266570,0
266571,0
266572,0
266573,0
266574,0
266575,0
266576,0
266577,0
266578,0
266579,0
266580,0
266581,0
266582,0
266583,0
266584,0
266585,0
266586,0
266587,0
266588,0
266589,0
266590,0
266591,0
266592,0
266593,0
266594,0
266595,0
266596,0
266597,0
266598,0
266599,0
266600,0
266601,0
266602,0
266603,0
266604,0
266605,0
266606,0
266607,0
266608,0
266609,0
266610,0
266611,0
266612,0
266613,0
266614,0
266615,0
266616,0
266617,0
266618,0
266619,0
266620,0
266621,0
266622,0
266623,0
266624,0
266625,0
266626,0
266627,0
266628,0
266629,0
266630,0
266631,0
266632,0
266633,0
266634,0
266635,0
266636,0
266637,0
266638,0
266639,0
266640,0
266641,0
266642,0
266643,0
266644,0
266645,0
266646,0
266647,0
266648,0
266649,0
266650,0
266651,0
266652,0
266653,0
266654,0
266655,0
266656,0
266657,0
266658,0
266659,0
266660,0
266661,0
266662,0
266663,0
266664,0
266665,0
266666,0
266667,0
266668,0
266669,0
266670,0
266671,0
266672,0
266673,0
266674,0
266675,0
266676,0
266677,0
266678,0
266679,0
266680,0
266681,0
266682,0
266683,0
266684,0
266685,0
266686,0
266687,0
266688,0
266689,0
266690,0
266691,0
266692,0
266693,0
266694,0
266695,0
266696,0
266697,0
266698,0
266699,0
266700,0
266701,0
266702,0
266703,0
266704,0
266705,0
266706,0
266707,0
266708,0
266709,0
266710,0
266711,0
266712,0
266713,0
266714,0
266715,0
266716,0
266717,0
266718,0
266719,0
266720,0
266721,0
266722,0
266723,0
266724,0
266725,0
266726,0
266727,0
266728,0
266729,0
266730,0
266731,0
266732,0
266733,0
266734,0
266735,0
266736,0
266737,0
266738,0
266739,0
266740,0
266741,0
266742,0
266743,0
266744,0
266745,0
266746,0
266747,0
266748,0
266749,0
266750,0
266751,0
266752,0
266753,0
266754,0
266755,0
266756,0
266757,0
266758,0
266759,0
266760,0
266761,0
266762,0
266763,0
266764,0
266765,0
266766,0
266767,0
266768,0
266769,0
266770,0
266771,0
266772,0
266773,0
266774,0
266775,0
266776,0
266777,0
266778,0
266779,0
266780,0
266781,0
266782,0
266783,0
266784,0
266785,0
266786,0
266787,0
266788,0
266789,0
266790,0
266791,0
266792,0
266793,0
266794,0
266795,0
266796,0
266797,0
266798,0
266799,0
266800,0
266801,0
266802,0
266803,0
266804,0
266805,0
266806,0
266807,0
266808,0
266809,0
266810,0
266811,0
266812,0
266813,0
266814,0
266815,0
266816,0
266817,0
266818,0
266819,0
266820,0
266821,0
266822,0
266823,0
266824,0
266825,0
266826,0
266827,0
266828,0
266829,0
266830,0
266831,0
266832,0
266833,0
266834,0
266835,0
266836,0
266837,0
266838,0
266839,0
266840,0
266841,0
266842,0
266843,0
266844,0
266845,0
266846,0
266847,0
266848,0
266849,0
266850,0
266851,0
266852,0
266853,0
266854,0
266855,0
266856,0
266857,0
266858,0
266859,0
266860,0
266861,0
266862,0
266863,0
266864,0
266865,0
266866,0
266867,0
266868,0
266869,0
266870,0
266871,0
266872,0
266873,0
266874,0
266875,0
266876,0
266877,0
266878,0
266879,0
266880,0
266881,0
266882,0
266883,0
266884,0
266885,0
266886,0
266887,0
266888,0
266889,0
266890,0
266891,0
266892,0
266893,0
266894,0
266895,0
266896,0
266897,0
266898,0
266899,0
266900,0
266901,0
266902,0
266903,0
266904,0
266905,0
266906,0
266907,0
266908,0
266909,0
266910,0
266911,0
266912,0
266913,0
266914,0
266915,0
266916,0
266917,0
266918,0
266919,0
266920,0
266921,0
266922,0
266923,0
266924,0
266925,0
266926,0
266927,0
266928,0
266929,0
266930,0
266931,0
266932,0
266933,0
266934,0
266935,0
266936,0
266937,0
266938,0
266939,0
266940,0
266941,0
266942,0
266943,0
266944,0
266945,0
266946,0
266947,0
266948,0
266949,0
266950,0
266951,0
266952,0
266953,0
266954,0
266955,0
266956,0
266957,0
266958,0
266959,0
266960,0
266961,0
266962,0
266963,0
266964,0
266965,0
266966,0
266967,0
266968,0
266969,0
266970,0
266971,0
266972,0
266973,0
266974,0
266975,0
266976,0
266977,0
266978,0
266979,0
266980,0
266981,0
266982,0
266983,0
266984,0
266985,0
266986,0
266987,0
266988,0
266989,0
266990,0
266991,0
266992,0
266993,0
266994,0
266995,0
266996,0
266997,0
266998,0
266999,0
267000,0
267001,0
267002,0
267003,0
267004,0
267005,0
267006,0
267007,0
267008,0
267009,0
267010,0
267011,0
267012,0
267013,0
267014,0
267015,0
267016,0
267017,0
267018,0
267019,0
267020,0
267021,0
267022,0
267023,0
267024,0
267025,0
267026,0
267027,0
267028,0
267029,0
267030,0
267031,0
267032,0
267033,0
267034,0
267035,0
267036,0
267037,0
267038,0
267039,0
267040,0
267041,0
267042,0
267043,0
267044,0
267045,0
267046,0
267047,0
267048,0
267049,0
267050,0
267051,0
267052,0
267053,0
267054,0
267055,0
267056,0
267057,0
267058,0
267059,0
267060,0
267061,0
267062,0
267063,0
267064,0
267065,0
267066,0
267067,0
267068,0
267069,0
267070,0
267071,0
267072,0
267073,0
267074,0
267075,0
267076,0
267077,0
267078,0
267079,0
267080,0
267081,0
267082,0
267083,0
267084,0
267085,0
267086,0
267087,0
267088,0
267089,0
267090,0
267091,0
267092,0
267093,0
267094,0
267095,0
267096,0
267097,0
267098,0
267099,0
267100,0
267101,0
267102,0
267103,0
267104,0
267105,0
267106,0
267107,0
267108,0
267109,0
267110,0
267111,0
267112,0
267113,0
267114,0
267115,0
267116,0
267117,0
267118,0
267119,0
267120,0
267121,0
267122,0
267123,0
267124,0
267125,0
267126,0
267127,0
267128,0
267129,0
267130,0
267131,0
267132,0
267133,0
267134,0
267135,0
267136,0
267137,0
267138,0
267139,0
267140,0
267141,0
267142,0
267143,0
267144,0
267145,0
267146,0
267147,0
267148,0
267149,0
267150,0
267151,0
267152,0
267153,0
267154,0
267155,0
267156,0
267157,0
267158,0
267159,0
267160,0
267161,0
267162,0
267163,0
267164,0
267165,0
267166,0
267167,0
267168,0
267169,0
267170,0
267171,0
267172,0
267173,0
267174,0
267175,0
267176,0
267177,0
267178,0
267179,0
267180,0
267181,0
267182,0
267183,0
267184,0
267185,0
267186,0
267187,0
267188,0
267189,0
267190,0
267191,0
267192,0
267193,0
267194,0
267195,0
267196,0
267197,0
267198,0
267199,0
267200,0
267201,0
267202,0
267203,0
267204,0
267205,0
267206,0
267207,0
267208,0
267209,0
267210,0
267211,0
267212,0
267213,0
267214,0
267215,0
267216,0
267217,0
267218,0
267219,0
267220,0
267221,0
267222,0
267223,0
267224,0
267225,0
267226,0
267227,0
267228,0
267229,0
267230,0
267231,0
267232,0
267233,0
267234,0
267235,0
267236,0
267237,0
267238,0
267239,0
267240,0
267241,0
267242,0
267243,0
267244,0
267245,0
267246,0
267247,0
267248,0
267249,0
267250,0
267251,0
267252,0
267253,0
267254,0
267255,0
267256,0
267257,0
267258,0
267259,0
267260,0
267261,0
267262,0
267263,0
267264,0
267265,0
267266,0
267267,0
267268,0
267269,0
267270,0
267271,0
267272,0
267273,0
267274,0
267275,0
267276,0
267277,0
267278,0
267279,0
267280,0
267281,0
267282,0
267283,0
267284,0
267285,0
267286,0
267287,0
267288,0
267289,0
267290,0
267291,0
267292,0
267293,0
267294,0
267295,0
267296,0
267297,0
267298,0
267299,0
267300,0
267301,0
267302,0
267303,0
267304,0
267305,0
267306,0
267307,0
267308,0
267309,0
267310,0
267311,0
267312,0
267313,0
267314,0
267315,0
267316,0
267317,0
267318,0
267319,0
267320,0
267321,0
267322,0
267323,0
267324,0
267325,0
267326,0
267327,0
267328,0
267329,0
267330,0
267331,0
267332,0
267333,0
267334,0
267335,0
267336,0
267337,0
267338,0
267339,0
267340,0
267341,0
267342,0
267343,0
267344,0
267345,0
267346,0
267347,0
267348,0
267349,0
267350,0
267351,0
267352,0
267353,0
267354,0
267355,0
267356,0
267357,0
267358,0
267359,0
267360,0
267361,0
267362,0
267363,0
267364,0
267365,0
267366,0
267367,0
267368,0
267369,0
267370,0
267371,0
267372,0
267373,0
267374,0
267375,0
267376,0
267377,0
267378,0
267379,0
267380,0
267381,0
267382,0
267383,0
267384,0
267385,0
267386,0
267387,0
267388,0
267389,0
267390,0
267391,0
267392,0
267393,0
267394,0
267395,0
267396,0
267397,0
267398,0
267399,0
267400,0
267401,0
267402,0
267403,0
267404,0
267405,0
267406,0
267407,0
267408,0
267409,0
267410,0
267411,0
267412,0
267413,0
267414,0
267415,0
267416,0
267417,0
267418,0
267419,0
267420,0
267421,0
267422,0
267423,0
267424,0
267425,0
267426,0
267427,0
267428,0
267429,0
267430,0
267431,0
267432,0
267433,0
267434,0
267435,0
267436,0
267437,0
267438,0
267439,0
267440,0
267441,0
267442,0
267443,0
267444,0
267445,0
267446,0
267447,0
267448,0
267449,0
267450,0
267451,0
267452,0
267453,0
267454,0
267455,0
267456,0
267457,0
267458,0
267459,0
267460,0
267461,0
267462,0
267463,0
267464,0
267465,0
267466,0
267467,0
267468,0
267469,0
267470,0
267471,0
267472,0
267473,0
267474,0
267475,0
267476,0
267477,0
267478,0
267479,0
267480,0
267481,0
267482,0
267483,0
267484,0
267485,0
267486,0
267487,0
267488,0
267489,0
267490,0
267491,0
267492,0
267493,0
267494,0
267495,0
267496,0
267497,0
267498,0
267499,0
267500,0
267501,0
267502,0
267503,0
267504,0
267505,0
267506,0
267507,0
267508,0
267509,0
267510,0
267511,0
267512,0
267513,0
267514,0
267515,0
267516,0
267517,0
267518,0
267519,0
267520,0
267521,0
267522,0
267523,0
267524,0
267525,0
267526,0
267527,0
267528,0
267529,0
267530,0
267531,0
267532,0
267533,0
267534,0
267535,0
267536,0
267537,0
267538,0
267539,0
267540,0
267541,0
267542,0
267543,0
267544,0
267545,0
267546,0
267547,0
267548,0
267549,0
267550,0
267551,0
267552,0
267553,0
267554,0
267555,0
267556,0
267557,0
267558,0
267559,0
267560,0
267561,0
267562,0
267563,0
267564,0
267565,0
267566,0
267567,0
267568,0
267569,0
267570,0
267571,0
267572,0
267573,0
267574,0
267575,0
267576,0
267577,0
267578,0
267579,0
267580,0
267581,0
267582,0
267583,0
267584,0
267585,0
267586,0
267587,0
267588,0
267589,0
267590,0
267591,0
267592,0
267593,0
267594,0
267595,0
267596,0
267597,0
267598,0
267599,0
267600,0
267601,0
267602,0
267603,0
267604,0
267605,0
267606,0
267607,0
267608,0
267609,0
267610,0
267611,0
267612,0
267613,0
267614,0
267615,0
267616,0
267617,0
267618,0
267619,0
267620,0
267621,0
267622,0
267623,0
267624,0
267625,0
267626,0
267627,0
267628,0
267629,0
267630,0
267631,0
267632,0
267633,0
267634,0
267635,0
267636,0
267637,0
267638,0
267639,0
267640,0
267641,0
267642,0
267643,0
267644,0
267645,0
267646,0
267647,0
267648,0
267649,0
267650,0
267651,0
267652,0
267653,0
267654,0
267655,0
267656,0
267657,0
267658,0
267659,0
267660,0
267661,0
267662,0
267663,0
267664,0
267665,0
267666,0
267667,0
267668,0
267669,0
267670,0
267671,0
267672,0
267673,0
267674,0
267675,0
267676,0
267677,0
267678,0
267679,0
267680,0
267681,0
267682,0
267683,0
267684,0
267685,0
267686,0
267687,0
267688,0
267689,0
267690,0
267691,0
267692,0
267693,0
267694,0
267695,0
267696,0
267697,0
267698,0
267699,0
267700,0
267701,0
267702,0
267703,0
267704,0
267705,0
267706,0
267707,0
267708,0
267709,0
267710,0
267711,0
267712,0
267713,0
267714,0
267715,0
267716,0
267717,0
267718,0
267719,0
267720,0
267721,0
267722,0
267723,0
267724,0
267725,0
267726,0
267727,0
267728,0
267729,0
267730,0
267731,0
267732,0
267733,0
267734,0
267735,0
267736,0
267737,0
267738,0
267739,0
267740,0
267741,0
267742,0
267743,0
267744,0
267745,0
267746,0
267747,0
267748,0
267749,0
267750,0
267751,0
267752,0
267753,0
267754,0
267755,0
267756,0
267757,0
267758,0
267759,0
267760,0
267761,0
267762,0
267763,0
267764,0
267765,0
267766,0
267767,0
267768,0
267769,0
267770,0
267771,0
267772,0
267773,0
267774,0
267775,0
267776,0
267777,0
267778,0
267779,0
267780,0
267781,0
267782,0
267783,0
267784,0
267785,0
267786,0
267787,0
267788,0
267789,0
267790,0
267791,0
267792,0
267793,0
267794,0
267795,0
267796,0
267797,0
267798,0
267799,0
267800,0
267801,0
267802,0
267803,0
267804,0
267805,0
267806,0
267807,0
267808,0
267809,0
267810,0
267811,0
267812,0
267813,0
267814,0
267815,0
267816,0
267817,0
267818,0
267819,0
267820,0
267821,0
267822,0
267823,0
267824,0
267825,0
267826,0
267827,0
267828,0
267829,0
267830,0
267831,0
267832,0
267833,0
267834,0
267835,0
267836,0
267837,0
267838,0
267839,0
267840,0
267841,0
267842,0
267843,0
267844,0
267845,0
267846,0
267847,0
267848,0
267849,0
267850,0
267851,0
267852,0
267853,0
267854,0
267855,0
267856,0
267857,0
267858,0
267859,0
267860,0
267861,0
267862,0
267863,0
267864,0
267865,0
267866,0
267867,0
267868,0
267869,0
267870,0
267871,0
267872,0
267873,0
267874,0
267875,0
267876,0
267877,0
267878,0
267879,0
267880,0
267881,0
267882,0
267883,0
267884,0
267885,0
267886,0
267887,0
267888,0
267889,0
267890,0
267891,0
267892,0
267893,0
267894,0
267895,0
267896,0
267897,0
267898,0
267899,0
267900,0
267901,0
267902,0
267903,0
267904,0
267905,0
267906,0
267907,0
267908,0
267909,0
267910,0
267911,0
267912,0
267913,0
267914,0
267915,0
267916,0
267917,0
267918,0
267919,0
267920,0
267921,0
267922,0
267923,0
267924,0
267925,0
267926,0
267927,0
267928,0
267929,0
267930,0
267931,0
267932,0
267933,0
267934,0
267935,0
267936,0
267937,0
267938,0
267939,0
267940,0
267941,0
267942,0
267943,0
267944,0
267945,0
267946,0
267947,0
267948,0
267949,0
267950,0
267951,0
267952,0
267953,0
267954,0
267955,0
267956,0
267957,0
267958,0
267959,0
267960,0
267961,0
267962,0
267963,0
267964,0
267965,0
267966,0
267967,0
267968,0
267969,0
267970,0
267971,0
267972,0
267973,0
267974,0
267975,0
267976,0
267977,0
267978,0
267979,0
267980,0
267981,0
267982,0
267983,0
267984,0
267985,0
267986,0
267987,0
267988,0
267989,0
267990,0
267991,0
267992,0
267993,0
267994,0
267995,0
267996,0
267997,0
267998,0
267999,0
268000,0
268001,0
268002,0
268003,0
268004,0
268005,0
268006,0
268007,0
268008,0
268009,0
268010,0
268011,0
268012,0
268013,0
268014,0
268015,0
268016,0
268017,0
268018,0
268019,0
268020,0
268021,0
268022,0
268023,0
268024,0
268025,0
268026,0
268027,0
268028,0
268029,0
268030,0
268031,0
268032,0
268033,0
268034,0
268035,0
268036,0
268037,0
268038,0
268039,0
268040,0
268041,0
268042,0
268043,0
268044,0
268045,0
268046,0
268047,0
268048,0
268049,0
268050,0
268051,0
268052,0
268053,0
268054,0
268055,0
268056,0
268057,0
268058,0
268059,0
268060,0
268061,0
268062,0
268063,0
268064,0
268065,0
268066,0
268067,0
268068,0
268069,0
268070,0
268071,0
268072,0
268073,0
268074,0
268075,0
268076,0
268077,0
268078,0
268079,0
268080,0
268081,0
268082,0
268083,0
268084,0
268085,0
268086,0
268087,0
268088,0
268089,0
268090,0
268091,0
268092,0
268093,0
268094,0
268095,0
268096,0
268097,0
268098,0
268099,0
268100,0
268101,0
268102,0
268103,0
268104,0
268105,0
268106,0
268107,0
268108,0
268109,0
268110,0
268111,0
268112,0
268113,0
268114,0
268115,0
268116,0
268117,0
268118,0
268119,0
268120,0
268121,0
268122,0
268123,0
268124,0
268125,0
268126,0
268127,0
268128,0
268129,0
268130,0
268131,0
268132,0
268133,0
268134,0
268135,0
268136,0
268137,0
268138,0
268139,0
268140,0
268141,0
268142,0
268143,0
268144,0
268145,0
268146,0
268147,0
268148,0
268149,0
268150,0
268151,0
268152,0
268153,0
268154,0
268155,0
268156,0
268157,0
268158,0
268159,0
268160,0
268161,0
268162,0
268163,0
268164,0
268165,0
268166,0
268167,0
268168,0
268169,0
268170,0
268171,0
268172,0
268173,0
268174,0
268175,0
268176,0
268177,0
268178,0
268179,0
268180,0
268181,0
268182,0
268183,0
268184,0
268185,0
268186,0
268187,0
268188,0
268189,0
268190,0
268191,0
268192,0
268193,0
268194,0
268195,0
268196,0
268197,0
268198,0
268199,0
268200,0
268201,0
268202,0
268203,0
268204,0
268205,0
268206,0
268207,0
268208,0
268209,0
268210,0
268211,0
268212,0
268213,0
268214,0
268215,0
268216,0
268217,0
268218,0
268219,0
268220,0
268221,0
268222,0
268223,0
268224,0
268225,0
268226,0
268227,0
268228,0
268229,0
268230,0
268231,0
268232,0
268233,0
268234,0
268235,0
268236,0
268237,0
268238,0
268239,0
268240,0
268241,0
268242,0
268243,0
268244,0
268245,0
268246,0
268247,0
268248,0
268249,0
268250,0
268251,0
268252,0
268253,0
268254,0
268255,0
268256,0
268257,0
268258,0
268259,0
268260,0
268261,0
268262,0
268263,0
268264,0
268265,0
268266,0
268267,0
268268,0
268269,0
268270,0
268271,0
268272,0
268273,0
268274,0
268275,0
268276,0
268277,0
268278,0
268279,0
268280,0
268281,0
268282,0
268283,0
268284,0
268285,0
268286,0
268287,0
268288,0
268289,0
268290,0
268291,0
268292,0
268293,0
268294,0
268295,0
268296,0
268297,0
268298,0
268299,0
268300,0
268301,0
268302,0
268303,0
268304,0
268305,0
268306,0
268307,0
268308,0
268309,0
268310,0
268311,0
268312,0
268313,0
268314,0
268315,0
268316,0
268317,0
268318,0
268319,0
268320,0
268321,0
268322,0
268323,0
268324,0
268325,0
268326,0
268327,0
268328,0
268329,0
268330,0
268331,0
268332,0
268333,0
268334,0
268335,0
268336,0
268337,0
268338,0
268339,0
268340,0
268341,0
268342,0
268343,0
268344,0
268345,0
268346,0
268347,0
268348,0
268349,0
268350,0
268351,0
268352,0
268353,0
268354,0
268355,0
268356,0
268357,0
268358,0
268359,0
268360,0
268361,0
268362,0
268363,0
268364,0
268365,0
268366,0
268367,0
268368,0
268369,0
268370,0
268371,0
268372,0
268373,0
268374,0
268375,0
268376,0
268377,0
268378,0
268379,0
268380,0
268381,0
268382,0
268383,0
268384,0
268385,0
268386,0
268387,0
268388,0
268389,0
268390,0
268391,0
268392,0
268393,0
268394,0
268395,0
268396,0
268397,0
268398,0
268399,0
268400,0
268401,0
268402,0
268403,0
268404,0
268405,0
268406,0
268407,0
268408,0
268409,0
268410,0
268411,0
268412,0
268413,0
268414,0
268415,0
268416,0
268417,0
268418,0
268419,0
268420,0
268421,0
268422,0
268423,0
268424,0
268425,0
268426,0
268427,0
268428,0
268429,0
268430,0
268431,0
268432,0
268433,0
268434,0
268435,0
268436,0
268437,0
268438,0
268439,0
268440,0
268441,0
268442,0
268443,0
268444,0
268445,0
268446,0
268447,0
268448,0
268449,0
268450,0
268451,0
268452,0
268453,0
268454,0
268455,0
268456,0
268457,0
268458,0
268459,0
268460,0
268461,0
268462,0
268463,0
268464,0
268465,0
268466,0
268467,0
268468,0
268469,0
268470,0
268471,0
268472,0
268473,0
268474,0
268475,0
268476,0
268477,0
268478,0
268479,0
268480,0
268481,0
268482,0
268483,0
268484,0
268485,0
268486,0
268487,0
268488,0
268489,0
268490,0
268491,0
268492,0
268493,0
268494,0
268495,0
268496,0
268497,0
268498,0
268499,0
268500,0
268501,0
268502,0
268503,0
268504,0
268505,0
268506,0
268507,0
268508,0
268509,0
268510,0
268511,0
268512,0
268513,0
268514,0
268515,0
268516,0
268517,0
268518,0
268519,0
268520,0
268521,0
268522,0
268523,0
268524,0
268525,0
268526,0
268527,0
268528,0
268529,0
268530,0
268531,0
268532,0
268533,0
268534,0
268535,0
268536,0
268537,0
268538,0
268539,0
268540,0
268541,0
268542,0
268543,0
268544,0
268545,0
268546,0
268547,0
268548,0
268549,0
268550,0
268551,0
268552,0
268553,0
268554,0
268555,0
268556,0
268557,0
268558,0
268559,0
268560,0
268561,0
268562,0
268563,0
268564,0
268565,0
268566,0
268567,0
268568,0
268569,0
268570,0
268571,0
268572,0
268573,0
268574,0
268575,0
268576,0
268577,0
268578,0
268579,0
268580,0
268581,0
268582,0
268583,0
268584,0
268585,0
268586,0
268587,0
268588,0
268589,0
268590,0
268591,0
268592,0
268593,0
268594,0
268595,0
268596,0
268597,0
268598,0
268599,0
268600,0
268601,0
268602,0
268603,0
268604,0
268605,0
268606,0
268607,0
268608,0
268609,0
268610,0
268611,0
268612,0
268613,0
268614,0
268615,0
268616,0
268617,0
268618,0
268619,0
268620,0
268621,0
268622,0
268623,0
268624,0
268625,0
268626,0
268627,0
268628,0
268629,0
268630,0
268631,0
268632,0
268633,0
268634,0
268635,0
268636,0
268637,0
268638,0
268639,0
268640,0
268641,0
268642,0
268643,0
268644,0
268645,0
268646,0
268647,0
268648,0
268649,0
268650,0
268651,0
268652,0
268653,0
268654,0
268655,0
268656,0
268657,0
268658,0
268659,0
268660,0
268661,0
268662,0
268663,0
268664,0
268665,0
268666,0
268667,0
268668,0
268669,0
268670,0
268671,0
268672,0
268673,0
268674,0
268675,0
268676,0
268677,0
268678,0
268679,0
268680,0
268681,0
268682,0
268683,0
268684,0
268685,0
268686,0
268687,0
268688,0
268689,0
268690,0
268691,0
268692,0
268693,0
268694,0
268695,0
268696,0
268697,0
268698,0
268699,0
268700,0
268701,0
268702,0
268703,0
268704,0
268705,0
268706,0
268707,0
268708,0
268709,0
268710,0
268711,0
268712,0
268713,0
268714,0
268715,0
268716,0
268717,0
268718,0
268719,0
268720,0
268721,0
268722,0
268723,0
268724,0
268725,0
268726,0
268727,0
268728,0
268729,0
268730,0
268731,0
268732,0
268733,0
268734,0
268735,0
268736,0
268737,0
268738,0
268739,0
268740,0
268741,0
268742,0
268743,0
268744,0
268745,0
268746,0
268747,0
268748,0
268749,0
268750,0
268751,0
268752,0
268753,0
268754,0
268755,0
268756,0
268757,0
268758,0
268759,0
268760,0
268761,0
268762,0
268763,0
268764,0
268765,0
268766,0
268767,0
268768,0
268769,0
268770,0
268771,0
268772,0
268773,0
268774,0
268775,0
268776,0
268777,0
268778,0
268779,0
268780,0
268781,0
268782,0
268783,0
268784,0
268785,0
268786,0
268787,0
268788,0
268789,0
268790,0
268791,0
268792,0
268793,0
268794,0
268795,0
268796,0
268797,0
268798,0
268799,0
268800,0
268801,0
268802,0
268803,0
268804,0
268805,0
268806,0
268807,0
268808,0
268809,0
268810,0
268811,0
268812,0
268813,0
268814,0
268815,0
268816,0
268817,0
268818,0
268819,0
268820,0
268821,0
268822,0
268823,0
268824,0
268825,0
268826,0
268827,0
268828,0
268829,0
268830,0
268831,0
268832,0
268833,0
268834,0
268835,0
268836,0
268837,0
268838,0
268839,0
268840,0
268841,0
268842,0
268843,0
268844,0
268845,0
268846,0
268847,0
268848,0
268849,0
268850,0
268851,0
268852,0
268853,0
268854,0
268855,0
268856,0
268857,0
268858,0
268859,0
268860,0
268861,0
268862,0
268863,0
268864,0
268865,0
268866,0
268867,0
268868,0
268869,0
268870,0
268871,0
268872,0
268873,0
268874,0
268875,0
268876,0
268877,0
268878,0
268879,0
268880,0
268881,0
268882,0
268883,0
268884,0
268885,0
268886,0
268887,0
268888,0
268889,0
268890,0
268891,0
268892,0
268893,0
268894,0
268895,0
268896,0
268897,0
268898,0
268899,0
268900,0
268901,0
268902,0
268903,0
268904,0
268905,0
268906,0
268907,0
268908,0
268909,0
268910,0
268911,0
268912,0
268913,0
268914,0
268915,0
268916,0
268917,0
268918,0
268919,0
268920,0
268921,0
268922,0
268923,0
268924,0
268925,0
268926,0
268927,0
268928,0
268929,0
268930,0
268931,0
268932,0
268933,0
268934,0
268935,0
268936,0
268937,0
268938,0
268939,0
268940,0
268941,0
268942,0
268943,0
268944,0
268945,0
268946,0
268947,0
268948,0
268949,0
268950,0
268951,0
268952,0
268953,0
268954,0
268955,0
268956,0
268957,0
268958,0
268959,0
268960,0
268961,0
268962,0
268963,0
268964,0
268965,0
268966,0
268967,0
268968,0
268969,0
268970,0
268971,0
268972,0
268973,0
268974,0
268975,0
268976,0
268977,0
268978,0
268979,0
268980,0
268981,0
268982,0
268983,0
268984,0
268985,0
268986,0
268987,0
268988,0
268989,0
268990,0
268991,0
268992,0
268993,0
268994,0
268995,0
268996,0
268997,0
268998,0
268999,0
269000,0
269001,0
269002,0
269003,0
269004,0
269005,0
269006,0
269007,0
269008,0
269009,0
269010,0
269011,0
269012,0
269013,0
269014,0
269015,0
269016,0
269017,0
269018,0
269019,0
269020,0
269021,0
269022,0
269023,0
269024,0
269025,0
269026,0
269027,0
269028,0
269029,0
269030,0
269031,0
269032,0
269033,0
269034,0
269035,0
269036,0
269037,0
269038,0
269039,0
269040,0
269041,0
269042,0
269043,0
269044,0
269045,0
269046,0
269047,0
269048,0
269049,0
269050,0
269051,0
269052,0
269053,0
269054,0
269055,0
269056,0
269057,0
269058,0
269059,0
269060,0
269061,0
269062,0
269063,0
269064,0
269065,0
269066,0
269067,0
269068,0
269069,0
269070,0
269071,0
269072,0
269073,0
269074,0
269075,0
269076,0
269077,0
269078,0
269079,0
269080,0
269081,0
269082,0
269083,0
269084,0
269085,0
269086,0
269087,0
269088,0
269089,0
269090,0
269091,0
269092,0
269093,0
269094,0
269095,0
269096,0
269097,0
269098,0
269099,0
269100,0
269101,0
269102,0
269103,0
269104,0
269105,0
269106,0
269107,0
269108,0
269109,0
269110,0
269111,0
269112,0
269113,0
269114,0
269115,0
269116,0
269117,0
269118,0
269119,0
269120,0
269121,0
269122,0
269123,0
269124,0
269125,0
269126,0
269127,0
269128,0
269129,0
269130,0
269131,0
269132,0
269133,0
269134,0
269135,0
269136,0
269137,0
269138,0
269139,0
269140,0
269141,0
269142,0
269143,0
269144,0
269145,0
269146,0
269147,0
269148,0
269149,0
269150,0
269151,0
269152,0
269153,0
269154,0
269155,0
269156,0
269157,0
269158,0
269159,0
269160,0
269161,0
269162,0
269163,0
269164,0
269165,0
269166,0
269167,0
269168,0
269169,0
269170,0
269171,0
269172,0
269173,0
269174,0
269175,0
269176,0
269177,0
269178,0
269179,0
269180,0
269181,0
269182,0
269183,0
269184,0
269185,0
269186,0
269187,0
269188,0
269189,0
269190,0
269191,0
269192,0
269193,0
269194,0
269195,0
269196,0
269197,0
269198,0
269199,0
269200,0
269201,0
269202,0
269203,0
269204,0
269205,0
269206,0
269207,0
269208,0
269209,0
269210,0
269211,0
269212,0
269213,0
269214,0
269215,0
269216,0
269217,0
269218,0
269219,0
269220,0
269221,0
269222,0
269223,0
269224,0
269225,0
269226,0
269227,0
269228,0
269229,0
269230,0
269231,0
269232,0
269233,0
269234,0
269235,0
269236,0
269237,0
269238,0
269239,0
269240,0
269241,0
269242,0
269243,0
269244,0
269245,0
269246,0
269247,0
269248,0
269249,0
269250,0
269251,0
269252,0
269253,0
269254,0
269255,0
269256,0
269257,0
269258,0
269259,0
269260,0
269261,0
269262,0
269263,0
269264,0
269265,0
269266,0
269267,0
269268,0
269269,0
269270,0
269271,0
269272,0
269273,0
269274,0
269275,0
269276,0
269277,0
269278,0
269279,0
269280,0
269281,0
269282,0
269283,0
269284,0
269285,0
269286,0
269287,0
269288,0
269289,0
269290,0
269291,0
269292,0
269293,0
269294,0
269295,0
269296,0
269297,0
269298,0
269299,0
269300,0
269301,0
269302,0
269303,0
269304,0
269305,0
269306,0
269307,0
269308,0
269309,0
269310,0
269311,0
269312,0
269313,0
269314,0
269315,0
269316,0
269317,0
269318,0
269319,0
269320,0
269321,0
269322,0
269323,0
269324,0
269325,0
269326,0
269327,0
269328,0
269329,0
269330,0
269331,0
269332,0
269333,0
269334,0
269335,0
269336,0
269337,0
269338,0
269339,0
269340,0
269341,0
269342,0
269343,0
269344,0
269345,0
269346,0
269347,0
269348,0
269349,0
269350,0
269351,0
269352,0
269353,0
269354,0
269355,0
269356,0
269357,0
269358,0
269359,0
269360,0
269361,0
269362,0
269363,0
269364,0
269365,0
269366,0
269367,0
269368,0
269369,0
269370,0
269371,0
269372,0
269373,0
269374,0
269375,0
269376,0
269377,0
269378,0
269379,0
269380,0
269381,0
269382,0
269383,0
269384,0
269385,0
269386,0
269387,0
269388,0
269389,0
269390,0
269391,0
269392,0
269393,0
269394,0
269395,0
269396,0
269397,0
269398,0
269399,0
269400,0
269401,0
269402,0
269403,0
269404,0
269405,0
269406,0
269407,0
269408,0
269409,0
269410,0
269411,0
269412,0
269413,0
269414,0
269415,0
269416,0
269417,0
269418,0
269419,0
269420,0
269421,0
269422,0
269423,0
269424,0
269425,0
269426,0
269427,0
269428,0
269429,0
269430,0
269431,0
269432,0
269433,0
269434,0
269435,0
269436,0
269437,0
269438,0
269439,0
269440,0
269441,0
269442,0
269443,0
269444,0
269445,0
269446,0
269447,0
269448,0
269449,0
269450,0
269451,0
269452,0
269453,0
269454,0
269455,0
269456,0
269457,0
269458,0
269459,0
269460,0
269461,0
269462,0
269463,0
269464,0
269465,0
269466,0
269467,0
269468,0
269469,0
269470,0
269471,0
269472,0
269473,0
269474,0
269475,0
269476,0
269477,0
269478,0
269479,0
269480,0
269481,0
269482,0
269483,0
269484,0
269485,0
269486,0
269487,0
269488,0
269489,0
269490,0
269491,0
269492,0
269493,0
269494,0
269495,0
269496,0
269497,0
269498,0
269499,0
269500,0
269501,0
269502,0
269503,0
269504,0
269505,0
269506,0
269507,0
269508,0
269509,0
269510,0
269511,0
269512,0
269513,0
269514,0
269515,0
269516,0
269517,0
269518,0
269519,0
269520,0
269521,0
269522,0
269523,0
269524,0
269525,0
269526,0
269527,0
269528,0
269529,0
269530,0
269531,0
269532,0
269533,0
269534,0
269535,0
269536,0
269537,0
269538,0
269539,0
269540,0
269541,0
269542,0
269543,0
269544,0
269545,0
269546,0
269547,0
269548,0
269549,0
269550,0
269551,0
269552,0
269553,0
269554,0
269555,0
269556,0
269557,0
269558,0
269559,0
269560,0
269561,0
269562,0
269563,0
269564,0
269565,0
269566,0
269567,0
269568,0
269569,0
269570,0
269571,0
269572,0
269573,0
269574,0
269575,0
269576,0
269577,0
269578,0
269579,0
269580,0
269581,0
269582,0
269583,0
269584,0
269585,0
269586,0
269587,0
269588,0
269589,0
269590,0
269591,0
269592,0
269593,0
269594,0
269595,0
269596,0
269597,0
269598,0
269599,0
269600,0
269601,0
269602,0
269603,0
269604,0
269605,0
269606,0
269607,0
269608,0
269609,0
269610,0
269611,0
269612,0
269613,0
269614,0
269615,0
269616,0
269617,0
269618,0
269619,0
269620,0
269621,0
269622,0
269623,0
269624,0
269625,0
269626,0
269627,0
269628,0
269629,0
269630,0
269631,0
269632,0
269633,0
269634,0
269635,0
269636,0
269637,0
269638,0
269639,0
269640,0
269641,0
269642,0
269643,0
269644,0
269645,0
269646,0
269647,0
269648,0
269649,0
269650,0
269651,0
269652,0
269653,0
269654,0
269655,0
269656,0
269657,0
269658,0
269659,0
269660,0
269661,0
269662,0
269663,0
269664,0
269665,0
269666,0
269667,0
269668,0
269669,0
269670,0
269671,0
269672,0
269673,0
269674,0
269675,0
269676,0
269677,0
269678,0
269679,0
269680,0
269681,0
269682,0
269683,0
269684,0
269685,0
269686,0
269687,0
269688,0
269689,0
269690,0
269691,0
269692,0
269693,0
269694,0
269695,0
269696,0
269697,0
269698,0
269699,0
269700,0
269701,0
269702,0
269703,0
269704,0
269705,0
269706,0
269707,0
269708,0
269709,0
269710,0
269711,0
269712,0
269713,0
269714,0
269715,0
269716,0
269717,0
269718,0
269719,0
269720,0
269721,0
269722,0
269723,0
269724,0
269725,0
269726,0
269727,0
269728,0
269729,0
269730,0
269731,0
269732,0
269733,0
269734,0
269735,0
269736,0
269737,0
269738,0
269739,0
269740,0
269741,0
269742,0
269743,0
269744,0
269745,0
269746,0
269747,0
269748,0
269749,0
269750,0
269751,0
269752,0
269753,0
269754,0
269755,0
269756,0
269757,0
269758,0
269759,0
269760,0
269761,0
269762,0
269763,0
269764,0
269765,0
269766,0
269767,0
269768,0
269769,0
269770,0
269771,0
269772,0
269773,0
269774,0
269775,0
269776,0
269777,0
269778,0
269779,0
269780,0
269781,0
269782,0
269783,0
269784,0
269785,0
269786,0
269787,0
269788,0
269789,0
269790,0
269791,0
269792,0
269793,0
269794,0
269795,0
269796,0
269797,0
269798,0
269799,0
269800,0
269801,0
269802,0
269803,0
269804,0
269805,0
269806,0
269807,0
269808,0
269809,0
269810,0
269811,0
269812,0
269813,0
269814,0
269815,0
269816,0
269817,0
269818,0
269819,0
269820,0
269821,0
269822,0
269823,0
269824,0
269825,0
269826,0
269827,0
269828,0
269829,0
269830,0
269831,0
269832,0
269833,0
269834,0
269835,0
269836,0
269837,0
269838,0
269839,0
269840,0
269841,0
269842,0
269843,0
269844,0
269845,0
269846,0
269847,0
269848,0
269849,0
269850,0
269851,0
269852,0
269853,0
269854,0
269855,0
269856,0
269857,0
269858,0
269859,0
269860,0
269861,0
269862,0
269863,0
269864,0
269865,0
269866,0
269867,0
269868,0
269869,0
269870,0
269871,0
269872,0
269873,0
269874,0
269875,0
269876,0
269877,0
269878,0
269879,0
269880,0
269881,0
269882,0
269883,0
269884,0
269885,0
269886,0
269887,0
269888,0
269889,0
269890,0
269891,0
269892,0
269893,0
269894,0
269895,0
269896,0
269897,0
269898,0
269899,0
269900,0
269901,0
269902,0
269903,0
269904,0
269905,0
269906,0
269907,0
269908,0
269909,0
269910,0
269911,0
269912,0
269913,0
269914,0
269915,0
269916,0
269917,0
269918,0
269919,0
269920,0
269921,0
269922,0
269923,0
269924,0
269925,0
269926,0
269927,0
269928,0
269929,0
269930,0
269931,0
269932,0
269933,0
269934,0
269935,0
269936,0
269937,0
269938,0
269939,0
269940,0
269941,0
269942,0
269943,0
269944,0
269945,0
269946,0
269947,0
269948,0
269949,0
269950,0
269951,0
269952,0
269953,0
269954,0
269955,0
269956,0
269957,0
269958,0
269959,0
269960,0
269961,0
269962,0
269963,0
269964,0
269965,0
269966,0
269967,0
269968,0
269969,0
269970,0
269971,0
269972,0
269973,0
269974,0
269975,0
269976,0
269977,0
269978,0
269979,0
269980,0
269981,0
269982,0
269983,0
269984,0
269985,0
269986,0
269987,0
269988,0
269989,0
269990,0
269991,0
269992,0
269993,0
269994,0
269995,0
269996,0
269997,0
269998,0
269999,0
270000,0
270001,0
270002,0
270003,0
270004,0
270005,0
270006,0
270007,0
270008,0
270009,0
270010,0
270011,0
270012,0
270013,0
270014,0
270015,0
270016,0
270017,0
270018,0
270019,0
270020,0
270021,0
270022,0
270023,0
270024,0
270025,0
270026,0
270027,0
270028,0
270029,0
270030,0
270031,0
270032,0
270033,0
270034,0
270035,0
270036,0
270037,0
270038,0
270039,0
270040,0
270041,0
270042,0
270043,0
270044,0
270045,0
270046,0
270047,0
270048,0
270049,0
270050,0
270051,0
270052,0
270053,0
270054,0
270055,0
270056,0
270057,0
270058,0
270059,0
270060,0
270061,0
270062,0
270063,0
270064,0
270065,0
270066,0
270067,0
270068,0
270069,0
270070,0
270071,0
270072,0
270073,0
270074,0
270075,0
270076,0
270077,0
270078,0
270079,0
270080,0
270081,0
270082,0
270083,0
270084,0
270085,0
270086,0
270087,0
270088,0
270089,0
270090,0
270091,0
270092,0
270093,0
270094,0
270095,0
270096,0
270097,0
270098,0
270099,0
270100,0
270101,0
270102,0
270103,0
270104,0
270105,0
270106,0
270107,0
270108,0
270109,0
270110,0
270111,0
270112,0
270113,0
270114,0
270115,0
270116,0
270117,0
270118,0
270119,0
270120,0
270121,0
270122,0
270123,0
270124,0
270125,0
270126,0
270127,0
270128,0
270129,0
270130,0
270131,0
270132,0
270133,0
270134,0
270135,0
270136,0
270137,0
270138,0
270139,0
270140,0
270141,0
270142,0
270143,0
270144,0
270145,0
270146,0
270147,0
270148,0
270149,0
270150,0
270151,0
270152,0
270153,0
270154,0
270155,0
270156,0
270157,0
270158,0
270159,0
270160,0
270161,0
270162,0
270163,0
270164,0
270165,0
270166,0
270167,0
270168,0
270169,0
270170,0
270171,0
270172,0
270173,0
270174,0
270175,0
270176,0
270177,0
270178,0
270179,0
270180,0
270181,0
270182,0
270183,0
270184,0
270185,0
270186,0
270187,0
270188,0
270189,0
270190,0
270191,0
270192,0
270193,0
270194,0
270195,0
270196,0
270197,0
270198,0
270199,0
270200,0
270201,0
270202,0
270203,0
270204,0
270205,0
270206,0
270207,0
270208,0
270209,0
270210,0
270211,0
270212,0
270213,0
270214,0
270215,0
270216,0
270217,0
270218,0
270219,0
270220,0
270221,0
270222,0
270223,0
270224,0
270225,0
270226,0
270227,0
270228,0
270229,0
270230,0
270231,0
270232,0
270233,0
270234,0
270235,0
270236,0
270237,0
270238,0
270239,0
270240,0
270241,0
270242,0
270243,0
270244,0
270245,0
270246,0
270247,0
270248,0
270249,0
270250,0
270251,0
270252,0
270253,0
270254,0
270255,0
270256,0
270257,0
270258,0
270259,0
270260,0
270261,0
270262,0
270263,0
270264,0
270265,0
270266,0
270267,0
270268,0
270269,0
270270,0
270271,0
270272,0
270273,0
270274,0
270275,0
270276,0
270277,0
270278,0
270279,0
270280,0
270281,0
270282,0
270283,0
270284,0
270285,0
270286,0
270287,0
270288,0
270289,0
270290,0
270291,0
270292,0
270293,0
270294,0
270295,0
270296,0
270297,0
270298,0
270299,0
270300,0
270301,0
270302,0
270303,0
270304,0
270305,0
270306,0
270307,0
270308,0
270309,0
270310,0
270311,0
270312,0
270313,0
270314,0
270315,0
270316,0
270317,0
270318,0
270319,0
270320,0
270321,0
270322,0
270323,0
270324,0
270325,0
270326,0
270327,0
270328,0
270329,0
270330,0
270331,0
270332,0
270333,0
270334,0
270335,0
270336,0
270337,0
270338,0
270339,0
270340,0
270341,0
270342,0
270343,0
270344,0
270345,0
270346,0
270347,0
270348,0
270349,0
270350,0
270351,0
270352,0
270353,0
270354,0
270355,0
270356,0
270357,0
270358,0
270359,0
270360,0
270361,0
270362,0
270363,0
270364,0
270365,0
270366,0
270367,0
270368,0
270369,0
270370,0
270371,0
270372,0
270373,0
270374,0
270375,0
270376,0
270377,0
270378,0
270379,0
270380,0
270381,0
270382,0
270383,0
270384,0
270385,0
270386,0
270387,0
270388,0
270389,0
270390,0
270391,0
270392,0
270393,0
270394,0
270395,0
270396,0
270397,0
270398,0
270399,0
270400,0
270401,0
270402,0
270403,0
270404,0
270405,0
270406,0
270407,0
270408,0
270409,0
270410,0
270411,0
270412,0
270413,0
270414,0
270415,0
270416,0
270417,0
270418,0
270419,0
270420,0
270421,0
270422,0
270423,0
270424,0
270425,0
270426,0
270427,0
270428,0
270429,0
270430,0
270431,0
270432,0
270433,0
270434,0
270435,0
270436,0
270437,0
270438,0
270439,0
270440,0
270441,0
270442,0
270443,0
270444,0
270445,0
270446,0
270447,0
270448,0
270449,0
270450,0
270451,0
270452,0
270453,0
270454,0
270455,0
270456,0
270457,0
270458,0
270459,0
270460,0
270461,0
270462,0
270463,0
270464,0
270465,0
270466,0
270467,0
270468,0
270469,0
270470,0
270471,0
270472,0
270473,0
270474,0
270475,0
270476,0
270477,0
270478,0
270479,0
270480,0
270481,0
270482,0
270483,0
270484,0
270485,0
270486,0
270487,0
270488,0
270489,0
270490,0
270491,0
270492,0
270493,0
270494,0
270495,0
270496,0
270497,0
270498,0
270499,0
270500,0
270501,0
270502,0
270503,0
270504,0
270505,0
270506,0
270507,0
270508,0
270509,0
270510,0
270511,0
270512,0
270513,0
270514,0
270515,0
270516,0
270517,0
270518,0
270519,0
270520,0
270521,0
270522,0
270523,0
270524,0
270525,0
270526,0
270527,0
270528,0
270529,0
270530,0
270531,0
270532,0
270533,0
270534,0
270535,0
270536,0
270537,0
270538,0
270539,0
270540,0
270541,0
270542,0
270543,0
270544,0
270545,0
270546,0
270547,0
270548,0
270549,0
270550,0
270551,0
270552,0
270553,0
270554,0
270555,0
270556,0
270557,0
270558,0
270559,0
270560,0
270561,0
270562,0
270563,0
270564,0
270565,0
270566,0
270567,0
270568,0
270569,0
270570,0
270571,0
270572,0
270573,0
270574,0
270575,0
270576,0
270577,0
270578,0
270579,0
270580,0
270581,0
270582,0
270583,0
270584,0
270585,0
270586,0
270587,0
270588,0
270589,0
270590,0
270591,0
270592,0
270593,0
270594,0
270595,0
270596,0
270597,0
270598,0
270599,0
270600,0
270601,0
270602,0
270603,0
270604,0
270605,0
270606,0
270607,0
270608,0
270609,0
270610,0
270611,0
270612,0
270613,0
270614,0
270615,0
270616,0
270617,0
270618,0
270619,0
270620,0
270621,0
270622,0
270623,0
270624,0
270625,0
270626,0
270627,0
270628,0
270629,0
270630,0
270631,0
270632,0
270633,0
270634,0
270635,0
270636,0
270637,0
270638,0
270639,0
270640,0
270641,0
270642,0
270643,0
270644,0
270645,0
270646,0
270647,0
270648,0
270649,0
270650,0
270651,0
270652,0
270653,0
270654,0
270655,0
270656,0
270657,0
270658,0
270659,0
270660,0
270661,0
270662,0
270663,0
270664,0
270665,0
270666,0
270667,0
270668,0
270669,0
270670,0
270671,0
270672,0
270673,0
270674,0
270675,0
270676,0
270677,0
270678,0
270679,0
270680,0
270681,0
270682,0
270683,0
270684,0
270685,0
270686,0
270687,0
270688,0
270689,0
270690,0
270691,0
270692,0
270693,0
270694,0
270695,0
270696,0
270697,0
270698,0
270699,0
270700,0
270701,0
270702,0
270703,0
270704,0
270705,0
270706,0
270707,0
270708,0
270709,0
270710,0
270711,0
270712,0
270713,0
270714,0
270715,0
270716,0
270717,0
270718,0
270719,0
270720,0
270721,0
270722,0
270723,0
270724,0
270725,0
270726,0
270727,0
270728,0
270729,0
270730,0
270731,0
270732,0
270733,0
270734,0
270735,0
270736,0
270737,0
270738,0
270739,0
270740,0
270741,0
270742,0
270743,0
270744,0
270745,0
270746,0
270747,0
270748,0
270749,0
270750,0
270751,0
270752,0
270753,0
270754,0
270755,0
270756,0
270757,0
270758,0
270759,0
270760,0
270761,0
270762,0
270763,0
270764,0
270765,0
270766,0
270767,0
270768,0
270769,0
270770,0
270771,0
270772,0
270773,0
270774,0
270775,0
270776,0
270777,0
270778,0
270779,0
270780,0
270781,0
270782,0
270783,0
270784,0
270785,0
270786,0
270787,0
270788,0
270789,0
270790,0
270791,0
270792,0
270793,0
270794,0
270795,0
270796,0
270797,0
270798,0
270799,0
270800,0
270801,0
270802,0
270803,0
270804,0
270805,0
270806,0
270807,0
270808,0
270809,0
270810,0
270811,0
270812,0
270813,0
270814,0
270815,0
270816,0
270817,0
270818,0
270819,0
270820,0
270821,0
270822,0
270823,0
270824,0
270825,0
270826,0
270827,0
270828,0
270829,0
270830,0
270831,0
270832,0
270833,0
270834,0
270835,0
270836,0
270837,0
270838,0
270839,0
270840,0
270841,0
270842,0
270843,0
270844,0
270845,0
270846,0
270847,0
270848,0
270849,0
270850,0
270851,0
270852,0
270853,0
270854,0
270855,0
270856,0
270857,0
270858,0
270859,0
270860,0
270861,0
270862,0
270863,0
270864,0
270865,0
270866,0
270867,0
270868,0
270869,0
270870,0
270871,0
270872,0
270873,0
270874,0
270875,0
270876,0
270877,0
270878,0
270879,0
270880,0
270881,0
270882,0
270883,0
270884,0
270885,0
270886,0
270887,0
270888,0
270889,0
270890,0
270891,0
270892,0
270893,0
270894,0
270895,0
270896,0
270897,0
270898,0
270899,0
270900,0
270901,0
270902,0
270903,0
270904,0
270905,0
270906,0
270907,0
270908,0
270909,0
270910,0
270911,0
270912,0
270913,0
270914,0
270915,0
270916,0
270917,0
270918,0
270919,0
270920,0
270921,0
270922,0
270923,0
270924,0
270925,0
270926,0
270927,0
270928,0
270929,0
270930,0
270931,0
270932,0
270933,0
270934,0
270935,0
270936,0
270937,0
270938,0
270939,0
270940,0
270941,0
270942,0
270943,0
270944,0
270945,0
270946,0
270947,0
270948,0
270949,0
270950,0
270951,0
270952,0
270953,0
270954,0
270955,0
270956,0
270957,0
270958,0
270959,0
270960,0
270961,0
270962,0
270963,0
270964,0
270965,0
270966,0
270967,0
270968,0
270969,0
270970,0
270971,0
270972,0
270973,0
270974,0
270975,0
270976,0
270977,0
270978,0
270979,0
270980,0
270981,0
270982,0
270983,0
270984,0
270985,0
270986,0
270987,0
270988,0
270989,0
270990,0
270991,0
270992,0
270993,0
270994,0
270995,0
270996,0
270997,0
270998,0
270999,0
271000,0
271001,0
271002,0
271003,0
271004,0
271005,0
271006,0
271007,0
271008,0
271009,0
271010,0
271011,0
271012,0
271013,0
271014,0
271015,0
271016,0
271017,0
271018,0
271019,0
271020,0
271021,0
271022,0
271023,0
271024,0
271025,0
271026,0
271027,0
271028,0
271029,0
271030,0
271031,0
271032,0
271033,0
271034,0
271035,0
271036,0
271037,0
271038,0
271039,0
271040,0
271041,0
271042,0
271043,0
271044,0
271045,0
271046,0
271047,0
271048,0
271049,0
271050,0
271051,0
271052,0
271053,0
271054,0
271055,0
271056,0
271057,0
271058,0
271059,0
271060,0
271061,0
271062,0
271063,0
271064,0
271065,0
271066,0
271067,0
271068,0
271069,0
271070,0
271071,0
271072,0
271073,0
271074,0
271075,0
271076,0
271077,0
271078,0
271079,0
271080,0
271081,0
271082,0
271083,0
271084,0
271085,0
271086,0
271087,0
271088,0
271089,0
271090,0
271091,0
271092,0
271093,0
271094,0
271095,0
271096,0
271097,0
271098,0
271099,0
271100,0
271101,0
271102,0
271103,0
271104,0
271105,0
271106,0
271107,0
271108,0
271109,0
271110,0
271111,0
271112,0
271113,0
271114,0
271115,0
271116,0
271117,0
271118,0
271119,0
271120,0
271121,0
271122,0
271123,0
271124,0
271125,0
271126,0
271127,0
271128,0
271129,0
271130,0
271131,0
271132,0
271133,0
271134,0
271135,0
271136,0
271137,0
271138,0
271139,0
271140,0
271141,0
271142,0
271143,0
271144,0
271145,0
271146,0
271147,0
271148,0
271149,0
271150,0
271151,0
271152,0
271153,0
271154,0
271155,0
271156,0
271157,0
271158,0
271159,0
271160,0
271161,0
271162,0
271163,0
271164,0
271165,0
271166,0
271167,0
271168,0
271169,0
271170,0
271171,0
271172,0
271173,0
271174,0
271175,0
271176,0
271177,0
271178,0
271179,0
271180,0
271181,0
271182,0
271183,0
271184,0
271185,0
271186,0
271187,0
271188,0
271189,0
271190,0
271191,0
271192,0
271193,0
271194,0
271195,0
271196,0
271197,0
271198,0
271199,0
271200,0
271201,0
271202,0
271203,0
271204,0
271205,0
271206,0
271207,0
271208,0
271209,0
271210,0
271211,0
271212,0
271213,0
271214,0
271215,0
271216,0
271217,0
271218,0
271219,0
271220,0
271221,0
271222,0
271223,0
271224,0
271225,0
271226,0
271227,0
271228,0
271229,0
271230,0
271231,0
271232,0
271233,0
271234,0
271235,0
271236,0
271237,0
271238,0
271239,0
271240,0
271241,0
271242,0
271243,0
271244,0
271245,0
271246,0
271247,0
271248,0
271249,0
271250,0
271251,0
271252,0
271253,0
271254,0
271255,0
271256,0
271257,0
271258,0
271259,0
271260,0
271261,0
271262,0
271263,0
271264,0
271265,0
271266,0
271267,0
271268,0
271269,0
271270,0
271271,0
271272,0
271273,0
271274,0
271275,0
271276,0
271277,0
271278,0
271279,0
271280,0
271281,0
271282,0
271283,0
271284,0
271285,0
271286,0
271287,0
271288,0
271289,0
271290,0
271291,0
271292,0
271293,0
271294,0
271295,0
271296,0
271297,0
271298,0
271299,0
271300,0
271301,0
271302,0
271303,0
271304,0
271305,0
271306,0
271307,0
271308,0
271309,0
271310,0
271311,0
271312,0
271313,0
271314,0
271315,0
271316,0
271317,0
271318,0
271319,0
271320,0
271321,0
271322,0
271323,0
271324,0
271325,0
271326,0
271327,0
271328,0
271329,0
271330,0
271331,0
271332,0
271333,0
271334,0
271335,0
271336,0
271337,0
271338,0
271339,0
271340,0
271341,0
271342,0
271343,0
271344,0
271345,0
271346,0
271347,0
271348,0
271349,0
271350,0
271351,0
271352,0
271353,0
271354,0
271355,0
271356,0
271357,0
271358,0
271359,0
271360,0
271361,0
271362,0
271363,0
271364,0
271365,0
271366,0
271367,0
271368,0
271369,0
271370,0
271371,0
271372,0
271373,0
271374,0
271375,0
271376,0
271377,0
271378,0
271379,0
271380,0
271381,0
271382,0
271383,0
271384,0
271385,0
271386,0
271387,0
271388,0
271389,0
271390,0
271391,0
271392,0
271393,0
271394,0
271395,0
271396,0
271397,0
271398,0
271399,0
271400,0
271401,0
271402,0
271403,0
271404,0
271405,0
271406,0
271407,0
271408,0
271409,0
271410,0
271411,0
271412,0
271413,0
271414,0
271415,0
271416,0
271417,0
271418,0
271419,0
271420,0
271421,0
271422,0
271423,0
271424,0
271425,0
271426,0
271427,0
271428,0
271429,0
271430,0
271431,0
271432,0
271433,0
271434,0
271435,0
271436,0
271437,0
271438,0
271439,0
271440,0
271441,0
271442,0
271443,0
271444,0
271445,0
271446,0
271447,0
271448,0
271449,0
271450,0
271451,0
271452,0
271453,0
271454,0
271455,0
271456,0
271457,0
271458,0
271459,0
271460,0
271461,0
271462,0
271463,0
271464,0
271465,0
271466,0
271467,0
271468,0
271469,0
271470,0
271471,0
271472,0
271473,0
271474,0
271475,0
271476,0
271477,0
271478,0
271479,0
271480,0
271481,0
271482,0
271483,0
271484,0
271485,0
271486,0
271487,0
271488,0
271489,0
271490,0
271491,0
271492,0
271493,0
271494,0
271495,0
271496,0
271497,0
271498,0
271499,0
271500,0
271501,0
271502,0
271503,0
271504,0
271505,0
271506,0
271507,0
271508,0
271509,0
271510,0
271511,0
271512,0
271513,0
271514,0
271515,0
271516,0
271517,0
271518,0
271519,0
271520,0
271521,0
271522,0
271523,0
271524,0
271525,0
271526,0
271527,0
271528,0
271529,0
271530,0
271531,0
271532,0
271533,0
271534,0
271535,0
271536,0
271537,0
271538,0
271539,0
271540,0
271541,0
271542,0
271543,0
271544,0
271545,0
271546,0
271547,0
271548,0
271549,0
271550,0
271551,0
271552,0
271553,0
271554,0
271555,0
271556,0
271557,0
271558,0
271559,0
271560,0
271561,0
271562,0
271563,0
271564,0
271565,0
271566,0
271567,0
271568,0
271569,0
271570,0
271571,0
271572,0
271573,0
271574,0
271575,0
271576,0
271577,0
271578,0
271579,0
271580,0
271581,0
271582,0
271583,0
271584,0
271585,0
271586,0
271587,0
271588,0
271589,0
271590,0
271591,0
271592,0
271593,0
271594,0
271595,0
271596,0
271597,0
271598,0
271599,0
271600,0
271601,0
271602,0
271603,0
271604,0
271605,0
271606,0
271607,0
271608,0
271609,0
271610,0
271611,0
271612,0
271613,0
271614,0
271615,0
271616,0
271617,0
271618,0
271619,0
271620,0
271621,0
271622,0
271623,0
271624,0
271625,0
271626,0
271627,0
271628,0
271629,0
271630,0
271631,0
271632,0
271633,0
271634,0
271635,0
271636,0
271637,0
271638,0
271639,0
271640,0
271641,0
271642,0
271643,0
271644,0
271645,0
271646,0
271647,0
271648,0
271649,0
271650,0
271651,0
271652,0
271653,0
271654,0
271655,0
271656,0
271657,0
271658,0
271659,0
271660,0
271661,0
271662,0
271663,0
271664,0
271665,0
271666,0
271667,0
271668,0
271669,0
271670,0
271671,0
271672,0
271673,0
271674,0
271675,0
271676,0
271677,0
271678,0
271679,0
271680,0
271681,0
271682,0
271683,0
271684,0
271685,0
271686,0
271687,0
271688,0
271689,0
271690,0
271691,0
271692,0
271693,0
271694,0
271695,0
271696,0
271697,0
271698,0
271699,0
271700,0
271701,0
271702,0
271703,0
271704,0
271705,0
271706,0
271707,0
271708,0
271709,0
271710,0
271711,0
271712,0
271713,0
271714,0
271715,0
271716,0
271717,0
271718,0
271719,0
271720,0
271721,0
271722,0
271723,0
271724,0
271725,0
271726,0
271727,0
271728,0
271729,0
271730,0
271731,0
271732,0
271733,0
271734,0
271735,0
271736,0
271737,0
271738,0
271739,0
271740,0
271741,0
271742,0
271743,0
271744,0
271745,0
271746,0
271747,0
271748,0
271749,0
271750,0
271751,0
271752,0
271753,0
271754,0
271755,0
271756,0
271757,0
271758,0
271759,0
271760,0
271761,0
271762,0
271763,0
271764,0
271765,0
271766,0
271767,0
271768,0
271769,0
271770,0
271771,0
271772,0
271773,0
271774,0
271775,0
271776,0
271777,0
271778,0
271779,0
271780,0
271781,0
271782,0
271783,0
271784,0
271785,0
271786,0
271787,0
271788,0
271789,0
271790,0
271791,0
271792,0
271793,0
271794,0
271795,0
271796,0
271797,0
271798,0
271799,0
271800,0
271801,0
271802,0
271803,0
271804,0
271805,0
271806,0
271807,0
271808,0
271809,0
271810,0
271811,0
271812,0
271813,0
271814,0
271815,0
271816,0
271817,0
271818,0
271819,0
271820,0
271821,0
271822,0
271823,0
271824,0
271825,0
271826,0
271827,0
271828,0
271829,0
271830,0
271831,0
271832,0
271833,0
271834,0
271835,0
271836,0
271837,0
271838,0
271839,0
271840,0
271841,0
271842,0
271843,0
271844,0
271845,0
271846,0
271847,0
271848,0
271849,0
271850,0
271851,0
271852,0
271853,0
271854,0
271855,0
271856,0
271857,0
271858,0
271859,0
271860,0
271861,0
271862,0
271863,0
271864,0
271865,0
271866,0
271867,0
271868,0
271869,0
271870,0
271871,0
271872,0
271873,0
271874,0
271875,0
271876,0
271877,0
271878,0
271879,0
271880,0
271881,0
271882,0
271883,0
271884,0
271885,0
271886,0
271887,0
271888,0
271889,0
271890,0
271891,0
271892,0
271893,0
271894,0
271895,0
271896,0
271897,0
271898,0
271899,0
271900,0
271901,0
271902,0
271903,0
271904,0
271905,0
271906,0
271907,0
271908,0
271909,0
271910,0
271911,0
271912,0
271913,0
271914,0
271915,0
271916,0
271917,0
271918,0
271919,0
271920,0
271921,0
271922,0
271923,0
271924,0
271925,0
271926,0
271927,0
271928,0
271929,0
271930,0
271931,0
271932,0
271933,0
271934,0
271935,0
271936,0
271937,0
271938,0
271939,0
271940,0
271941,0
271942,0
271943,0
271944,0
271945,0
271946,0
271947,0
271948,0
271949,0
271950,0
271951,0
271952,0
271953,0
271954,0
271955,0
271956,0
271957,0
271958,0
271959,0
271960,0
271961,0
271962,0
271963,0
271964,0
271965,0
271966,0
271967,0
271968,0
271969,0
271970,0
271971,0
271972,0
271973,0
271974,0
271975,0
271976,0
271977,0
271978,0
271979,0
271980,0
271981,0
271982,0
271983,0
271984,0
271985,0
271986,0
271987,0
271988,0
271989,0
271990,0
271991,0
271992,0
271993,0
271994,0
271995,0
271996,0
271997,0
271998,0
271999,0
272000,0
272001,0
272002,0
272003,0
272004,0
272005,0
272006,0
272007,0
272008,0
272009,0
272010,0
272011,0
272012,0
272013,0
272014,0
272015,0
272016,0
272017,0
272018,0
272019,0
272020,0
272021,0
272022,0
272023,0
272024,0
272025,0
272026,0
272027,0
272028,0
272029,0
272030,0
272031,0
272032,0
272033,0
272034,0
272035,0
272036,0
272037,0
272038,0
272039,0
272040,0
272041,0
272042,0
272043,0
272044,0
272045,0
272046,0
272047,0
272048,0
272049,0
272050,0
272051,0
272052,0
272053,0
272054,0
272055,0
272056,0
272057,0
272058,0
272059,0
272060,0
272061,0
272062,0
272063,0
272064,0
272065,0
272066,0
272067,0
272068,0
272069,0
272070,0
272071,0
272072,0
272073,0
272074,0
272075,0
272076,0
272077,0
272078,0
272079,0
272080,0
272081,0
272082,0
272083,0
272084,0
272085,0
272086,0
272087,0
272088,0
272089,0
272090,0
272091,0
272092,0
272093,0
272094,0
272095,0
272096,0
272097,0
272098,0
272099,0
272100,0
272101,0
272102,0
272103,0
272104,0
272105,0
272106,0
272107,0
272108,0
272109,0
272110,0
272111,0
272112,0
272113,0
272114,0
272115,0
272116,0
272117,0
272118,0
272119,0
272120,0
272121,0
272122,0
272123,0
272124,0
272125,0
272126,0
272127,0
272128,0
272129,0
272130,0
272131,0
272132,0
272133,0
272134,0
272135,0
272136,0
272137,0
272138,0
272139,0
272140,0
272141,0
272142,0
272143,0
272144,0
272145,0
272146,0
272147,0
272148,0
272149,0
272150,0
272151,0
272152,0
272153,0
272154,0
272155,0
272156,0
272157,0
272158,0
272159,0
272160,0
272161,0
272162,0
272163,0
272164,0
272165,0
272166,0
272167,0
272168,0
272169,0
272170,0
272171,0
272172,0
272173,0
272174,0
272175,0
272176,0
272177,0
272178,0
272179,0
272180,0
272181,0
272182,0
272183,0
272184,0
272185,0
272186,0
272187,0
272188,0
272189,0
272190,0
272191,0
272192,0
272193,0
272194,0
272195,0
272196,0
272197,0
272198,0
272199,0
272200,0
272201,0
272202,0
272203,0
272204,0
272205,0
272206,0
272207,0
272208,0
272209,0
272210,0
272211,0
272212,0
272213,0
272214,0
272215,0
272216,0
272217,0
272218,0
272219,0
272220,0
272221,0
272222,0
272223,0
272224,0
272225,0
272226,0
272227,0
272228,0
272229,0
272230,0
272231,0
272232,0
272233,0
272234,0
272235,0
272236,0
272237,0
272238,0
272239,0
272240,0
272241,0
272242,0
272243,0
272244,0
272245,0
272246,0
272247,0
272248,0
272249,0
272250,0
272251,0
272252,0
272253,0
272254,0
272255,0
272256,0
272257,0
272258,0
272259,0
272260,0
272261,0
272262,0
272263,0
272264,0
272265,0
272266,0
272267,0
272268,0
272269,0
272270,0
272271,0
272272,0
272273,0
272274,0
272275,0
272276,0
272277,0
272278,0
272279,0
272280,0
272281,0
272282,0
272283,0
272284,0
272285,0
272286,0
272287,0
272288,0
272289,0
272290,0
272291,0
272292,0
272293,0
272294,0
272295,0
272296,0
272297,0
272298,0
272299,0
272300,0
272301,0
272302,0
272303,0
272304,0
272305,0
272306,0
272307,0
272308,0
272309,0
272310,0
272311,0
272312,0
272313,0
272314,0
272315,0
272316,0
272317,0
272318,0
272319,0
272320,0
272321,0
272322,0
272323,0
272324,0
272325,0
272326,0
272327,0
272328,0
272329,0
272330,0
272331,0
272332,0
272333,0
272334,0
272335,0
272336,0
272337,0
272338,0
272339,0
272340,0
272341,0
272342,0
272343,0
272344,0
272345,0
272346,0
272347,0
272348,0
272349,0
272350,0
272351,0
272352,0
272353,0
272354,0
272355,0
272356,0
272357,0
272358,0
272359,0
272360,0
272361,0
272362,0
272363,0
272364,0
272365,0
272366,0
272367,0
272368,0
272369,0
272370,0
272371,0
272372,0
272373,0
272374,0
272375,0
272376,0
272377,0
272378,0
272379,0
272380,0
272381,0
272382,0
272383,0
272384,0
272385,0
272386,0
272387,0
272388,0
272389,0
272390,0
272391,0
272392,0
272393,0
272394,0
272395,0
272396,0
272397,0
272398,0
272399,0
272400,0
272401,0
272402,0
272403,0
272404,0
272405,0
272406,0
272407,0
272408,0
272409,0
272410,0
272411,0
272412,0
272413,0
272414,0
272415,0
272416,0
272417,0
272418,0
272419,0
272420,0
272421,0
272422,0
272423,0
272424,0
272425,0
272426,0
272427,0
272428,0
272429,0
272430,0
272431,0
272432,0
272433,0
272434,0
272435,0
272436,0
272437,0
272438,0
272439,0
272440,0
272441,0
272442,0
272443,0
272444,0
272445,0
272446,0
272447,0
272448,0
272449,0
272450,0
272451,0
272452,0
272453,0
272454,0
272455,0
272456,0
272457,0
272458,0
272459,0
272460,0
272461,0
272462,0
272463,0
272464,0
272465,0
272466,0
272467,0
272468,0
272469,0
272470,0
272471,0
272472,0
272473,0
272474,0
272475,0
272476,0
272477,0
272478,0
272479,0
272480,0
272481,0
272482,0
272483,0
272484,0
272485,0
272486,0
272487,0
272488,0
272489,0
272490,0
272491,0
272492,0
272493,0
272494,0
272495,0
272496,0
272497,0
272498,0
272499,0
272500,0
272501,0
272502,0
272503,0
272504,0
272505,0
272506,0
272507,0
272508,0
272509,0
272510,0
272511,0
272512,0
272513,0
272514,0
272515,0
272516,0
272517,0
272518,0
272519,0
272520,0
272521,0
272522,0
272523,0
272524,0
272525,0
272526,0
272527,0
272528,0
272529,0
272530,0
272531,0
272532,0
272533,0
272534,0
272535,0
272536,0
272537,0
272538,0
272539,0
272540,0
272541,0
272542,0
272543,0
272544,0
272545,0
272546,0
272547,0
272548,0
272549,0
272550,0
272551,0
272552,0
272553,0
272554,0
272555,0
272556,0
272557,0
272558,0
272559,0
272560,0
272561,0
272562,0
272563,0
272564,0
272565,0
272566,0
272567,0
272568,0
272569,0
272570,0
272571,0
272572,0
272573,0
272574,0
272575,0
272576,0
272577,0
272578,0
272579,0
272580,0
272581,0
272582,0
272583,0
272584,0
272585,0
272586,0
272587,0
272588,0
272589,0
272590,0
272591,0
272592,0
272593,0
272594,0
272595,0
272596,0
272597,0
272598,0
272599,0
272600,0
272601,0
272602,0
272603,0
272604,0
272605,0
272606,0
272607,0
272608,0
272609,0
272610,0
272611,0
272612,0
272613,0
272614,0
272615,0
272616,0
272617,0
272618,0
272619,0
272620,0
272621,0
272622,0
272623,0
272624,0
272625,0
272626,0
272627,0
272628,0
272629,0
272630,0
272631,0
272632,0
272633,0
272634,0
272635,0
272636,0
272637,0
272638,0
272639,0
272640,0
272641,0
272642,0
272643,0
272644,0
272645,0
272646,0
272647,0
272648,0
272649,0
272650,0
272651,0
272652,0
272653,0
272654,0
272655,0
272656,0
272657,0
272658,0
272659,0
272660,0
272661,0
272662,0
272663,0
272664,0
272665,0
272666,0
272667,0
272668,0
272669,0
272670,0
272671,0
272672,0
272673,0
272674,0
272675,0
272676,0
272677,0
272678,0
272679,0
272680,0
272681,0
272682,0
272683,0
272684,0
272685,0
272686,0
272687,0
272688,0
272689,0
272690,0
272691,0
272692,0
272693,0
272694,0
272695,0
272696,0
272697,0
272698,0
272699,0
272700,0
272701,0
272702,0
272703,0
272704,0
272705,0
272706,0
272707,0
272708,0
272709,0
272710,0
272711,0
272712,0
272713,0
272714,0
272715,0
272716,0
272717,0
272718,0
272719,0
272720,0
272721,0
272722,0
272723,0
272724,0
272725,0
272726,0
272727,0
272728,0
272729,0
272730,0
272731,0
272732,0
272733,0
272734,0
272735,0
272736,0
272737,0
272738,0
272739,0
272740,0
272741,0
272742,0
272743,0
272744,0
272745,0
272746,0
272747,0
272748,0
272749,0
272750,0
272751,0
272752,0
272753,0
272754,0
272755,0
272756,0
272757,0
272758,0
272759,0
272760,0
272761,0
272762,0
272763,0
272764,0
272765,0
272766,0
272767,0
272768,0
272769,0
272770,0
272771,0
272772,0
272773,0
272774,0
272775,0
272776,0
272777,0
272778,0
272779,0
272780,0
272781,0
272782,0
272783,0
272784,0
272785,0
272786,0
272787,0
272788,0
272789,0
272790,0
272791,0
272792,0
272793,0
272794,0
272795,0
272796,0
272797,0
272798,0
272799,0
272800,0
272801,0
272802,0
272803,0
272804,0
272805,0
272806,0
272807,0
272808,0
272809,0
272810,0
272811,0
272812,0
272813,0
272814,0
272815,0
272816,0
272817,0
272818,0
272819,0
272820,0
272821,0
272822,0
272823,0
272824,0
272825,0
272826,0
272827,0
272828,0
272829,0
272830,0
272831,0
272832,0
272833,0
272834,0
272835,0
272836,0
272837,0
272838,0
272839,0
272840,0
272841,0
272842,0
272843,0
272844,0
272845,0
272846,0
272847,0
272848,0
272849,0
272850,0
272851,0
272852,0
272853,0
272854,0
272855,0
272856,0
272857,0
272858,0
272859,0
272860,0
272861,0
272862,0
272863,0
272864,0
272865,0
272866,0
272867,0
272868,0
272869,0
272870,0
272871,0
272872,0
272873,0
272874,0
272875,0
272876,0
272877,0
272878,0
272879,0
272880,0
272881,0
272882,0
272883,0
272884,0
272885,0
272886,0
272887,0
272888,0
272889,0
272890,0
272891,0
272892,0
272893,0
272894,0
272895,0
272896,0
272897,0
272898,0
272899,0
272900,0
272901,0
272902,0
272903,0
272904,0
272905,0
272906,0
272907,0
272908,0
272909,0
272910,0
272911,0
272912,0
272913,0
272914,0
272915,0
272916,0
272917,0
272918,0
272919,0
272920,0
272921,0
272922,0
272923,0
272924,0
272925,0
272926,0
272927,0
272928,0
272929,0
272930,0
272931,0
272932,0
272933,0
272934,0
272935,0
272936,0
272937,0
272938,0
272939,0
272940,0
272941,0
272942,0
272943,0
272944,0
272945,0
272946,0
272947,0
272948,0
272949,0
272950,0
272951,0
272952,0
272953,0
272954,0
272955,0
272956,0
272957,0
272958,0
272959,0
272960,0
272961,0
272962,0
272963,0
272964,0
272965,0
272966,0
272967,0
272968,0
272969,0
272970,0
272971,0
272972,0
272973,0
272974,0
272975,0
272976,0
272977,0
272978,0
272979,0
272980,0
272981,0
272982,0
272983,0
272984,0
272985,0
272986,0
272987,0
272988,0
272989,0
272990,0
272991,0
272992,0
272993,0
272994,0
272995,0
272996,0
272997,0
272998,0
272999,0
273000,0
273001,0
273002,0
273003,0
273004,0
273005,0
273006,0
273007,0
273008,0
273009,0
273010,0
273011,0
273012,0
273013,0
273014,0
273015,0
273016,0
273017,0
273018,0
273019,0
273020,0
273021,0
273022,0
273023,0
273024,0
273025,0
273026,0
273027,0
273028,0
273029,0
273030,0
273031,0
273032,0
273033,0
273034,0
273035,0
273036,0
273037,0
273038,0
273039,0
273040,0
273041,0
273042,0
273043,0
273044,0
273045,0
273046,0
273047,0
273048,0
273049,0
273050,0
273051,0
273052,0
273053,0
273054,0
273055,0
273056,0
273057,0
273058,0
273059,0
273060,0
273061,0
273062,0
273063,0
273064,0
273065,0
273066,0
273067,0
273068,0
273069,0
273070,0
273071,0
273072,0
273073,0
273074,0
273075,0
273076,0
273077,0
273078,0
273079,0
273080,0
273081,0
273082,0
273083,0
273084,0
273085,0
273086,0
273087,0
273088,0
273089,0
273090,0
273091,0
273092,0
273093,0
273094,0
273095,0
273096,0
273097,0
273098,0
273099,0
273100,0
273101,0
273102,0
273103,0
273104,0
273105,0
273106,0
273107,0
273108,0
273109,0
273110,0
273111,0
273112,0
273113,0
273114,0
273115,0
273116,0
273117,0
273118,0
273119,0
273120,0
273121,0
273122,0
273123,0
273124,0
273125,0
273126,0
273127,0
273128,0
273129,0
273130,0
273131,0
273132,0
273133,0
273134,0
273135,0
273136,0
273137,0
273138,0
273139,0
273140,0
273141,0
273142,0
273143,0
273144,0
273145,0
273146,0
273147,0
273148,0
273149,0
273150,0
273151,0
273152,0
273153,0
273154,0
273155,0
273156,0
273157,0
273158,0
273159,0
273160,0
273161,0
273162,0
273163,0
273164,0
273165,0
273166,0
273167,0
273168,0
273169,0
273170,0
273171,0
273172,0
273173,0
273174,0
273175,0
273176,0
273177,0
273178,0
273179,0
273180,0
273181,0
273182,0
273183,0
273184,0
273185,0
273186,0
273187,0
273188,0
273189,0
273190,0
273191,0
273192,0
273193,0
273194,0
273195,0
273196,0
273197,0
273198,0
273199,0
273200,0
273201,0
273202,0
273203,0
273204,0
273205,0
273206,0
273207,0
273208,0
273209,0
273210,0
273211,0
273212,0
273213,0
273214,0
273215,0
273216,0
273217,0
273218,0
273219,0
273220,0
273221,0
273222,0
273223,0
273224,0
273225,0
273226,0
273227,0
273228,0
273229,0
273230,0
273231,0
273232,0
273233,0
273234,0
273235,0
273236,0
273237,0
273238,0
273239,0
273240,0
273241,0
273242,0
273243,0
273244,0
273245,0
273246,0
273247,0
273248,0
273249,0
273250,0
273251,0
273252,0
273253,0
273254,0
273255,0
273256,0
273257,0
273258,0
273259,0
273260,0
273261,0
273262,0
273263,0
273264,0
273265,0
273266,0
273267,0
273268,0
273269,0
273270,0
273271,0
273272,0
273273,0
273274,0
273275,0
273276,0
273277,0
273278,0
273279,0
273280,0
273281,0
273282,0
273283,0
273284,0
273285,0
273286,0
273287,0
273288,0
273289,0
273290,0
273291,0
273292,0
273293,0
273294,0
273295,0
273296,0
273297,0
273298,0
273299,0
273300,0
273301,0
273302,0
273303,0
273304,0
273305,0
273306,0
273307,0
273308,0
273309,0
273310,0
273311,0
273312,0
273313,0
273314,0
273315,0
273316,0
273317,0
273318,0
273319,0
273320,0
273321,0
273322,0
273323,0
273324,0
273325,0
273326,0
273327,0
273328,0
273329,0
273330,0
273331,0
273332,0
273333,0
273334,0
273335,0
273336,0
273337,0
273338,0
273339,0
273340,0
273341,0
273342,0
273343,0
273344,0
273345,0
273346,0
273347,0
273348,0
273349,0
273350,0
273351,0
273352,0
273353,0
273354,0
273355,0
273356,0
273357,0
273358,0
273359,0
273360,0
273361,0
273362,0
273363,0
273364,0
273365,0
273366,0
273367,0
273368,0
273369,0
273370,0
273371,0
273372,0
273373,0
273374,0
273375,0
273376,0
273377,0
273378,0
273379,0
273380,0
273381,0
273382,0
273383,0
273384,0
273385,0
273386,0
273387,0
273388,0
273389,0
273390,0
273391,0
273392,0
273393,0
273394,0
273395,0
273396,0
273397,0
273398,0
273399,0
273400,0
273401,0
273402,0
273403,0
273404,0
273405,0
273406,0
273407,0
273408,0
273409,0
273410,0
273411,0
273412,0
273413,0
273414,0
273415,0
273416,0
273417,0
273418,0
273419,0
273420,0
273421,0
273422,0
273423,0
273424,0
273425,0
273426,0
273427,0
273428,0
273429,0
273430,0
273431,0
273432,0
273433,0
273434,0
273435,0
273436,0
273437,0
273438,0
273439,0
273440,0
273441,0
273442,0
273443,0
273444,0
273445,0
273446,0
273447,0
273448,0
273449,0
273450,0
273451,0
273452,0
273453,0
273454,0
273455,0
273456,0
273457,0
273458,0
273459,0
273460,0
273461,0
273462,0
273463,0
273464,0
273465,0
273466,0
273467,0
273468,0
273469,0
273470,0
273471,0
273472,0
273473,0
273474,0
273475,0
273476,0
273477,0
273478,0
273479,0
273480,0
273481,0
273482,0
273483,0
273484,0
273485,0
273486,0
273487,0
273488,0
273489,0
273490,0
273491,0
273492,0
273493,0
273494,0
273495,0
273496,0
273497,0
273498,0
273499,0
273500,0
273501,0
273502,0
273503,0
273504,0
273505,0
273506,0
273507,0
273508,0
273509,0
273510,0
273511,0
273512,0
273513,0
273514,0
273515,0
273516,0
273517,0
273518,0
273519,0
273520,0
273521,0
273522,0
273523,0
273524,0
273525,0
273526,0
273527,0
273528,0
273529,0
273530,0
273531,0
273532,0
273533,0
273534,0
273535,0
273536,0
273537,0
273538,0
273539,0
273540,0
273541,0
273542,0
273543,0
273544,0
273545,0
273546,0
273547,0
273548,0
273549,0
273550,0
273551,0
273552,0
273553,0
273554,0
273555,0
273556,0
273557,0
273558,0
273559,0
273560,0
273561,0
273562,0
273563,0
273564,0
273565,0
273566,0
273567,0
273568,0
273569,0
273570,0
273571,0
273572,0
273573,0
273574,0
273575,0
273576,0
273577,0
273578,0
273579,0
273580,0
273581,0
273582,0
273583,0
273584,0
273585,0
273586,0
273587,0
273588,0
273589,0
273590,0
273591,0
273592,0
273593,0
273594,0
273595,0
273596,0
273597,0
273598,0
273599,0
273600,0
273601,0
273602,0
273603,0
273604,0
273605,0
273606,0
273607,0
273608,0
273609,0
273610,0
273611,0
273612,0
273613,0
273614,0
273615,0
273616,0
273617,0
273618,0
273619,0
273620,0
273621,0
273622,0
273623,0
273624,0
273625,0
273626,0
273627,0
273628,0
273629,0
273630,0
273631,0
273632,0
273633,0
273634,0
273635,0
273636,0
273637,0
273638,0
273639,0
273640,0
273641,0
273642,0
273643,0
273644,0
273645,0
273646,0
273647,0
273648,0
273649,0
273650,0
273651,0
273652,0
273653,0
273654,0
273655,0
273656,0
273657,0
273658,0
273659,0
273660,0
273661,0
273662,0
273663,0
273664,0
273665,0
273666,0
273667,0
273668,0
273669,0
273670,0
273671,0
273672,0
273673,0
273674,0
273675,0
273676,0
273677,0
273678,0
273679,0
273680,0
273681,0
273682,0
273683,0
273684,0
273685,0
273686,0
273687,0
273688,0
273689,0
273690,0
273691,0
273692,0
273693,0
273694,0
273695,0
273696,0
273697,0
273698,0
273699,0
273700,0
273701,0
273702,0
273703,0
273704,0
273705,0
273706,0
273707,0
273708,0
273709,0
273710,0
273711,0
273712,0
273713,0
273714,0
273715,0
273716,0
273717,0
273718,0
273719,0
273720,0
273721,0
273722,0
273723,0
273724,0
273725,0
273726,0
273727,0
273728,0
273729,0
273730,0
273731,0
273732,0
273733,0
273734,0
273735,0
273736,0
273737,0
273738,0
273739,0
273740,0
273741,0
273742,0
273743,0
273744,0
273745,0
273746,0
273747,0
273748,0
273749,0
273750,0
273751,0
273752,0
273753,0
273754,0
273755,0
273756,0
273757,0
273758,0
273759,0
273760,0
273761,0
273762,0
273763,0
273764,0
273765,0
273766,0
273767,0
273768,0
273769,0
273770,0
273771,0
273772,0
273773,0
273774,0
273775,0
273776,0
273777,0
273778,0
273779,0
273780,0
273781,0
273782,0
273783,0
273784,0
273785,0
273786,0
273787,0
273788,0
273789,0
273790,0
273791,0
273792,0
273793,0
273794,0
273795,0
273796,0
273797,0
273798,0
273799,0
273800,0
273801,0
273802,0
273803,0
273804,0
273805,0
273806,0
273807,0
273808,0
273809,0
273810,0
273811,0
273812,0
273813,0
273814,0
273815,0
273816,0
273817,0
273818,0
273819,0
273820,0
273821,0
273822,0
273823,0
273824,0
273825,0
273826,0
273827,0
273828,0
273829,0
273830,0
273831,0
273832,0
273833,0
273834,0
273835,0
273836,0
273837,0
273838,0
273839,0
273840,0
273841,0
273842,0
273843,0
273844,0
273845,0
273846,0
273847,0
273848,0
273849,0
273850,0
273851,0
273852,0
273853,0
273854,0
273855,0
273856,0
273857,0
273858,0
273859,0
273860,0
273861,0
273862,0
273863,0
273864,0
273865,0
273866,0
273867,0
273868,0
273869,0
273870,0
273871,0
273872,0
273873,0
273874,0
273875,0
273876,0
273877,0
273878,0
273879,0
273880,0
273881,0
273882,0
273883,0
273884,0
273885,0
273886,0
273887,0
273888,0
273889,0
273890,0
273891,0
273892,0
273893,0
273894,0
273895,0
273896,0
273897,0
273898,0
273899,0
273900,0
273901,0
273902,0
273903,0
273904,0
273905,0
273906,0
273907,0
273908,0
273909,0
273910,0
273911,0
273912,0
273913,0
273914,0
273915,0
273916,0
273917,0
273918,0
273919,0
273920,0
273921,0
273922,0
273923,0
273924,0
273925,0
273926,0
273927,0
273928,0
273929,0
273930,0
273931,0
273932,0
273933,0
273934,0
273935,0
273936,0
273937,0
273938,0
273939,0
273940,0
273941,0
273942,0
273943,0
273944,0
273945,0
273946,0
273947,0
273948,0
273949,0
273950,0
273951,0
273952,0
273953,0
273954,0
273955,0
273956,0
273957,0
273958,0
273959,0
273960,0
273961,0
273962,0
273963,0
273964,0
273965,0
273966,0
273967,0
273968,0
273969,0
273970,0
273971,0
273972,0
273973,0
273974,0
273975,0
273976,0
273977,0
273978,0
273979,0
273980,0
273981,0
273982,0
273983,0
273984,0
273985,0
273986,0
273987,0
273988,0
273989,0
273990,0
273991,0
273992,0
273993,0
273994,0
273995,0
273996,0
273997,0
273998,0
273999,0
274000,0
274001,0
274002,0
274003,0
274004,0
274005,0
274006,0
274007,0
274008,0
274009,0
274010,0
274011,0
274012,0
274013,0
274014,0
274015,0
274016,0
274017,0
274018,0
274019,0
274020,0
274021,0
274022,0
274023,0
274024,0
274025,0
274026,0
274027,0
274028,0
274029,0
274030,0
274031,0
274032,0
274033,0
274034,0
274035,0
274036,0
274037,0
274038,0
274039,0
274040,0
274041,0
274042,0
274043,0
274044,0
274045,0
274046,0
274047,0
274048,0
274049,0
274050,0
274051,0
274052,0
274053,0
274054,0
274055,0
274056,0
274057,0
274058,0
274059,0
274060,0
274061,0
274062,0
274063,0
274064,0
274065,0
274066,0
274067,0
274068,0
274069,0
274070,0
274071,0
274072,0
274073,0
274074,0
274075,0
274076,0
274077,0
274078,0
274079,0
274080,0
274081,0
274082,0
274083,0
274084,0
274085,0
274086,0
274087,0
274088,0
274089,0
274090,0
274091,0
274092,0
274093,0
274094,0
274095,0
274096,0
274097,0
274098,0
274099,0
274100,0
274101,0
274102,0
274103,0
274104,0
274105,0
274106,0
274107,0
274108,0
274109,0
274110,0
274111,0
274112,0
274113,0
274114,0
274115,0
274116,0
274117,0
274118,0
274119,0
274120,0
274121,0
274122,0
274123,0
274124,0
274125,0
274126,0
274127,0
274128,0
274129,0
274130,0
274131,0
274132,0
274133,0
274134,0
274135,0
274136,0
274137,0
274138,0
274139,0
274140,0
274141,0
274142,0
274143,0
274144,0
274145,0
274146,0
274147,0
274148,0
274149,0
274150,0
274151,0
274152,0
274153,0
274154,0
274155,0
274156,0
274157,0
274158,0
274159,0
274160,0
274161,0
274162,0
274163,0
274164,0
274165,0
274166,0
274167,0
274168,0
274169,0
274170,0
274171,0
274172,0
274173,0
274174,0
274175,0
274176,0
274177,0
274178,0
274179,0
274180,0
274181,0
274182,0
274183,0
274184,0
274185,0
274186,0
274187,0
274188,0
274189,0
274190,0
274191,0
274192,0
274193,0
274194,0
274195,0
274196,0
274197,0
274198,0
274199,0
274200,0
274201,0
274202,0
274203,0
274204,0
274205,0
274206,0
274207,0
274208,0
274209,0
274210,0
274211,0
274212,0
274213,0
274214,0
274215,0
274216,0
274217,0
274218,0
274219,0
274220,0
274221,0
274222,0
274223,0
274224,0
274225,0
274226,0
274227,0
274228,0
274229,0
274230,0
274231,0
274232,0
274233,0
274234,0
274235,0
274236,0
274237,0
274238,0
274239,0
274240,0
274241,0
274242,0
274243,0
274244,0
274245,0
274246,0
274247,0
274248,0
274249,0
274250,0
274251,0
274252,0
274253,0
274254,0
274255,0
274256,0
274257,0
274258,0
274259,0
274260,0
274261,0
274262,0
274263,0
274264,0
274265,0
274266,0
274267,0
274268,0
274269,0
274270,0
274271,0
274272,0
274273,0
274274,0
274275,0
274276,0
274277,0
274278,0
274279,0
274280,0
274281,0
274282,0
274283,0
274284,0
274285,0
274286,0
274287,0
274288,0
274289,0
274290,0
274291,0
274292,0
274293,0
274294,0
274295,0
274296,0
274297,0
274298,0
274299,0
274300,0
274301,0
274302,0
274303,0
274304,0
274305,0
274306,0
274307,0
274308,0
274309,0
274310,0
274311,0
274312,0
274313,0
274314,0
274315,0
274316,0
274317,0
274318,0
274319,0
274320,0
274321,0
274322,0
274323,0
274324,0
274325,0
274326,0
274327,0
274328,0
274329,0
274330,0
274331,0
274332,0
274333,0
274334,0
274335,0
274336,0
274337,0
274338,0
274339,0
274340,0
274341,0
274342,0
274343,0
274344,0
274345,0
274346,0
274347,0
274348,0
274349,0
274350,0
274351,0
274352,0
274353,0
274354,0
274355,0
274356,0
274357,0
274358,0
274359,0
274360,0
274361,0
274362,0
274363,0
274364,0
274365,0
274366,0
274367,0
274368,0
274369,0
274370,0
274371,0
274372,0
274373,0
274374,0
274375,0
274376,0
274377,0
274378,0
274379,0
274380,0
274381,0
274382,0
274383,0
274384,0
274385,0
274386,0
274387,0
274388,0
274389,0
274390,0
274391,0
274392,0
274393,0
274394,0
274395,0
274396,0
274397,0
274398,0
274399,0
274400,0
274401,0
274402,0
274403,0
274404,0
274405,0
274406,0
274407,0
274408,0
274409,0
274410,0
274411,0
274412,0
274413,0
274414,0
274415,0
274416,0
274417,0
274418,0
274419,0
274420,0
274421,0
274422,0
274423,0
274424,0
274425,0
274426,0
274427,0
274428,0
274429,0
274430,0
274431,0
274432,0
274433,0
274434,0
274435,0
274436,0
274437,0
274438,0
274439,0
274440,0
274441,0
274442,0
274443,0
274444,0
274445,0
274446,0
274447,0
274448,0
274449,0
274450,0
274451,0
274452,0
274453,0
274454,0
274455,0
274456,0
274457,0
274458,0
274459,0
274460,0
274461,0
274462,0
274463,0
274464,0
274465,0
274466,0
274467,0
274468,0
274469,0
274470,0
274471,0
274472,0
274473,0
274474,0
274475,0
274476,0
274477,0
274478,0
274479,0
274480,0
274481,0
274482,0
274483,0
274484,0
274485,0
274486,0
274487,0
274488,0
274489,0
274490,0
274491,0
274492,0
274493,0
274494,0
274495,0
274496,0
274497,0
274498,0
274499,0
274500,0
274501,0
274502,0
274503,0
274504,0
274505,0
274506,0
274507,0
274508,0
274509,0
274510,0
274511,0
274512,0
274513,0
274514,0
274515,0
274516,0
274517,0
274518,0
274519,0
274520,0
274521,0
274522,0
274523,0
274524,0
274525,0
274526,0
274527,0
274528,0
274529,0
274530,0
274531,0
274532,0
274533,0
274534,0
274535,0
274536,0
274537,0
274538,0
274539,0
274540,0
274541,0
274542,0
274543,0
274544,0
274545,0
274546,0
274547,0
274548,0
274549,0
274550,0
274551,0
274552,0
274553,0
274554,0
274555,0
274556,0
274557,0
274558,0
274559,0
274560,0
274561,0
274562,0
274563,0
274564,0
274565,0
274566,0
274567,0
274568,0
274569,0
274570,0
274571,0
274572,0
274573,0
274574,0
274575,0
274576,0
274577,0
274578,0
274579,0
274580,0
274581,0
274582,0
274583,0
274584,0
274585,0
274586,0
274587,0
274588,0
274589,0
274590,0
274591,0
274592,0
274593,0
274594,0
274595,0
274596,0
274597,0
274598,0
274599,0
274600,0
274601,0
274602,0
274603,0
274604,0
274605,0
274606,0
274607,0
274608,0
274609,0
274610,0
274611,0
274612,0
274613,0
274614,0
274615,0
274616,0
274617,0
274618,0
274619,0
274620,0
274621,0
274622,0
274623,0
274624,0
274625,0
274626,0
274627,0
274628,0
274629,0
274630,0
274631,0
274632,0
274633,0
274634,0
274635,0
274636,0
274637,0
274638,0
274639,0
274640,0
274641,0
274642,0
274643,0
274644,0
274645,0
274646,0
274647,0
274648,0
274649,0
274650,0
274651,0
274652,0
274653,0
274654,0
274655,0
274656,0
274657,0
274658,0
274659,0
274660,0
274661,0
274662,0
274663,0
274664,0
274665,0
274666,0
274667,0
274668,0
274669,0
274670,0
274671,0
274672,0
274673,0
274674,0
274675,0
274676,0
274677,0
274678,0
274679,0
274680,0
274681,0
274682,0
274683,0
274684,0
274685,0
274686,0
274687,0
274688,0
274689,0
274690,0
274691,0
274692,0
274693,0
274694,0
274695,0
274696,0
274697,0
274698,0
274699,0
274700,0
274701,0
274702,0
274703,0
274704,0
274705,0
274706,0
274707,0
274708,0
274709,0
274710,0
274711,0
274712,0
274713,0
274714,0
274715,0
274716,0
274717,0
274718,0
274719,0
274720,0
274721,0
274722,0
274723,0
274724,0
274725,0
274726,0
274727,0
274728,0
274729,0
274730,0
274731,0
274732,0
274733,0
274734,0
274735,0
274736,0
274737,0
274738,0
274739,0
274740,0
274741,0
274742,0
274743,0
274744,0
274745,0
274746,0
274747,0
274748,0
274749,0
274750,0
274751,0
274752,0
274753,0
274754,0
274755,0
274756,0
274757,0
274758,0
274759,0
274760,0
274761,0
274762,0
274763,0
274764,0
274765,0
274766,0
274767,0
274768,0
274769,0
274770,0
274771,0
274772,0
274773,0
274774,0
274775,0
274776,0
274777,0
274778,0
274779,0
274780,0
274781,0
274782,0
274783,0
274784,0
274785,0
274786,0
274787,0
274788,0
274789,0
274790,0
274791,0
274792,0
274793,0
274794,0
274795,0
274796,0
274797,0
274798,0
274799,0
274800,0
274801,0
274802,0
274803,0
274804,0
274805,0
274806,0
274807,0
274808,0
274809,0
274810,0
274811,0
274812,0
274813,0
274814,0
274815,0
274816,0
274817,0
274818,0
274819,0
274820,0
274821,0
274822,0
274823,0
274824,0
274825,0
274826,0
274827,0
274828,0
274829,0
274830,0
274831,0
274832,0
274833,0
274834,0
274835,0
274836,0
274837,0
274838,0
274839,0
274840,0
274841,0
274842,0
274843,0
274844,0
274845,0
274846,0
274847,0
274848,0
274849,0
274850,0
274851,0
274852,0
274853,0
274854,0
274855,0
274856,0
274857,0
274858,0
274859,0
274860,0
274861,0
274862,0
274863,0
274864,0
274865,0
274866,0
274867,0
274868,0
274869,0
274870,0
274871,0
274872,0
274873,0
274874,0
274875,0
274876,0
274877,0
274878,0
274879,0
274880,0
274881,0
274882,0
274883,0
274884,0
274885,0
274886,0
274887,0
274888,0
274889,0
274890,0
274891,0
274892,0
274893,0
274894,0
274895,0
274896,0
274897,0
274898,0
274899,0
274900,0
274901,0
274902,0
274903,0
274904,0
274905,0
274906,0
274907,0
274908,0
274909,0
274910,0
274911,0
274912,0
274913,0
274914,0
274915,0
274916,0
274917,0
274918,0
274919,0
274920,0
274921,0
274922,0
274923,0
274924,0
274925,0
274926,0
274927,0
274928,0
274929,0
274930,0
274931,0
274932,0
274933,0
274934,0
274935,0
274936,0
274937,0
274938,0
274939,0
274940,0
274941,0
274942,0
274943,0
274944,0
274945,0
274946,0
274947,0
274948,0
274949,0
274950,0
274951,0
274952,0
274953,0
274954,0
274955,0
274956,0
274957,0
274958,0
274959,0
274960,0
274961,0
274962,0
274963,0
274964,0
274965,0
274966,0
274967,0
274968,0
274969,0
274970,0
274971,0
274972,0
274973,0
274974,0
274975,0
274976,0
274977,0
274978,0
274979,0
274980,0
274981,0
274982,0
274983,0
274984,0
274985,0
274986,0
274987,0
274988,0
274989,0
274990,0
274991,0
274992,0
274993,0
274994,0
274995,0
274996,0
274997,0
274998,0
274999,0
275000,0
275001,0
275002,0
275003,0
275004,0
275005,0
275006,0
275007,0
275008,0
275009,0
275010,0
275011,0
275012,0
275013,0
275014,0
275015,0
275016,0
275017,0
275018,0
275019,0
275020,0
275021,0
275022,0
275023,0
275024,0
275025,0
275026,0
275027,0
275028,0
275029,0
275030,0
275031,0
275032,0
275033,0
275034,0
275035,0
275036,0
275037,0
275038,0
275039,0
275040,0
275041,0
275042,0
275043,0
275044,0
275045,0
275046,0
275047,0
275048,0
275049,0
275050,0
275051,0
275052,0
275053,0
275054,0
275055,0
275056,0
275057,0
275058,0
275059,0
275060,0
275061,0
275062,0
275063,0
275064,0
275065,0
275066,0
275067,0
275068,0
275069,0
275070,0
275071,0
275072,0
275073,0
275074,0
275075,0
275076,0
275077,0
275078,0
275079,0
275080,0
275081,0
275082,0
275083,0
275084,0
275085,0
275086,0
275087,0
275088,0
275089,0
275090,0
275091,0
275092,0
275093,0
275094,0
275095,0
275096,0
275097,0
275098,0
275099,0
275100,0
275101,0
275102,0
275103,0
275104,0
275105,0
275106,0
275107,0
275108,0
275109,0
275110,0
275111,0
275112,0
275113,0
275114,0
275115,0
275116,0
275117,0
275118,0
275119,0
275120,0
275121,0
275122,0
275123,0
275124,0
275125,0
275126,0
275127,0
275128,0
275129,0
275130,0
275131,0
275132,0
275133,0
275134,0
275135,0
275136,0
275137,0
275138,0
275139,0
275140,0
275141,0
275142,0
275143,0
275144,0
275145,0
275146,0
275147,0
275148,0
275149,0
275150,0
275151,0
275152,0
275153,0
275154,0
275155,0
275156,0
275157,0
275158,0
275159,0
275160,0
275161,0
275162,0
275163,0
275164,0
275165,0
275166,0
275167,0
275168,0
275169,0
275170,0
275171,0
275172,0
275173,0
275174,0
275175,0
275176,0
275177,0
275178,0
275179,0
275180,0
275181,0
275182,0
275183,0
275184,0
275185,0
275186,0
275187,0
275188,0
275189,0
275190,0
275191,0
275192,0
275193,0
275194,0
275195,0
275196,0
275197,0
275198,0
275199,0
275200,0
275201,0
275202,0
275203,0
275204,0
275205,0
275206,0
275207,0
275208,0
275209,0
275210,0
275211,0
275212,0
275213,0
275214,0
275215,0
275216,0
275217,0
275218,0
275219,0
275220,0
275221,0
275222,0
275223,0
275224,0
275225,0
275226,0
275227,0
275228,0
275229,0
275230,0
275231,0
275232,0
275233,0
275234,0
275235,0
275236,0
275237,0
275238,0
275239,0
275240,0
275241,0
275242,0
275243,0
275244,0
275245,0
275246,0
275247,0
275248,0
275249,0
275250,0
275251,0
275252,0
275253,0
275254,0
275255,0
275256,0
275257,0
275258,0
275259,0
275260,0
275261,0
275262,0
275263,0
275264,0
275265,0
275266,0
275267,0
275268,0
275269,0
275270,0
275271,0
275272,0
275273,0
275274,0
275275,0
275276,0
275277,0
275278,0
275279,0
275280,0
275281,0
275282,0
275283,0
275284,0
275285,0
275286,0
275287,0
275288,0
275289,0
275290,0
275291,0
275292,0
275293,0
275294,0
275295,0
275296,0
275297,0
275298,0
275299,0
275300,0
275301,0
275302,0
275303,0
275304,0
275305,0
275306,0
275307,0
275308,0
275309,0
275310,0
275311,0
275312,0
275313,0
275314,0
275315,0
275316,0
275317,0
275318,0
275319,0
275320,0
275321,0
275322,0
275323,0
275324,0
275325,0
275326,0
275327,0
275328,0
275329,0
275330,0
275331,0
275332,0
275333,0
275334,0
275335,0
275336,0
275337,0
275338,0
275339,0
275340,0
275341,0
275342,0
275343,0
275344,0
275345,0
275346,0
275347,0
275348,0
275349,0
275350,0
275351,0
275352,0
275353,0
275354,0
275355,0
275356,0
275357,0
275358,0
275359,0
275360,0
275361,0
275362,0
275363,0
275364,0
275365,0
275366,0
275367,0
275368,0
275369,0
275370,0
275371,0
275372,0
275373,0
275374,0
275375,0
275376,0
275377,0
275378,0
275379,0
275380,0
275381,0
275382,0
275383,0
275384,0
275385,0
275386,0
275387,0
275388,0
275389,0
275390,0
275391,0
275392,0
275393,0
275394,0
275395,0
275396,0
275397,0
275398,0
275399,0
275400,0
275401,0
275402,0
275403,0
275404,0
275405,0
275406,0
275407,0
275408,0
275409,0
275410,0
275411,0
275412,0
275413,0
275414,0
275415,0
275416,0
275417,0
275418,0
275419,0
275420,0
275421,0
275422,0
275423,0
275424,0
275425,0
275426,0
275427,0
275428,0
275429,0
275430,0
275431,0
275432,0
275433,0
275434,0
275435,0
275436,0
275437,0
275438,0
275439,0
275440,0
275441,0
275442,0
275443,0
275444,0
275445,0
275446,0
275447,0
275448,0
275449,0
275450,0
275451,0
275452,0
275453,0
275454,0
275455,0
275456,0
275457,0
275458,0
275459,0
275460,0
275461,0
275462,0
275463,0
275464,0
275465,0
275466,0
275467,0
275468,0
275469,0
275470,0
275471,0
275472,0
275473,0
275474,0
275475,0
275476,0
275477,0
275478,0
275479,0
275480,0
275481,0
275482,0
275483,0
275484,0
275485,0
275486,0
275487,0
275488,0
275489,0
275490,0
275491,0
275492,0
275493,0
275494,0
275495,0
275496,0
275497,0
275498,0
275499,0
275500,0
275501,0
275502,0
275503,0
275504,0
275505,0
275506,0
275507,0
275508,0
275509,0
275510,0
275511,0
275512,0
275513,0
275514,0
275515,0
275516,0
275517,0
275518,0
275519,0
275520,0
275521,0
275522,0
275523,0
275524,0
275525,0
275526,0
275527,0
275528,0
275529,0
275530,0
275531,0
275532,0
275533,0
275534,0
275535,0
275536,0
275537,0
275538,0
275539,0
275540,0
275541,0
275542,0
275543,0
275544,0
275545,0
275546,0
275547,0
275548,0
275549,0
275550,0
275551,0
275552,0
275553,0
275554,0
275555,0
275556,0
275557,0
275558,0
275559,0
275560,0
275561,0
275562,0
275563,0
275564,0
275565,0
275566,0
275567,0
275568,0
275569,0
275570,0
275571,0
275572,0
275573,0
275574,0
275575,0
275576,0
275577,0
275578,0
275579,0
275580,0
275581,0
275582,0
275583,0
275584,0
275585,0
275586,0
275587,0
275588,0
275589,0
275590,0
275591,0
275592,0
275593,0
275594,0
275595,0
275596,0
275597,0
275598,0
275599,0
275600,0
275601,0
275602,0
275603,0
275604,0
275605,0
275606,0
275607,0
275608,0
275609,0
275610,0
275611,0
275612,0
275613,0
275614,0
275615,0
275616,0
275617,0
275618,0
275619,0
275620,0
275621,0
275622,0
275623,0
275624,0
275625,0
275626,0
275627,0
275628,0
275629,0
275630,0
275631,0
275632,0
275633,0
275634,0
275635,0
275636,0
275637,0
275638,0
275639,0
275640,0
275641,0
275642,0
275643,0
275644,0
275645,0
275646,0
275647,0
275648,0
275649,0
275650,0
275651,0
275652,0
275653,0
275654,0
275655,0
275656,0
275657,0
275658,0
275659,0
275660,0
275661,0
275662,0
275663,0
275664,0
275665,0
275666,0
275667,0
275668,0
275669,0
275670,0
275671,0
275672,0
275673,0
275674,0
275675,0
275676,0
275677,0
275678,0
275679,0
275680,0
275681,0
275682,0
275683,0
275684,0
275685,0
275686,0
275687,0
275688,0
275689,0
275690,0
275691,0
275692,0
275693,0
275694,0
275695,0
275696,0
275697,0
275698,0
275699,0
275700,0
275701,0
275702,0
275703,0
275704,0
275705,0
275706,0
275707,0
275708,0
275709,0
275710,0
275711,0
275712,0
275713,0
275714,0
275715,0
275716,0
275717,0
275718,0
275719,0
275720,0
275721,0
275722,0
275723,0
275724,0
275725,0
275726,0
275727,0
275728,0
275729,0
275730,0
275731,0
275732,0
275733,0
275734,0
275735,0
275736,0
275737,0
275738,0
275739,0
275740,0
275741,0
275742,0
275743,0
275744,0
275745,0
275746,0
275747,0
275748,0
275749,0
275750,0
275751,0
275752,0
275753,0
275754,0
275755,0
275756,0
275757,0
275758,0
275759,0
275760,0
275761,0
275762,0
275763,0
275764,0
275765,0
275766,0
275767,0
275768,0
275769,0
275770,0
275771,0
275772,0
275773,0
275774,0
275775,0
275776,0
275777,0
275778,0
275779,0
275780,0
275781,0
275782,0
275783,0
275784,0
275785,0
275786,0
275787,0
275788,0
275789,0
275790,0
275791,0
275792,0
275793,0
275794,0
275795,0
275796,0
275797,0
275798,0
275799,0
275800,0
275801,0
275802,0
275803,0
275804,0
275805,0
275806,0
275807,0
275808,0
275809,0
275810,0
275811,0
275812,0
275813,0
275814,0
275815,0
275816,0
275817,0
275818,0
275819,0
275820,0
275821,0
275822,0
275823,0
275824,0
275825,0
275826,0
275827,0
275828,0
275829,0
275830,0
275831,0
275832,0
275833,0
275834,0
275835,0
275836,0
275837,0
275838,0
275839,0
275840,0
275841,0
275842,0
275843,0
275844,0
275845,0
275846,0
275847,0
275848,0
275849,0
275850,0
275851,0
275852,0
275853,0
275854,0
275855,0
275856,0
275857,0
275858,0
275859,0
275860,0
275861,0
275862,0
275863,0
275864,0
275865,0
275866,0
275867,0
275868,0
275869,0
275870,0
275871,0
275872,0
275873,0
275874,0
275875,0
275876,0
275877,0
275878,0
275879,0
275880,0
275881,0
275882,0
275883,0
275884,0
275885,0
275886,0
275887,0
275888,0
275889,0
275890,0
275891,0
275892,0
275893,0
275894,0
275895,0
275896,0
275897,0
275898,0
275899,0
275900,0
275901,0
275902,0
275903,0
275904,0
275905,0
275906,0
275907,0
275908,0
275909,0
275910,0
275911,0
275912,0
275913,0
275914,0
275915,0
275916,0
275917,0
275918,0
275919,0
275920,0
275921,0
275922,0
275923,0
275924,0
275925,0
275926,0
275927,0
275928,0
275929,0
275930,0
275931,0
275932,0
275933,0
275934,0
275935,0
275936,0
275937,0
275938,0
275939,0
275940,0
275941,0
275942,0
275943,0
275944,0
275945,0
275946,0
275947,0
275948,0
275949,0
275950,0
275951,0
275952,0
275953,0
275954,0
275955,0
275956,0
275957,0
275958,0
275959,0
275960,0
275961,0
275962,0
275963,0
275964,0
275965,0
275966,0
275967,0
275968,0
275969,0
275970,0
275971,0
275972,0
275973,0
275974,0
275975,0
275976,0
275977,0
275978,0
275979,0
275980,0
275981,0
275982,0
275983,0
275984,0
275985,0
275986,0
275987,0
275988,0
275989,0
275990,0
275991,0
275992,0
275993,0
275994,0
275995,0
275996,0
275997,0
275998,0
275999,0
276000,0
276001,0
276002,0
276003,0
276004,0
276005,0
276006,0
276007,0
276008,0
276009,0
276010,0
276011,0
276012,0
276013,0
276014,0
276015,0
276016,0
276017,0
276018,0
276019,0
276020,0
276021,0
276022,0
276023,0
276024,0
276025,0
276026,0
276027,0
276028,0
276029,0
276030,0
276031,0
276032,0
276033,0
276034,0
276035,0
276036,0
276037,0
276038,0
276039,0
276040,0
276041,0
276042,0
276043,0
276044,0
276045,0
276046,0
276047,0
276048,0
276049,0
276050,0
276051,0
276052,0
276053,0
276054,0
276055,0
276056,0
276057,0
276058,0
276059,0
276060,0
276061,0
276062,0
276063,0
276064,0
276065,0
276066,0
276067,0
276068,0
276069,0
276070,0
276071,0
276072,0
276073,0
276074,0
276075,0
276076,0
276077,0
276078,0
276079,0
276080,0
276081,0
276082,0
276083,0
276084,0
276085,0
276086,0
276087,0
276088,0
276089,0
276090,0
276091,0
276092,0
276093,0
276094,0
276095,0
276096,0
276097,0
276098,0
276099,0
276100,0
276101,0
276102,0
276103,0
276104,0
276105,0
276106,0
276107,0
276108,0
276109,0
276110,0
276111,0
276112,0
276113,0
276114,0
276115,0
276116,0
276117,0
276118,0
276119,0
276120,0
276121,0
276122,0
276123,0
276124,0
276125,0
276126,0
276127,0
276128,0
276129,0
276130,0
276131,0
276132,0
276133,0
276134,0
276135,0
276136,0
276137,0
276138,0
276139,0
276140,0
276141,0
276142,0
276143,0
276144,0
276145,0
276146,0
276147,0
276148,0
276149,0
276150,0
276151,0
276152,0
276153,0
276154,0
276155,0
276156,0
276157,0
276158,0
276159,0
276160,0
276161,0
276162,0
276163,0
276164,0
276165,0
276166,0
276167,0
276168,0
276169,0
276170,0
276171,0
276172,0
276173,0
276174,0
276175,0
276176,0
276177,0
276178,0
276179,0
276180,0
276181,0
276182,0
276183,0
276184,0
276185,0
276186,0
276187,0
276188,0
276189,0
276190,0
276191,0
276192,0
276193,0
276194,0
276195,0
276196,0
276197,0
276198,0
276199,0
276200,0
276201,0
276202,0
276203,0
276204,0
276205,0
276206,0
276207,0
276208,0
276209,0
276210,0
276211,0
276212,0
276213,0
276214,0
276215,0
276216,0
276217,0
276218,0
276219,0
276220,0
276221,0
276222,0
276223,0
276224,0
276225,0
276226,0
276227,0
276228,0
276229,0
276230,0
276231,0
276232,0
276233,0
276234,0
276235,0
276236,0
276237,0
276238,0
276239,0
276240,0
276241,0
276242,0
276243,0
276244,0
276245,0
276246,0
276247,0
276248,0
276249,0
276250,0
276251,0
276252,0
276253,0
276254,0
276255,0
276256,0
276257,0
276258,0
276259,0
276260,0
276261,0
276262,0
276263,0
276264,0
276265,0
276266,0
276267,0
276268,0
276269,0
276270,0
276271,0
276272,0
276273,0
276274,0
276275,0
276276,0
276277,0
276278,0
276279,0
276280,0
276281,0
276282,0
276283,0
276284,0
276285,0
276286,0
276287,0
276288,0
276289,0
276290,0
276291,0
276292,0
276293,0
276294,0
276295,0
276296,0
276297,0
276298,0
276299,0
276300,0
276301,0
276302,0
276303,0
276304,0
276305,0
276306,0
276307,0
276308,0
276309,0
276310,0
276311,0
276312,0
276313,0
276314,0
276315,0
276316,0
276317,0
276318,0
276319,0
276320,0
276321,0
276322,0
276323,0
276324,0
276325,0
276326,0
276327,0
276328,0
276329,0
276330,0
276331,0
276332,0
276333,0
276334,0
276335,0
276336,0
276337,0
276338,0
276339,0
276340,0
276341,0
276342,0
276343,0
276344,0
276345,0
276346,0
276347,0
276348,0
276349,0
276350,0
276351,0
276352,0
276353,0
276354,0
276355,0
276356,0
276357,0
276358,0
276359,0
276360,0
276361,0
276362,0
276363,0
276364,0
276365,0
276366,0
276367,0
276368,0
276369,0
276370,0
276371,0
276372,0
276373,0
276374,0
276375,0
276376,0
276377,0
276378,0
276379,0
276380,0
276381,0
276382,0
276383,0
276384,0
276385,0
276386,0
276387,0
276388,0
276389,0
276390,0
276391,0
276392,0
276393,0
276394,0
276395,0
276396,0
276397,0
276398,0
276399,0
276400,0
276401,0
276402,0
276403,0
276404,0
276405,0
276406,0
276407,0
276408,0
276409,0
276410,0
276411,0
276412,0
276413,0
276414,0
276415,0
276416,0
276417,0
276418,0
276419,0
276420,0
276421,0
276422,0
276423,0
276424,0
276425,0
276426,0
276427,0
276428,0
276429,0
276430,0
276431,0
276432,0
276433,0
276434,0
276435,0
276436,0
276437,0
276438,0
276439,0
276440,0
276441,0
276442,0
276443,0
276444,0
276445,0
276446,0
276447,0
276448,0
276449,0
276450,0
276451,0
276452,0
276453,0
276454,0
276455,0
276456,0
276457,0
276458,0
276459,0
276460,0
276461,0
276462,0
276463,0
276464,0
276465,0
276466,0
276467,0
276468,0
276469,0
276470,0
276471,0
276472,0
276473,0
276474,0
276475,0
276476,0
276477,0
276478,0
276479,0
276480,0
276481,0
276482,0
276483,0
276484,0
276485,0
276486,0
276487,0
276488,0
276489,0
276490,0
276491,0
276492,0
276493,0
276494,0
276495,0
276496,0
276497,0
276498,0
276499,0
276500,0
276501,0
276502,0
276503,0
276504,0
276505,0
276506,0
276507,0
276508,0
276509,0
276510,0
276511,0
276512,0
276513,0
276514,0
276515,0
276516,0
276517,0
276518,0
276519,0
276520,0
276521,0
276522,0
276523,0
276524,0
276525,0
276526,0
276527,0
276528,0
276529,0
276530,0
276531,0
276532,0
276533,0
276534,0
276535,0
276536,0
276537,0
276538,0
276539,0
276540,0
276541,0
276542,0
276543,0
276544,0
276545,0
276546,0
276547,0
276548,0
276549,0
276550,0
276551,0
276552,0
276553,0
276554,0
276555,0
276556,0
276557,0
276558,0
276559,0
276560,0
276561,0
276562,0
276563,0
276564,0
276565,0
276566,0
276567,0
276568,0
276569,0
276570,0
276571,0
276572,0
276573,0
276574,0
276575,0
276576,0
276577,0
276578,0
276579,0
276580,0
276581,0
276582,0
276583,0
276584,0
276585,0
276586,0
276587,0
276588,0
276589,0
276590,0
276591,0
276592,0
276593,0
276594,0
276595,0
276596,0
276597,0
276598,0
276599,0
276600,0
276601,0
276602,0
276603,0
276604,0
276605,0
276606,0
276607,0
276608,0
276609,0
276610,0
276611,0
276612,0
276613,0
276614,0
276615,0
276616,0
276617,0
276618,0
276619,0
276620,0
276621,0
276622,0
276623,0
276624,0
276625,0
276626,0
276627,0
276628,0
276629,0
276630,0
276631,0
276632,0
276633,0
276634,0
276635,0
276636,0
276637,0
276638,0
276639,0
276640,0
276641,0
276642,0
276643,0
276644,0
276645,0
276646,0
276647,0
276648,0
276649,0
276650,0
276651,0
276652,0
276653,0
276654,0
276655,0
276656,0
276657,0
276658,0
276659,0
276660,0
276661,0
276662,0
276663,0
276664,0
276665,0
276666,0
276667,0
276668,0
276669,0
276670,0
276671,0
276672,0
276673,0
276674,0
276675,0
276676,0
276677,0
276678,0
276679,0
276680,0
276681,0
276682,0
276683,0
276684,0
276685,0
276686,0
276687,0
276688,0
276689,0
276690,0
276691,0
276692,0
276693,0
276694,0
276695,0
276696,0
276697,0
276698,0
276699,0
276700,0
276701,0
276702,0
276703,0
276704,0
276705,0
276706,0
276707,0
276708,0
276709,0
276710,0
276711,0
276712,0
276713,0
276714,0
276715,0
276716,0
276717,0
276718,0
276719,0
276720,0
276721,0
276722,0
276723,0
276724,0
276725,0
276726,0
276727,0
276728,0
276729,0
276730,0
276731,0
276732,0
276733,0
276734,0
276735,0
276736,0
276737,0
276738,0
276739,0
276740,0
276741,0
276742,0
276743,0
276744,0
276745,0
276746,0
276747,0
276748,0
276749,0
276750,0
276751,0
276752,0
276753,0
276754,0
276755,0
276756,0
276757,0
276758,0
276759,0
276760,0
276761,0
276762,0
276763,0
276764,0
276765,0
276766,0
276767,0
276768,0
276769,0
276770,0
276771,0
276772,0
276773,0
276774,0
276775,0
276776,0
276777,0
276778,0
276779,0
276780,0
276781,0
276782,0
276783,0
276784,0
276785,0
276786,0
276787,0
276788,0
276789,0
276790,0
276791,0
276792,0
276793,0
276794,0
276795,0
276796,0
276797,0
276798,0
276799,0
276800,0
276801,0
276802,0
276803,0
276804,0
276805,0
276806,0
276807,0
276808,0
276809,0
276810,0
276811,0
276812,0
276813,0
276814,0
276815,0
276816,0
276817,0
276818,0
276819,0
276820,0
276821,0
276822,0
276823,0
276824,0
276825,0
276826,0
276827,0
276828,0
276829,0
276830,0
276831,0
276832,0
276833,0
276834,0
276835,0
276836,0
276837,0
276838,0
276839,0
276840,0
276841,0
276842,0
276843,0
276844,0
276845,0
276846,0
276847,0
276848,0
276849,0
276850,0
276851,0
276852,0
276853,0
276854,0
276855,0
276856,0
276857,0
276858,0
276859,0
276860,0
276861,0
276862,0
276863,0
276864,0
276865,0
276866,0
276867,0
276868,0
276869,0
276870,0
276871,0
276872,0
276873,0
276874,0
276875,0
276876,0
276877,0
276878,0
276879,0
276880,0
276881,0
276882,0
276883,0
276884,0
276885,0
276886,0
276887,0
276888,0
276889,0
276890,0
276891,0
276892,0
276893,0
276894,0
276895,0
276896,0
276897,0
276898,0
276899,0
276900,0
276901,0
276902,0
276903,0
276904,0
276905,0
276906,0
276907,0
276908,0
276909,0
276910,0
276911,0
276912,0
276913,0
276914,0
276915,0
276916,0
276917,0
276918,0
276919,0
276920,0
276921,0
276922,0
276923,0
276924,0
276925,0
276926,0
276927,0
276928,0
276929,0
276930,0
276931,0
276932,0
276933,0
276934,0
276935,0
276936,0
276937,0
276938,0
276939,0
276940,0
276941,0
276942,0
276943,0
276944,0
276945,0
276946,0
276947,0
276948,0
276949,0
276950,0
276951,0
276952,0
276953,0
276954,0
276955,0
276956,0
276957,0
276958,0
276959,0
276960,0
276961,0
276962,0
276963,0
276964,0
276965,0
276966,0
276967,0
276968,0
276969,0
276970,0
276971,0
276972,0
276973,0
276974,0
276975,0
276976,0
276977,0
276978,0
276979,0
276980,0
276981,0
276982,0
276983,0
276984,0
276985,0
276986,0
276987,0
276988,0
276989,0
276990,0
276991,0
276992,0
276993,0
276994,0
276995,0
276996,0
276997,0
276998,0
276999,0
277000,0
277001,0
277002,0
277003,0
277004,0
277005,0
277006,0
277007,0
277008,0
277009,0
277010,0
277011,0
277012,0
277013,0
277014,0
277015,0
277016,0
277017,0
277018,0
277019,0
277020,0
277021,0
277022,0
277023,0
277024,0
277025,0
277026,0
277027,0
277028,0
277029,0
277030,0
277031,0
277032,0
277033,0
277034,0
277035,0
277036,0
277037,0
277038,0
277039,0
277040,0
277041,0
277042,0
277043,0
277044,0
277045,0
277046,0
277047,0
277048,0
277049,0
277050,0
277051,0
277052,0
277053,0
277054,0
277055,0
277056,0
277057,0
277058,0
277059,0
277060,0
277061,0
277062,0
277063,0
277064,0
277065,0
277066,0
277067,0
277068,0
277069,0
277070,0
277071,0
277072,0
277073,0
277074,0
277075,0
277076,0
277077,0
277078,0
277079,0
277080,0
277081,0
277082,0
277083,0
277084,0
277085,0
277086,0
277087,0
277088,0
277089,0
277090,0
277091,0
277092,0
277093,0
277094,0
277095,0
277096,0
277097,0
277098,0
277099,0
277100,0
277101,0
277102,0
277103,0
277104,0
277105,0
277106,0
277107,0
277108,0
277109,0
277110,0
277111,0
277112,0
277113,0
277114,0
277115,0
277116,0
277117,0
277118,0
277119,0
277120,0
277121,0
277122,0
277123,0
277124,0
277125,0
277126,0
277127,0
277128,0
277129,0
277130,0
277131,0
277132,0
277133,0
277134,0
277135,0
277136,0
277137,0
277138,0
277139,0
277140,0
277141,0
277142,0
277143,0
277144,0
277145,0
277146,0
277147,0
277148,0
277149,0
277150,0
277151,0
277152,0
277153,0
277154,0
277155,0
277156,0
277157,0
277158,0
277159,0
277160,0
277161,0
277162,0
277163,0
277164,0
277165,0
277166,0
277167,0
277168,0
277169,0
277170,0
277171,0
277172,0
277173,0
277174,0
277175,0
277176,0
277177,0
277178,0
277179,0
277180,0
277181,0
277182,0
277183,0
277184,0
277185,0
277186,0
277187,0
277188,0
277189,0
277190,0
277191,0
277192,0
277193,0
277194,0
277195,0
277196,0
277197,0
277198,0
277199,0
277200,0
277201,0
277202,0
277203,0
277204,0
277205,0
277206,0
277207,0
277208,0
277209,0
277210,0
277211,0
277212,0
277213,0
277214,0
277215,0
277216,0
277217,0
277218,0
277219,0
277220,0
277221,0
277222,0
277223,0
277224,0
277225,0
277226,0
277227,0
277228,0
277229,0
277230,0
277231,0
277232,0
277233,0
277234,0
277235,0
277236,0
277237,0
277238,0
277239,0
277240,0
277241,0
277242,0
277243,0
277244,0
277245,0
277246,0
277247,0
277248,0
277249,0
277250,0
277251,0
277252,0
277253,0
277254,0
277255,0
277256,0
277257,0
277258,0
277259,0
277260,0
277261,0
277262,0
277263,0
277264,0
277265,0
277266,0
277267,0
277268,0
277269,0
277270,0
277271,0
277272,0
277273,0
277274,0
277275,0
277276,0
277277,0
277278,0
277279,0
277280,0
277281,0
277282,0
277283,0
277284,0
277285,0
277286,0
277287,0
277288,0
277289,0
277290,0
277291,0
277292,0
277293,0
277294,0
277295,0
277296,0
277297,0
277298,0
277299,0
277300,0
277301,0
277302,0
277303,0
277304,0
277305,0
277306,0
277307,0
277308,0
277309,0
277310,0
277311,0
277312,0
277313,0
277314,0
277315,0
277316,0
277317,0
277318,0
277319,0
277320,0
277321,0
277322,0
277323,0
277324,0
277325,0
277326,0
277327,0
277328,0
277329,0
277330,0
277331,0
277332,0
277333,0
277334,0
277335,0
277336,0
277337,0
277338,0
277339,0
277340,0
277341,0
277342,0
277343,0
277344,0
277345,0
277346,0
277347,0
277348,0
277349,0
277350,0
277351,0
277352,0
277353,0
277354,0
277355,0
277356,0
277357,0
277358,0
277359,0
277360,0
277361,0
277362,0
277363,0
277364,0
277365,0
277366,0
277367,0
277368,0
277369,0
277370,0
277371,0
277372,0
277373,0
277374,0
277375,0
277376,0
277377,0
277378,0
277379,0
277380,0
277381,0
277382,0
277383,0
277384,0
277385,0
277386,0
277387,0
277388,0
277389,0
277390,0
277391,0
277392,0
277393,0
277394,0
277395,0
277396,0
277397,0
277398,0
277399,0
277400,0
277401,0
277402,0
277403,0
277404,0
277405,0
277406,0
277407,0
277408,0
277409,0
277410,0
277411,0
277412,0
277413,0
277414,0
277415,0
277416,0
277417,0
277418,0
277419,0
277420,0
277421,0
277422,0
277423,0
277424,0
277425,0
277426,0
277427,0
277428,0
277429,0
277430,0
277431,0
277432,0
277433,0
277434,0
277435,0
277436,0
277437,0
277438,0
277439,0
277440,0
277441,0
277442,0
277443,0
277444,0
277445,0
277446,0
277447,0
277448,0
277449,0
277450,0
277451,0
277452,0
277453,0
277454,0
277455,0
277456,0
277457,0
277458,0
277459,0
277460,0
277461,0
277462,0
277463,0
277464,0
277465,0
277466,0
277467,0
277468,0
277469,0
277470,0
277471,0
277472,0
277473,0
277474,0
277475,0
277476,0
277477,0
277478,0
277479,0
277480,0
277481,0
277482,0
277483,0
277484,0
277485,0
277486,0
277487,0
277488,0
277489,0
277490,0
277491,0
277492,0
277493,0
277494,0
277495,0
277496,0
277497,0
277498,0
277499,0
277500,0
277501,0
277502,0
277503,0
277504,0
277505,0
277506,0
277507,0
277508,0
277509,0
277510,0
277511,0
277512,0
277513,0
277514,0
277515,0
277516,0
277517,0
277518,0
277519,0
277520,0
277521,0
277522,0
277523,0
277524,0
277525,0
277526,0
277527,0
277528,0
277529,0
277530,0
277531,0
277532,0
277533,0
277534,0
277535,0
277536,0
277537,0
277538,0
277539,0
277540,0
277541,0
277542,0
277543,0
277544,0
277545,0
277546,0
277547,0
277548,0
277549,0
277550,0
277551,0
277552,0
277553,0
277554,0
277555,0
277556,0
277557,0
277558,0
277559,0
277560,0
277561,0
277562,0
277563,0
277564,0
277565,0
277566,0
277567,0
277568,0
277569,0
277570,0
277571,0
277572,0
277573,0
277574,0
277575,0
277576,0
277577,0
277578,0
277579,0
277580,0
277581,0
277582,0
277583,0
277584,0
277585,0
277586,0
277587,0
277588,0
277589,0
277590,0
277591,0
277592,0
277593,0
277594,0
277595,0
277596,0
277597,0
277598,0
277599,0
277600,0
277601,0
277602,0
277603,0
277604,0
277605,0
277606,0
277607,0
277608,0
277609,0
277610,0
277611,0
277612,0
277613,0
277614,0
277615,0
277616,0
277617,0
277618,0
277619,0
277620,0
277621,0
277622,0
277623,0
277624,0
277625,0
277626,0
277627,0
277628,0
277629,0
277630,0
277631,0
277632,0
277633,0
277634,0
277635,0
277636,0
277637,0
277638,0
277639,0
277640,0
277641,0
277642,0
277643,0
277644,0
277645,0
277646,0
277647,0
277648,0
277649,0
277650,0
277651,0
277652,0
277653,0
277654,0
277655,0
277656,0
277657,0
277658,0
277659,0
277660,0
277661,0
277662,0
277663,0
277664,0
277665,0
277666,0
277667,0
277668,0
277669,0
277670,0
277671,0
277672,0
277673,0
277674,0
277675,0
277676,0
277677,0
277678,0
277679,0
277680,0
277681,0
277682,0
277683,0
277684,0
277685,0
277686,0
277687,0
277688,0
277689,0
277690,0
277691,0
277692,0
277693,0
277694,0
277695,0
277696,0
277697,0
277698,0
277699,0
277700,0
277701,0
277702,0
277703,0
277704,0
277705,0
277706,0
277707,0
277708,0
277709,0
277710,0
277711,0
277712,0
277713,0
277714,0
277715,0
277716,0
277717,0
277718,0
277719,0
277720,0
277721,0
277722,0
277723,0
277724,0
277725,0
277726,0
277727,0
277728,0
277729,0
277730,0
277731,0
277732,0
277733,0
277734,0
277735,0
277736,0
277737,0
277738,0
277739,0
277740,0
277741,0
277742,0
277743,0
277744,0
277745,0
277746,0
277747,0
277748,0
277749,0
277750,0
277751,0
277752,0
277753,0
277754,0
277755,0
277756,0
277757,0
277758,0
277759,0
277760,0
277761,0
277762,0
277763,0
277764,0
277765,0
277766,0
277767,0
277768,0
277769,0
277770,0
277771,0
277772,0
277773,0
277774,0
277775,0
277776,0
277777,0
277778,0
277779,0
277780,0
277781,0
277782,0
277783,0
277784,0
277785,0
277786,0
277787,0
277788,0
277789,0
277790,0
277791,0
277792,0
277793,0
277794,0
277795,0
277796,0
277797,0
277798,0
277799,0
277800,0
277801,0
277802,0
277803,0
277804,0
277805,0
277806,0
277807,0
277808,0
277809,0
277810,0
277811,0
277812,0
277813,0
277814,0
277815,0
277816,0
277817,0
277818,0
277819,0
277820,0
277821,0
277822,0
277823,0
277824,0
277825,0
277826,0
277827,0
277828,0
277829,0
277830,0
277831,0
277832,0
277833,0
277834,0
277835,0
277836,0
277837,0
277838,0
277839,0
277840,0
277841,0
277842,0
277843,0
277844,0
277845,0
277846,0
277847,0
277848,0
277849,0
277850,0
277851,0
277852,0
277853,0
277854,0
277855,0
277856,0
277857,0
277858,0
277859,0
277860,0
277861,0
277862,0
277863,0
277864,0
277865,0
277866,0
277867,0
277868,0
277869,0
277870,0
277871,0
277872,0
277873,0
277874,0
277875,0
277876,0
277877,0
277878,0
277879,0
277880,0
277881,0
277882,0
277883,0
277884,0
277885,0
277886,0
277887,0
277888,0
277889,0
277890,0
277891,0
277892,0
277893,0
277894,0
277895,0
277896,0
277897,0
277898,0
277899,0
277900,0
277901,0
277902,0
277903,0
277904,0
277905,0
277906,0
277907,0
277908,0
277909,0
277910,0
277911,0
277912,0
277913,0
277914,0
277915,0
277916,0
277917,0
277918,0
277919,0
277920,0
277921,0
277922,0
277923,0
277924,0
277925,0
277926,0
277927,0
277928,0
277929,0
277930,0
277931,0
277932,0
277933,0
277934,0
277935,0
277936,0
277937,0
277938,0
277939,0
277940,0
277941,0
277942,0
277943,0
277944,0
277945,0
277946,0
277947,0
277948,0
277949,0
277950,0
277951,0
277952,0
277953,0
277954,0
277955,0
277956,0
277957,0
277958,0
277959,0
277960,0
277961,0
277962,0
277963,0
277964,0
277965,0
277966,0
277967,0
277968,0
277969,0
277970,0
277971,0
277972,0
277973,0
277974,0
277975,0
277976,0
277977,0
277978,0
277979,0
277980,0
277981,0
277982,0
277983,0
277984,0
277985,0
277986,0
277987,0
277988,0
277989,0
277990,0
277991,0
277992,0
277993,0
277994,0
277995,0
277996,0
277997,0
277998,0
277999,0
278000,0
278001,0
278002,0
278003,0
278004,0
278005,0
278006,0
278007,0
278008,0
278009,0
278010,0
278011,0
278012,0
278013,0
278014,0
278015,0
278016,0
278017,0
278018,0
278019,0
278020,0
278021,0
278022,0
278023,0
278024,0
278025,0
278026,0
278027,0
278028,0
278029,0
278030,0
278031,0
278032,0
278033,0
278034,0
278035,0
278036,0
278037,0
278038,0
278039,0
278040,0
278041,0
278042,0
278043,0
278044,0
278045,0
278046,0
278047,0
278048,0
278049,0
278050,0
278051,0
278052,0
278053,0
278054,0
278055,0
278056,0
278057,0
278058,0
278059,0
278060,0
278061,0
278062,0
278063,0
278064,0
278065,0
278066,0
278067,0
278068,0
278069,0
278070,0
278071,0
278072,0
278073,0
278074,0
278075,0
278076,0
278077,0
278078,0
278079,0
278080,0
278081,0
278082,0
278083,0
278084,0
278085,0
278086,0
278087,0
278088,0
278089,0
278090,0
278091,0
278092,0
278093,0
278094,0
278095,0
278096,0
278097,0
278098,0
278099,0
278100,0
278101,0
278102,0
278103,0
278104,0
278105,0
278106,0
278107,0
278108,0
278109,0
278110,0
278111,0
278112,0
278113,0
278114,0
278115,0
278116,0
278117,0
278118,0
278119,0
278120,0
278121,0
278122,0
278123,0
278124,0
278125,0
278126,0
278127,0
278128,0
278129,0
278130,0
278131,0
278132,0
278133,0
278134,0
278135,0
278136,0
278137,0
278138,0
278139,0
278140,0
278141,0
278142,0
278143,0
278144,0
278145,0
278146,0
278147,0
278148,0
278149,0
278150,0
278151,0
278152,0
278153,0
278154,0
278155,0
278156,0
278157,0
278158,0
278159,0
278160,0
278161,0
278162,0
278163,0
278164,0
278165,0
278166,0
278167,0
278168,0
278169,0
278170,0
278171,0
278172,0
278173,0
278174,0
278175,0
278176,0
278177,0
278178,0
278179,0
278180,0
278181,0
278182,0
278183,0
278184,0
278185,0
278186,0
278187,0
278188,0
278189,0
278190,0
278191,0
278192,0
278193,0
278194,0
278195,0
278196,0
278197,0
278198,0
278199,0
278200,0
278201,0
278202,0
278203,0
278204,0
278205,0
278206,0
278207,0
278208,0
278209,0
278210,0
278211,0
278212,0
278213,0
278214,0
278215,0
278216,0
278217,0
278218,0
278219,0
278220,0
278221,0
278222,0
278223,0
278224,0
278225,0
278226,0
278227,0
278228,0
278229,0
278230,0
278231,0
278232,0
278233,0
278234,0
278235,0
278236,0
278237,0
278238,0
278239,0
278240,0
278241,0
278242,0
278243,0
278244,0
278245,0
278246,0
278247,0
278248,0
278249,0
278250,0
278251,0
278252,0
278253,0
278254,0
278255,0
278256,0
278257,0
278258,0
278259,0
278260,0
278261,0
278262,0
278263,0
278264,0
278265,0
278266,0
278267,0
278268,0
278269,0
278270,0
278271,0
278272,0
278273,0
278274,0
278275,0
278276,0
278277,0
278278,0
278279,0
278280,0
278281,0
278282,0
278283,0
278284,0
278285,0
278286,0
278287,0
278288,0
278289,0
278290,0
278291,0
278292,0
278293,0
278294,0
278295,0
278296,0
278297,0
278298,0
278299,0
278300,0
278301,0
278302,0
278303,0
278304,0
278305,0
278306,0
278307,0
278308,0
278309,0
278310,0
278311,0
278312,0
278313,0
278314,0
278315,0
278316,0
278317,0
278318,0
278319,0
278320,0
278321,0
278322,0
278323,0
278324,0
278325,0
278326,0
278327,0
278328,0
278329,0
278330,0
278331,0
278332,0
278333,0
278334,0
278335,0
278336,0
278337,0
278338,0
278339,0
278340,0
278341,0
278342,0
278343,0
278344,0
278345,0
278346,0
278347,0
278348,0
278349,0
278350,0
278351,0
278352,0
278353,0
278354,0
278355,0
278356,0
278357,0
278358,0
278359,0
278360,0
278361,0
278362,0
278363,0
278364,0
278365,0
278366,0
278367,0
278368,0
278369,0
278370,0
278371,0
278372,0
278373,0
278374,0
278375,0
278376,0
278377,0
278378,0
278379,0
278380,0
278381,0
278382,0
278383,0
278384,0
278385,0
278386,0
278387,0
278388,0
278389,0
278390,0
278391,0
278392,0
278393,0
278394,0
278395,0
278396,0
278397,0
278398,0
278399,0
278400,0
278401,0
278402,0
278403,0
278404,0
278405,0
278406,0
278407,0
278408,0
278409,0
278410,0
278411,0
278412,0
278413,0
278414,0
278415,0
278416,0
278417,0
278418,0
278419,0
278420,0
278421,0
278422,0
278423,0
278424,0
278425,0
278426,0
278427,0
278428,0
278429,0
278430,0
278431,0
278432,0
278433,0
278434,0
278435,0
278436,0
278437,0
278438,0
278439,0
278440,0
278441,0
278442,0
278443,0
278444,0
278445,0
278446,0
278447,0
278448,0
278449,0
278450,0
278451,0
278452,0
278453,0
278454,0
278455,0
278456,0
278457,0
278458,0
278459,0
278460,0
278461,0
278462,0
278463,0
278464,0
278465,0
278466,0
278467,0
278468,0
278469,0
278470,0
278471,0
278472,0
278473,0
278474,0
278475,0
278476,0
278477,0
278478,0
278479,0
278480,0
278481,0
278482,0
278483,0
278484,0
278485,0
278486,0
278487,0
278488,0
278489,0
278490,0
278491,0
278492,0
278493,0
278494,0
278495,0
278496,0
278497,0
278498,0
278499,0
278500,0
278501,0
278502,0
278503,0
278504,0
278505,0
278506,0
278507,0
278508,0
278509,0
278510,0
278511,0
278512,0
278513,0
278514,0
278515,0
278516,0
278517,0
278518,0
278519,0
278520,0
278521,0
278522,0
278523,0
278524,0
278525,0
278526,0
278527,0
278528,0
278529,0
278530,0
278531,0
278532,0
278533,0
278534,0
278535,0
278536,0
278537,0
278538,0
278539,0
278540,0
278541,0
278542,0
278543,0
278544,0
278545,0
278546,0
278547,0
278548,0
278549,0
278550,0
278551,0
278552,0
278553,0
278554,0
278555,0
278556,0
278557,0
278558,0
278559,0
278560,0
278561,0
278562,0
278563,0
278564,0
278565,0
278566,0
278567,0
278568,0
278569,0
278570,0
278571,0
278572,0
278573,0
278574,0
278575,0
278576,0
278577,0
278578,0
278579,0
278580,0
278581,0
278582,0
278583,0
278584,0
278585,0
278586,0
278587,0
278588,0
278589,0
278590,0
278591,0
278592,0
278593,0
278594,0
278595,0
278596,0
278597,0
278598,0
278599,0
278600,0
278601,0
278602,0
278603,0
278604,0
278605,0
278606,0
278607,0
278608,0
278609,0
278610,0
278611,0
278612,0
278613,0
278614,0
278615,0
278616,0
278617,0
278618,0
278619,0
278620,0
278621,0
278622,0
278623,0
278624,0
278625,0
278626,0
278627,0
278628,0
278629,0
278630,0
278631,0
278632,0
278633,0
278634,0
278635,0
278636,0
278637,0
278638,0
278639,0
278640,0
278641,0
278642,0
278643,0
278644,0
278645,0
278646,0
278647,0
278648,0
278649,0
278650,0
278651,0
278652,0
278653,0
278654,0
278655,0
278656,0
278657,0
278658,0
278659,0
278660,0
278661,0
278662,0
278663,0
278664,0
278665,0
278666,0
278667,0
278668,0
278669,0
278670,0
278671,0
278672,0
278673,0
278674,0
278675,0
278676,0
278677,0
278678,0
278679,0
278680,0
278681,0
278682,0
278683,0
278684,0
278685,0
278686,0
278687,0
278688,0
278689,0
278690,0
278691,0
278692,0
278693,0
278694,0
278695,0
278696,0
278697,0
278698,0
278699,0
278700,0
278701,0
278702,0
278703,0
278704,0
278705,0
278706,0
278707,0
278708,0
278709,0
278710,0
278711,0
278712,0
278713,0
278714,0
278715,0
278716,0
278717,0
278718,0
278719,0
278720,0
278721,0
278722,0
278723,0
278724,0
278725,0
278726,0
278727,0
278728,0
278729,0
278730,0
278731,0
278732,0
278733,0
278734,0
278735,0
278736,0
278737,0
278738,0
278739,0
278740,0
278741,0
278742,0
278743,0
278744,0
278745,0
278746,0
278747,0
278748,0
278749,0
278750,0
278751,0
278752,0
278753,0
278754,0
278755,0
278756,0
278757,0
278758,0
278759,0
278760,0
278761,0
278762,0
278763,0
278764,0
278765,0
278766,0
278767,0
278768,0
278769,0
278770,0
278771,0
278772,0
278773,0
278774,0
278775,0
278776,0
278777,0
278778,0
278779,0
278780,0
278781,0
278782,0
278783,0
278784,0
278785,0
278786,0
278787,0
278788,0
278789,0
278790,0
278791,0
278792,0
278793,0
278794,0
278795,0
278796,0
278797,0
278798,0
278799,0
278800,0
278801,0
278802,0
278803,0
278804,0
278805,0
278806,0
278807,0
278808,0
278809,0
278810,0
278811,0
278812,0
278813,0
278814,0
278815,0
278816,0
278817,0
278818,0
278819,0
278820,0
278821,0
278822,0
278823,0
278824,0
278825,0
278826,0
278827,0
278828,0
278829,0
278830,0
278831,0
278832,0
278833,0
278834,0
278835,0
278836,0
278837,0
278838,0
278839,0
278840,0
278841,0
278842,0
278843,0
278844,0
278845,0
278846,0
278847,0
278848,0
278849,0
278850,0
278851,0
278852,0
278853,0
278854,0
278855,0
278856,0
278857,0
278858,0
278859,0
278860,0
278861,0
278862,0
278863,0
278864,0
278865,0
278866,0
278867,0
278868,0
278869,0
278870,0
278871,0
278872,0
278873,0
278874,0
278875,0
278876,0
278877,0
278878,0
278879,0
278880,0
278881,0
278882,0
278883,0
278884,0
278885,0
278886,0
278887,0
278888,0
278889,0
278890,0
278891,0
278892,0
278893,0
278894,0
278895,0
278896,0
278897,0
278898,0
278899,0
278900,0
278901,0
278902,0
278903,0
278904,0
278905,0
278906,0
278907,0
278908,0
278909,0
278910,0
278911,0
278912,0
278913,0
278914,0
278915,0
278916,0
278917,0
278918,0
278919,0
278920,0
278921,0
278922,0
278923,0
278924,0
278925,0
278926,0
278927,0
278928,0
278929,0
278930,0
278931,0
278932,0
278933,0
278934,0
278935,0
278936,0
278937,0
278938,0
278939,0
278940,0
278941,0
278942,0
278943,0
278944,0
278945,0
278946,0
278947,0
278948,0
278949,0
278950,0
278951,0
278952,0
278953,0
278954,0
278955,0
278956,0
278957,0
278958,0
278959,0
278960,0
278961,0
278962,0
278963,0
278964,0
278965,0
278966,0
278967,0
278968,0
278969,0
278970,0
278971,0
278972,0
278973,0
278974,0
278975,0
278976,0
278977,0
278978,0
278979,0
278980,0
278981,0
278982,0
278983,0
278984,0
278985,0
278986,0
278987,0
278988,0
278989,0
278990,0
278991,0
278992,0
278993,0
278994,0
278995,0
278996,0
278997,0
278998,0
278999,0
279000,0
279001,0
279002,0
279003,0
279004,0
279005,0
279006,0
279007,0
279008,0
279009,0
279010,0
279011,0
279012,0
279013,0
279014,0
279015,0
279016,0
279017,0
279018,0
279019,0
279020,0
279021,0
279022,0
279023,0
279024,0
279025,0
279026,0
279027,0
279028,0
279029,0
279030,0
279031,0
279032,0
279033,0
279034,0
279035,0
279036,0
279037,0
279038,0
279039,0
279040,0
279041,0
279042,0
279043,0
279044,0
279045,0
279046,0
279047,0
279048,0
279049,0
279050,0
279051,0
279052,0
279053,0
279054,0
279055,0
279056,0
279057,0
279058,0
279059,0
279060,0
279061,0
279062,0
279063,0
279064,0
279065,0
279066,0
279067,0
279068,0
279069,0
279070,0
279071,0
279072,0
279073,0
279074,0
279075,0
279076,0
279077,0
279078,0
279079,0
279080,0
279081,0
279082,0
279083,0
279084,0
279085,0
279086,0
279087,0
279088,0
279089,0
279090,0
279091,0
279092,0
279093,0
279094,0
279095,0
279096,0
279097,0
279098,0
279099,0
279100,0
279101,0
279102,0
279103,0
279104,0
279105,0
279106,0
279107,0
279108,0
279109,0
279110,0
279111,0
279112,0
279113,0
279114,0
279115,0
279116,0
279117,0
279118,0
279119,0
279120,0
279121,0
279122,0
279123,0
279124,0
279125,0
279126,0
279127,0
279128,0
279129,0
279130,0
279131,0
279132,0
279133,0
279134,0
279135,0
279136,0
279137,0
279138,0
279139,0
279140,0
279141,0
279142,0
279143,0
279144,0
279145,0
279146,0
279147,0
279148,0
279149,0
279150,0
279151,0
279152,0
279153,0
279154,0
279155,0
279156,0
279157,0
279158,0
279159,0
279160,0
279161,0
279162,0
279163,0
279164,0
279165,0
279166,0
279167,0
279168,0
279169,0
279170,0
279171,0
279172,0
279173,0
279174,0
279175,0
279176,0
279177,0
279178,0
279179,0
279180,0
279181,0
279182,0
279183,0
279184,0
279185,0
279186,0
279187,0
279188,0
279189,0
279190,0
279191,0
279192,0
279193,0
279194,0
279195,0
279196,0
279197,0
279198,0
279199,0
279200,0
279201,0
279202,0
279203,0
279204,0
279205,0
279206,0
279207,0
279208,0
279209,0
279210,0
279211,0
279212,0
279213,0
279214,0
279215,0
279216,0
279217,0
279218,0
279219,0
279220,0
279221,0
279222,0
279223,0
279224,0
279225,0
279226,0
279227,0
279228,0
279229,0
279230,0
279231,0
279232,0
279233,0
279234,0
279235,0
279236,0
279237,0
279238,0
279239,0
279240,0
279241,0
279242,0
279243,0
279244,0
279245,0
279246,0
279247,0
279248,0
279249,0
279250,0
279251,0
279252,0
279253,0
279254,0
279255,0
279256,0
279257,0
279258,0
279259,0
279260,0
279261,0
279262,0
279263,0
279264,0
279265,0
279266,0
279267,0
279268,0
279269,0
279270,0
279271,0
279272,0
279273,0
279274,0
279275,0
279276,0
279277,0
279278,0
279279,0
279280,0
279281,0
279282,0
279283,0
279284,0
279285,0
279286,0
279287,0
279288,0
279289,0
279290,0
279291,0
279292,0
279293,0
279294,0
279295,0
279296,0
279297,0
279298,0
279299,0
279300,0
279301,0
279302,0
279303,0
279304,0
279305,0
279306,0
279307,0
279308,0
279309,0
279310,0
279311,0
279312,0
279313,0
279314,0
279315,0
279316,0
279317,0
279318,0
279319,0
279320,0
279321,0
279322,0
279323,0
279324,0
279325,0
279326,0
279327,0
279328,0
279329,0
279330,0
279331,0
279332,0
279333,0
279334,0
279335,0
279336,0
279337,0
279338,0
279339,0
279340,0
279341,0
279342,0
279343,0
279344,0
279345,0
279346,0
279347,0
279348,0
279349,0
279350,0
279351,0
279352,0
279353,0
279354,0
279355,0
279356,0
279357,0
279358,0
279359,0
279360,0
279361,0
279362,0
279363,0
279364,0
279365,0
279366,0
279367,0
279368,0
279369,0
279370,0
279371,0
279372,0
279373,0
279374,0
279375,0
279376,0
279377,0
279378,0
279379,0
279380,0
279381,0
279382,0
279383,0
279384,0
279385,0
279386,0
279387,0
279388,0
279389,0
279390,0
279391,0
279392,0
279393,0
279394,0
279395,0
279396,0
279397,0
279398,0
279399,0
279400,0
279401,0
279402,0
279403,0
279404,0
279405,0
279406,0
279407,0
279408,0
279409,0
279410,0
279411,0
279412,0
279413,0
279414,0
279415,0
279416,0
279417,0
279418,0
279419,0
279420,0
279421,0
279422,0
279423,0
279424,0
279425,0
279426,0
279427,0
279428,0
279429,0
279430,0
279431,0
279432,0
279433,0
279434,0
279435,0
279436,0
279437,0
279438,0
279439,0
279440,0
279441,0
279442,0
279443,0
279444,0
279445,0
279446,0
279447,0
279448,0
279449,0
279450,0
279451,0
279452,0
279453,0
279454,0
279455,0
279456,0
279457,0
279458,0
279459,0
279460,0
279461,0
279462,0
279463,0
279464,0
279465,0
279466,0
279467,0
279468,0
279469,0
279470,0
279471,0
279472,0
279473,0
279474,0
279475,0
279476,0
279477,0
279478,0
279479,0
279480,0
279481,0
279482,0
279483,0
279484,0
279485,0
279486,0
279487,0
279488,0
279489,0
279490,0
279491,0
279492,0
279493,0
279494,0
279495,0
279496,0
279497,0
279498,0
279499,0
279500,0
279501,0
279502,0
279503,0
279504,0
279505,0
279506,0
279507,0
279508,0
279509,0
279510,0
279511,0
279512,0
279513,0
279514,0
279515,0
279516,0
279517,0
279518,0
279519,0
279520,0
279521,0
279522,0
279523,0
279524,0
279525,0
279526,0
279527,0
279528,0
279529,0
279530,0
279531,0
279532,0
279533,0
279534,0
279535,0
279536,0
279537,0
279538,0
279539,0
279540,0
279541,0
279542,0
279543,0
279544,0
279545,0
279546,0
279547,0
279548,0
279549,0
279550,0
279551,0
279552,0
279553,0
279554,0
279555,0
279556,0
279557,0
279558,0
279559,0
279560,0
279561,0
279562,0
279563,0
279564,0
279565,0
279566,0
279567,0
279568,0
279569,0
279570,0
279571,0
279572,0
279573,0
279574,0
279575,0
279576,0
279577,0
279578,0
279579,0
279580,0
279581,0
279582,0
279583,0
279584,0
279585,0
279586,0
279587,0
279588,0
279589,0
279590,0
279591,0
279592,0
279593,0
279594,0
279595,0
279596,0
279597,0
279598,0
279599,0
279600,0
279601,0
279602,0
279603,0
279604,0
279605,0
279606,0
279607,0
279608,0
279609,0
279610,0
279611,0
279612,0
279613,0
279614,0
279615,0
279616,0
279617,0
279618,0
279619,0
279620,0
279621,0
279622,0
279623,0
279624,0
279625,0
279626,0
279627,0
279628,0
279629,0
279630,0
279631,0
279632,0
279633,0
279634,0
279635,0
279636,0
279637,0
279638,0
279639,0
279640,0
279641,0
279642,0
279643,0
279644,0
279645,0
279646,0
279647,0
279648,0
279649,0
279650,0
279651,0
279652,0
279653,0
279654,0
279655,0
279656,0
279657,0
279658,0
279659,0
279660,0
279661,0
279662,0
279663,0
279664,0
279665,0
279666,0
279667,0
279668,0
279669,0
279670,0
279671,0
279672,0
279673,0
279674,0
279675,0
279676,0
279677,0
279678,0
279679,0
279680,0
279681,0
279682,0
279683,0
279684,0
279685,0
279686,0
279687,0
279688,0
279689,0
279690,0
279691,0
279692,0
279693,0
279694,0
279695,0
279696,0
279697,0
279698,0
279699,0
279700,0
279701,0
279702,0
279703,0
279704,0
279705,0
279706,0
279707,0
279708,0
279709,0
279710,0
279711,0
279712,0
279713,0
279714,0
279715,0
279716,0
279717,0
279718,0
279719,0
279720,0
279721,0
279722,0
279723,0
279724,0
279725,0
279726,0
279727,0
279728,0
279729,0
279730,0
279731,0
279732,0
279733,0
279734,0
279735,0
279736,0
279737,0
279738,0
279739,0
279740,0
279741,0
279742,0
279743,0
279744,0
279745,0
279746,0
279747,0
279748,0
279749,0
279750,0
279751,0
279752,0
279753,0
279754,0
279755,0
279756,0
279757,0
279758,0
279759,0
279760,0
279761,0
279762,0
279763,0
279764,0
279765,0
279766,0
279767,0
279768,0
279769,0
279770,0
279771,0
279772,0
279773,0
279774,0
279775,0
279776,0
279777,0
279778,0
279779,0
279780,0
279781,0
279782,0
279783,0
279784,0
279785,0
279786,0
279787,0
279788,0
279789,0
279790,0
279791,0
279792,0
279793,0
279794,0
279795,0
279796,0
279797,0
279798,0
279799,0
279800,0
279801,0
279802,0
279803,0
279804,0
279805,0
279806,0
279807,0
279808,0
279809,0
279810,0
279811,0
279812,0
279813,0
279814,0
279815,0
279816,0
279817,0
279818,0
279819,0
279820,0
279821,0
279822,0
279823,0
279824,0
279825,0
279826,0
279827,0
279828,0
279829,0
279830,0
279831,0
279832,0
279833,0
279834,0
279835,0
279836,0
279837,0
279838,0
279839,0
279840,0
279841,0
279842,0
279843,0
279844,0
279845,0
279846,0
279847,0
279848,0
279849,0
279850,0
279851,0
279852,0
279853,0
279854,0
279855,0
279856,0
279857,0
279858,0
279859,0
279860,0
279861,0
279862,0
279863,0
279864,0
279865,0
279866,0
279867,0
279868,0
279869,0
279870,0
279871,0
279872,0
279873,0
279874,0
279875,0
279876,0
279877,0
279878,0
279879,0
279880,0
279881,0
279882,0
279883,0
279884,0
279885,0
279886,0
279887,0
279888,0
279889,0
279890,0
279891,0
279892,0
279893,0
279894,0
279895,0
279896,0
279897,0
279898,0
279899,0
279900,0
279901,0
279902,0
279903,0
279904,0
279905,0
279906,0
279907,0
279908,0
279909,0
279910,0
279911,0
279912,0
279913,0
279914,0
279915,0
279916,0
279917,0
279918,0
279919,0
279920,0
279921,0
279922,0
279923,0
279924,0
279925,0
279926,0
279927,0
279928,0
279929,0
279930,0
279931,0
279932,0
279933,0
279934,0
279935,0
279936,0
279937,0
279938,0
279939,0
279940,0
279941,0
279942,0
279943,0
279944,0
279945,0
279946,0
279947,0
279948,0
279949,0
279950,0
279951,0
279952,0
279953,0
279954,0
279955,0
279956,0
279957,0
279958,0
279959,0
279960,0
279961,0
279962,0
279963,0
279964,0
279965,0
279966,0
279967,0
279968,0
279969,0
279970,0
279971,0
279972,0
279973,0
279974,0
279975,0
279976,0
279977,0
279978,0
279979,0
279980,0
279981,0
279982,0
279983,0
279984,0
279985,0
279986,0
279987,0
279988,0
279989,0
279990,0
279991,0
279992,0
279993,0
279994,0
279995,0
279996,0
279997,0
279998,0
279999,0
280000,0
280001,0
280002,0
280003,0
280004,0
280005,0
280006,0
280007,0
280008,0
280009,0
280010,0
280011,0
280012,0
280013,0
280014,0
280015,0
280016,0
280017,0
280018,0
280019,0
280020,0
280021,0
280022,0
280023,0
280024,0
280025,0
280026,0
280027,0
280028,0
280029,0
280030,0
280031,0
280032,0
280033,0
280034,0
280035,0
280036,0
280037,0
280038,0
280039,0
280040,0
280041,0
280042,0
280043,0
280044,0
280045,0
280046,0
280047,0
280048,0
280049,0
280050,0
280051,0
280052,0
280053,0
280054,0
280055,0
280056,0
280057,0
280058,0
280059,0
280060,0
280061,0
280062,0
280063,0
280064,0
280065,0
280066,0
280067,0
280068,0
280069,0
280070,0
280071,0
280072,0
280073,0
280074,0
280075,0
280076,0
280077,0
280078,0
280079,0
280080,0
280081,0
280082,0
280083,0
280084,0
280085,0
280086,0
280087,0
280088,0
280089,0
280090,0
280091,0
280092,0
280093,0
280094,0
280095,0
280096,0
280097,0
280098,0
280099,0
280100,0
280101,0
280102,0
280103,0
280104,0
280105,0
280106,0
280107,0
280108,0
280109,0
280110,0
280111,0
280112,0
280113,0
280114,0
280115,0
280116,0
280117,0
280118,0
280119,0
280120,0
280121,0
280122,0
280123,0
280124,0
280125,0
280126,0
280127,0
280128,0
280129,0
280130,0
280131,0
280132,0
280133,0
280134,0
280135,0
280136,0
280137,0
280138,0
280139,0
280140,0
280141,0
280142,0
280143,0
280144,0
280145,0
280146,0
280147,0
280148,0
280149,0
280150,0
280151,0
280152,0
280153,0
280154,0
280155,0
280156,0
280157,0
280158,0
280159,0
280160,0
280161,0
280162,0
280163,0
280164,0
280165,0
280166,0
280167,0
280168,0
280169,0
280170,0
280171,0
280172,0
280173,0
280174,0
280175,0
280176,0
280177,0
280178,0
280179,0
280180,0
280181,0
280182,0
280183,0
280184,0
280185,0
280186,0
280187,0
280188,0
280189,0
280190,0
280191,0
280192,0
280193,0
280194,0
280195,0
280196,0
280197,0
280198,0
280199,0
280200,0
280201,0
280202,0
280203,0
280204,0
280205,0
280206,0
280207,0
280208,0
280209,0
280210,0
280211,0
280212,0
280213,0
280214,0
280215,0
280216,0
280217,0
280218,0
280219,0
280220,0
280221,0
280222,0
280223,0
280224,0
280225,0
280226,0
280227,0
280228,0
280229,0
280230,0
280231,0
280232,0
280233,0
280234,0
280235,0
280236,0
280237,0
280238,0
280239,0
280240,0
280241,0
280242,0
280243,0
280244,0
280245,0
280246,0
280247,0
280248,0
280249,0
280250,0
280251,0
280252,0
280253,0
280254,0
280255,0
280256,0
280257,0
280258,0
280259,0
280260,0
280261,0
280262,0
280263,0
280264,0
280265,0
280266,0
280267,0
280268,0
280269,0
280270,0
280271,0
280272,0
280273,0
280274,0
280275,0
280276,0
280277,0
280278,0
280279,0
280280,0
280281,0
280282,0
280283,0
280284,0
280285,0
280286,0
280287,0
280288,0
280289,0
280290,0
280291,0
280292,0
280293,0
280294,0
280295,0
280296,0
280297,0
280298,0
280299,0
280300,0
280301,0
280302,0
280303,0
280304,0
280305,0
280306,0
280307,0
280308,0
280309,0
280310,0
280311,0
280312,0
280313,0
280314,0
280315,0
280316,0
280317,0
280318,0
280319,0
280320,0
280321,0
280322,0
280323,0
280324,0
280325,0
280326,0
280327,0
280328,0
280329,0
280330,0
280331,0
280332,0
280333,0
280334,0
280335,0
280336,0
280337,0
280338,0
280339,0
280340,0
280341,0
280342,0
280343,0
280344,0
280345,0
280346,0
280347,0
280348,0
280349,0
280350,0
280351,0
280352,0
280353,0
280354,0
280355,0
280356,0
280357,0
280358,0
280359,0
280360,0
280361,0
280362,0
280363,0
280364,0
280365,0
280366,0
280367,0
280368,0
280369,0
280370,0
280371,0
280372,0
280373,0
280374,0
280375,0
280376,0
280377,0
280378,0
280379,0
280380,0
280381,0
280382,0
280383,0
280384,0
280385,0
280386,0
280387,0
280388,0
280389,0
280390,0
280391,0
280392,0
280393,0
280394,0
280395,0
280396,0
280397,0
280398,0
280399,0
280400,0
280401,0
280402,0
280403,0
280404,0
280405,0
280406,0
280407,0
280408,0
280409,0
280410,0
280411,0
280412,0
280413,0
280414,0
280415,0
280416,0
280417,0
280418,0
280419,0
280420,0
280421,0
280422,0
280423,0
280424,0
280425,0
280426,0
280427,0
280428,0
280429,0
280430,0
280431,0
280432,0
280433,0
280434,0
280435,0
280436,0
280437,0
280438,0
280439,0
280440,0
280441,0
280442,0
280443,0
280444,0
280445,0
280446,0
280447,0
280448,0
280449,0
280450,0
280451,0
280452,0
280453,0
280454,0
280455,0
280456,0
280457,0
280458,0
280459,0
280460,0
280461,0
280462,0
280463,0
280464,0
280465,0
280466,0
280467,0
280468,0
280469,0
280470,0
280471,0
280472,0
280473,0
280474,0
280475,0
280476,0
280477,0
280478,0
280479,0
280480,0
280481,0
280482,0
280483,0
280484,0
280485,0
280486,0
280487,0
280488,0
280489,0
280490,0
280491,0
280492,0
280493,0
280494,0
280495,0
280496,0
280497,0
280498,0
280499,0
280500,0
280501,0
280502,0
280503,0
280504,0
280505,0
280506,0
280507,0
280508,0
280509,0
280510,0
280511,0
280512,0
280513,0
280514,0
280515,0
280516,0
280517,0
280518,0
280519,0
280520,0
280521,0
280522,0
280523,0
280524,0
280525,0
280526,0
280527,0
280528,0
280529,0
280530,0
280531,0
280532,0
280533,0
280534,0
280535,0
280536,0
280537,0
280538,0
280539,0
280540,0
280541,0
280542,0
280543,0
280544,0
280545,0
280546,0
280547,0
280548,0
280549,0
280550,0
280551,0
280552,0
280553,0
280554,0
280555,0
280556,0
280557,0
280558,0
280559,0
280560,0
280561,0
280562,0
280563,0
280564,0
280565,0
280566,0
280567,0
280568,0
280569,0
280570,0
280571,0
280572,0
280573,0
280574,0
280575,0
280576,0
280577,0
280578,0
280579,0
280580,0
280581,0
280582,0
280583,0
280584,0
280585,0
280586,0
280587,0
280588,0
280589,0
280590,0
280591,0
280592,0
280593,0
280594,0
280595,0
280596,0
280597,0
280598,0
280599,0
280600,0
280601,0
280602,0
280603,0
280604,0
280605,0
280606,0
280607,0
280608,0
280609,0
280610,0
280611,0
280612,0
280613,0
280614,0
280615,0
280616,0
280617,0
280618,0
280619,0
280620,0
280621,0
280622,0
280623,0
280624,0
280625,0
280626,0
280627,0
280628,0
280629,0
280630,0
280631,0
280632,0
280633,0
280634,0
280635,0
280636,0
280637,0
280638,0
280639,0
280640,0
280641,0
280642,0
280643,0
280644,0
280645,0
280646,0
280647,0
280648,0
280649,0
280650,0
280651,0
280652,0
280653,0
280654,0
280655,0
280656,0
280657,0
280658,0
280659,0
280660,0
280661,0
280662,0
280663,0
280664,0
280665,0
280666,0
280667,0
280668,0
280669,0
280670,0
280671,0
280672,0
280673,0
280674,0
280675,0
280676,0
280677,0
280678,0
280679,0
280680,0
280681,0
280682,0
280683,0
280684,0
280685,0
280686,0
280687,0
280688,0
280689,0
280690,0
280691,0
280692,0
280693,0
280694,0
280695,0
280696,0
280697,0
280698,0
280699,0
280700,0
280701,0
280702,0
280703,0
280704,0
280705,0
280706,0
280707,0
280708,0
280709,0
280710,0
280711,0
280712,0
280713,0
280714,0
280715,0
280716,0
280717,0
280718,0
280719,0
280720,0
280721,0
280722,0
280723,0
280724,0
280725,0
280726,0
280727,0
280728,0
280729,0
280730,0
280731,0
280732,0
280733,0
280734,0
280735,0
280736,0
280737,0
280738,0
280739,0
280740,0
280741,0
280742,0
280743,0
280744,0
280745,0
280746,0
280747,0
280748,0
280749,0
280750,0
280751,0
280752,0
280753,0
280754,0
280755,0
280756,0
280757,0
280758,0
280759,0
280760,0
280761,0
280762,0
280763,0
280764,0
280765,0
280766,0
280767,0
280768,0
280769,0
280770,0
280771,0
280772,0
280773,0
280774,0
280775,0
280776,0
280777,0
280778,0
280779,0
280780,0
280781,0
280782,0
280783,0
280784,0
280785,0
280786,0
280787,0
280788,0
280789,0
280790,0
280791,0
280792,0
280793,0
280794,0
280795,0
280796,0
280797,0
280798,0
280799,0
280800,0
280801,0
280802,0
280803,0
280804,0
280805,0
280806,0
280807,0
280808,0
280809,0
280810,0
280811,0
280812,0
280813,0
280814,0
280815,0
280816,0
280817,0
280818,0
280819,0
280820,0
280821,0
280822,0
280823,0
280824,0
280825,0
280826,0
280827,0
280828,0
280829,0
280830,0
280831,0
280832,0
280833,0
280834,0
280835,0
280836,0
280837,0
280838,0
280839,0
280840,0
280841,0
280842,0
280843,0
280844,0
280845,0
280846,0
280847,0
280848,0
280849,0
280850,0
280851,0
280852,0
280853,0
280854,0
280855,0
280856,0
280857,0
280858,0
280859,0
280860,0
280861,0
280862,0
280863,0
280864,0
280865,0
280866,0
280867,0
280868,0
280869,0
280870,0
280871,0
280872,0
280873,0
280874,0
280875,0
280876,0
280877,0
280878,0
280879,0
280880,0
280881,0
280882,0
280883,0
280884,0
280885,0
280886,0
280887,0
280888,0
280889,0
280890,0
280891,0
280892,0
280893,0
280894,0
280895,0
280896,0
280897,0
280898,0
280899,0
280900,0
280901,0
280902,0
280903,0
280904,0
280905,0
280906,0
280907,0
280908,0
280909,0
280910,0
280911,0
280912,0
280913,0
280914,0
280915,0
280916,0
280917,0
280918,0
280919,0
280920,0
280921,0
280922,0
280923,0
280924,0
280925,0
280926,0
280927,0
280928,0
280929,0
280930,0
280931,0
280932,0
280933,0
280934,0
280935,0
280936,0
280937,0
280938,0
280939,0
280940,0
280941,0
280942,0
280943,0
280944,0
280945,0
280946,0
280947,0
280948,0
280949,0
280950,0
280951,0
280952,0
280953,0
280954,0
280955,0
280956,0
280957,0
280958,0
280959,0
280960,0
280961,0
280962,0
280963,0
280964,0
280965,0
280966,0
280967,0
280968,0
280969,0
280970,0
280971,0
280972,0
280973,0
280974,0
280975,0
280976,0
280977,0
280978,0
280979,0
280980,0
280981,0
280982,0
280983,0
280984,0
280985,0
280986,0
280987,0
280988,0
280989,0
280990,0
280991,0
280992,0
280993,0
280994,0
280995,0
280996,0
280997,0
280998,0
280999,0
281000,0
281001,0
281002,0
281003,0
281004,0
281005,0
281006,0
281007,0
281008,0
281009,0
281010,0
281011,0
281012,0
281013,0
281014,0
281015,0
281016,0
281017,0
281018,0
281019,0
281020,0
281021,0
281022,0
281023,0
281024,0
281025,0
281026,0
281027,0
281028,0
281029,0
281030,0
281031,0
281032,0
281033,0
281034,0
281035,0
281036,0
281037,0
281038,0
281039,0
281040,0
281041,0
281042,0
281043,0
281044,0
281045,0
281046,0
281047,0
281048,0
281049,0
281050,0
281051,0
281052,0
281053,0
281054,0
281055,0
281056,0
281057,0
281058,0
281059,0
281060,0
281061,0
281062,0
281063,0
281064,0
281065,0
281066,0
281067,0
281068,0
281069,0
281070,0
281071,0
281072,0
281073,0
281074,0
281075,0
281076,0
281077,0
281078,0
281079,0
281080,0
281081,0
281082,0
281083,0
281084,0
281085,0
281086,0
281087,0
281088,0
281089,0
281090,0
281091,0
281092,0
281093,0
281094,0
281095,0
281096,0
281097,0
281098,0
281099,0
281100,0
281101,0
281102,0
281103,0
281104,0
281105,0
281106,0
281107,0
281108,0
281109,0
281110,0
281111,0
281112,0
281113,0
281114,0
281115,0
281116,0
281117,0
281118,0
281119,0
281120,0
281121,0
281122,0
281123,0
281124,0
281125,0
281126,0
281127,0
281128,0
281129,0
281130,0
281131,0
281132,0
281133,0
281134,0
281135,0
281136,0
281137,0
281138,0
281139,0
281140,0
281141,0
281142,0
281143,0
281144,0
281145,0
281146,0
281147,0
281148,0
281149,0
281150,0
281151,0
281152,0
281153,0
281154,0
281155,0
281156,0
281157,0
281158,0
281159,0
281160,0
281161,0
281162,0
281163,0
281164,0
281165,0
281166,0
281167,0
281168,0
281169,0
281170,0
281171,0
281172,0
281173,0
281174,0
281175,0
281176,0
281177,0
281178,0
281179,0
281180,0
281181,0
281182,0
281183,0
281184,0
281185,0
281186,0
281187,0
281188,0
281189,0
281190,0
281191,0
281192,0
281193,0
281194,0
281195,0
281196,0
281197,0
281198,0
281199,0
281200,0
281201,0
281202,0
281203,0
281204,0
281205,0
281206,0
281207,0
281208,0
281209,0
281210,0
281211,0
281212,0
281213,0
281214,0
281215,0
281216,0
281217,0
281218,0
281219,0
281220,0
281221,0
281222,0
281223,0
281224,0
281225,0
281226,0
281227,0
281228,0
281229,0
281230,0
281231,0
281232,0
281233,0
281234,0
281235,0
281236,0
281237,0
281238,0
281239,0
281240,0
281241,0
281242,0
281243,0
281244,0
281245,0
281246,0
281247,0
281248,0
281249,0
281250,0
281251,0
281252,0
281253,0
281254,0
281255,0
281256,0
281257,0
281258,0
281259,0
281260,0
281261,0
281262,0
281263,0
281264,0
281265,0
281266,0
281267,0
281268,0
281269,0
281270,0
281271,0
281272,0
281273,0
281274,0
281275,0
281276,0
281277,0
281278,0
281279,0
281280,0
281281,0
281282,0
281283,0
281284,0
281285,0
281286,0
281287,0
281288,0
281289,0
281290,0
281291,0
281292,0
281293,0
281294,0
281295,0
281296,0
281297,0
281298,0
281299,0
281300,0
281301,0
281302,0
281303,0
281304,0
281305,0
281306,0
281307,0
281308,0
281309,0
281310,0
281311,0
281312,0
281313,0
281314,0
281315,0
281316,0
281317,0
281318,0
281319,0
281320,0
281321,0
281322,0
281323,0
281324,0
281325,0
281326,0
281327,0
281328,0
281329,0
281330,0
281331,0
281332,0
281333,0
281334,0
281335,0
281336,0
281337,0
281338,0
281339,0
281340,0
281341,0
281342,0
281343,0
281344,0
281345,0
281346,0
281347,0
281348,0
281349,0
281350,0
281351,0
281352,0
281353,0
281354,0
281355,0
281356,0
281357,0
281358,0
281359,0
281360,0
281361,0
281362,0
281363,0
281364,0
281365,0
281366,0
281367,0
281368,0
281369,0
281370,0
281371,0
281372,0
281373,0
281374,0
281375,0
281376,0
281377,0
281378,0
281379,0
281380,0
281381,0
281382,0
281383,0
281384,0
281385,0
281386,0
281387,0
281388,0
281389,0
281390,0
281391,0
281392,0
281393,0
281394,0
281395,0
281396,0
281397,0
281398,0
281399,0
281400,0
281401,0
281402,0
281403,0
281404,0
281405,0
281406,0
281407,0
281408,0
281409,0
281410,0
281411,0
281412,0
281413,0
281414,0
281415,0
281416,0
281417,0
281418,0
281419,0
281420,0
281421,0
281422,0
281423,0
281424,0
281425,0
281426,0
281427,0
281428,0
281429,0
281430,0
281431,0
281432,0
281433,0
281434,0
281435,0
281436,0
281437,0
281438,0
281439,0
281440,0
281441,0
281442,0
281443,0
281444,0
281445,0
281446,0
281447,0
281448,0
281449,0
281450,0
281451,0
281452,0
281453,0
281454,0
281455,0
281456,0
281457,0
281458,0
281459,0
281460,0
281461,0
281462,0
281463,0
281464,0
281465,0
281466,0
281467,0
281468,0
281469,0
281470,0
281471,0
281472,0
281473,0
281474,0
281475,0
281476,0
281477,0
281478,0
281479,0
281480,0
281481,0
281482,0
281483,0
281484,0
281485,0
281486,0
281487,0
281488,0
281489,0
281490,0
281491,0
281492,0
281493,0
281494,0
281495,0
281496,0
281497,0
281498,0
281499,0
281500,0
281501,0
281502,0
281503,0
281504,0
281505,0
281506,0
281507,0
281508,0
281509,0
281510,0
281511,0
281512,0
281513,0
281514,0
281515,0
281516,0
281517,0
281518,0
281519,0
281520,0
281521,0
281522,0
281523,0
281524,0
281525,0
281526,0
281527,0
281528,0
281529,0
281530,0
281531,0
281532,0
281533,0
281534,0
281535,0
281536,0
281537,0
281538,0
281539,0
281540,0
281541,0
281542,0
281543,0
281544,0
281545,0
281546,0
281547,0
281548,0
281549,0
281550,0
281551,0
281552,0
281553,0
281554,0
281555,0
281556,0
281557,0
281558,0
281559,0
281560,0
281561,0
281562,0
281563,0
281564,0
281565,0
281566,0
281567,0
281568,0
281569,0
281570,0
281571,0
281572,0
281573,0
281574,0
281575,0
281576,0
281577,0
281578,0
281579,0
281580,0
281581,0
281582,0
281583,0
281584,0
281585,0
281586,0
281587,0
281588,0
281589,0
281590,0
281591,0
281592,0
281593,0
281594,0
281595,0
281596,0
281597,0
281598,0
281599,0
281600,0
281601,0
281602,0
281603,0
281604,0
281605,0
281606,0
281607,0
281608,0
281609,0
281610,0
281611,0
281612,0
281613,0
281614,0
281615,0
281616,0
281617,0
281618,0
281619,0
281620,0
281621,0
281622,0
281623,0
281624,0
281625,0
281626,0
281627,0
281628,0
281629,0
281630,0
281631,0
281632,0
281633,0
281634,0
281635,0
281636,0
281637,0
281638,0
281639,0
281640,0
281641,0
281642,0
281643,0
281644,0
281645,0
281646,0
281647,0
281648,0
281649,0
281650,0
281651,0
281652,0
281653,0
281654,0
281655,0
281656,0
281657,0
281658,0
281659,0
281660,0
281661,0
281662,0
281663,0
281664,0
281665,0
281666,0
281667,0
281668,0
281669,0
281670,0
281671,0
281672,0
281673,0
281674,0
281675,0
281676,0
281677,0
281678,0
281679,0
281680,0
281681,0
281682,0
281683,0
281684,0
281685,0
281686,0
281687,0
281688,0
281689,0
281690,0
281691,0
281692,0
281693,0
281694,0
281695,0
281696,0
281697,0
281698,0
281699,0
281700,0
281701,0
281702,0
281703,0
281704,0
281705,0
281706,0
281707,0
281708,0
281709,0
281710,0
281711,0
281712,0
281713,0
281714,0
281715,0
281716,0
281717,0
281718,0
281719,0
281720,0
281721,0
281722,0
281723,0
281724,0
281725,0
281726,0
281727,0
281728,0
281729,0
281730,0
281731,0
281732,0
281733,0
281734,0
281735,0
281736,0
281737,0
281738,0
281739,0
281740,0
281741,0
281742,0
281743,0
281744,0
281745,0
281746,0
281747,0
281748,0
281749,0
281750,0
281751,0
281752,0
281753,0
281754,0
281755,0
281756,0
281757,0
281758,0
281759,0
281760,0
281761,0
281762,0
281763,0
281764,0
281765,0
281766,0
281767,0
281768,0
281769,0
281770,0
281771,0
281772,0
281773,0
281774,0
281775,0
281776,0
281777,0
281778,0
281779,0
281780,0
281781,0
281782,0
281783,0
281784,0
281785,0
281786,0
281787,0
281788,0
281789,0
281790,0
281791,0
281792,0
281793,0
281794,0
281795,0
281796,0
281797,0
281798,0
281799,0
281800,0
281801,0
281802,0
281803,0
281804,0
281805,0
281806,0
281807,0
281808,0
281809,0
281810,0
281811,0
281812,0
281813,0
281814,0
281815,0
281816,0
281817,0
281818,0
281819,0
281820,0
281821,0
281822,0
281823,0
281824,0
281825,0
281826,0
281827,0
281828,0
281829,0
281830,0
281831,0
281832,0
281833,0
281834,0
281835,0
281836,0
281837,0
281838,0
281839,0
281840,0
281841,0
281842,0
281843,0
281844,0
281845,0
281846,0
281847,0
281848,0
281849,0
281850,0
281851,0
281852,0
281853,0
281854,0
281855,0
281856,0
281857,0
281858,0
281859,0
281860,0
281861,0
281862,0
281863,0
281864,0
281865,0
281866,0
281867,0
281868,0
281869,0
281870,0
281871,0
281872,0
281873,0
281874,0
281875,0
281876,0
281877,0
281878,0
281879,0
281880,0
281881,0
281882,0
281883,0
281884,0
281885,0
281886,0
281887,0
281888,0
281889,0
281890,0
281891,0
281892,0
281893,0
281894,0
281895,0
281896,0
281897,0
281898,0
281899,0
281900,0
281901,0
281902,0
281903,0
281904,0
281905,0
281906,0
281907,0
281908,0
281909,0
281910,0
281911,0
281912,0
281913,0
281914,0
281915,0
281916,0
281917,0
281918,0
281919,0
281920,0
281921,0
281922,0
281923,0
281924,0
281925,0
281926,0
281927,0
281928,0
281929,0
281930,0
281931,0
281932,0
281933,0
281934,0
281935,0
281936,0
281937,0
281938,0
281939,0
281940,0
281941,0
281942,0
281943,0
281944,0
281945,0
281946,0
281947,0
281948,0
281949,0
281950,0
281951,0
281952,0
281953,0
281954,0
281955,0
281956,0
281957,0
281958,0
281959,0
281960,0
281961,0
281962,0
281963,0
281964,0
281965,0
281966,0
281967,0
281968,0
281969,0
281970,0
281971,0
281972,0
281973,0
281974,0
281975,0
281976,0
281977,0
281978,0
281979,0
281980,0
281981,0
281982,0
281983,0
281984,0
281985,0
281986,0
281987,0
281988,0
281989,0
281990,0
281991,0
281992,0
281993,0
281994,0
281995,0
281996,0
281997,0
281998,0
281999,0
282000,0
282001,0
282002,0
282003,0
282004,0
282005,0
282006,0
282007,0
282008,0
282009,0
282010,0
282011,0
282012,0
282013,0
282014,0
282015,0
282016,0
282017,0
282018,0
282019,0
282020,0
282021,0
282022,0
282023,0
282024,0
282025,0
282026,0
282027,0
282028,0
282029,0
282030,0
282031,0
282032,0
282033,0
282034,0
282035,0
282036,0
282037,0
282038,0
282039,0
282040,0
282041,0
282042,0
282043,0
282044,0
282045,0
282046,0
282047,0
282048,0
282049,0
282050,0
282051,0
282052,0
282053,0
282054,0
282055,0
282056,0
282057,0
282058,0
282059,0
282060,0
282061,0
282062,0
282063,0
282064,0
282065,0
282066,0
282067,0
282068,0
282069,0
282070,0
282071,0
282072,0
282073,0
282074,0
282075,0
282076,0
282077,0
282078,0
282079,0
282080,0
282081,0
282082,0
282083,0
282084,0
282085,0
282086,0
282087,0
282088,0
282089,0
282090,0
282091,0
282092,0
282093,0
282094,0
282095,0
282096,0
282097,0
282098,0
282099,0
282100,0
282101,0
282102,0
282103,0
282104,0
282105,0
282106,0
282107,0
282108,0
282109,0
282110,0
282111,0
282112,0
282113,0
282114,0
282115,0
282116,0
282117,0
282118,0
282119,0
282120,0
282121,0
282122,0
282123,0
282124,0
282125,0
282126,0
282127,0
282128,0
282129,0
282130,0
282131,0
282132,0
282133,0
282134,0
282135,0
282136,0
282137,0
282138,0
282139,0
282140,0
282141,0
282142,0
282143,0
282144,0
282145,0
282146,0
282147,0
282148,0
282149,0
282150,0
282151,0
282152,0
282153,0
282154,0
282155,0
282156,0
282157,0
282158,0
282159,0
282160,0
282161,0
282162,0
282163,0
282164,0
282165,0
282166,0
282167,0
282168,0
282169,0
282170,0
282171,0
282172,0
282173,0
282174,0
282175,0
282176,0
282177,0
282178,0
282179,0
282180,0
282181,0
282182,0
282183,0
282184,0
282185,0
282186,0
282187,0
282188,0
282189,0
282190,0
282191,0
282192,0
282193,0
282194,0
282195,0
282196,0
282197,0
282198,0
282199,0
282200,0
282201,0
282202,0
282203,0
282204,0
282205,0
282206,0
282207,0
282208,0
282209,0
282210,0
282211,0
282212,0
282213,0
282214,0
282215,0
282216,0
282217,0
282218,0
282219,0
282220,0
282221,0
282222,0
282223,0
282224,0
282225,0
282226,0
282227,0
282228,0
282229,0
282230,0
282231,0
282232,0
282233,0
282234,0
282235,0
282236,0
282237,0
282238,0
282239,0
282240,0
282241,0
282242,0
282243,0
282244,0
282245,0
282246,0
282247,0
282248,0
282249,0
282250,0
282251,0
282252,0
282253,0
282254,0
282255,0
282256,0
282257,0
282258,0
282259,0
282260,0
282261,0
282262,0
282263,0
282264,0
282265,0
282266,0
282267,0
282268,0
282269,0
282270,0
282271,0
282272,0
282273,0
282274,0
282275,0
282276,0
282277,0
282278,0
282279,0
282280,0
282281,0
282282,0
282283,0
282284,0
282285,0
282286,0
282287,0
282288,0
282289,0
282290,0
282291,0
282292,0
282293,0
282294,0
282295,0
282296,0
282297,0
282298,0
282299,0
282300,0
282301,0
282302,0
282303,0
282304,0
282305,0
282306,0
282307,0
282308,0
282309,0
282310,0
282311,0
282312,0
282313,0
282314,0
282315,0
282316,0
282317,0
282318,0
282319,0
282320,0
282321,0
282322,0
282323,0
282324,0
282325,0
282326,0
282327,0
282328,0
282329,0
282330,0
282331,0
282332,0
282333,0
282334,0
282335,0
282336,0
282337,0
282338,0
282339,0
282340,0
282341,0
282342,0
282343,0
282344,0
282345,0
282346,0
282347,0
282348,0
282349,0
282350,0
282351,0
282352,0
282353,0
282354,0
282355,0
282356,0
282357,0
282358,0
282359,0
282360,0
282361,0
282362,0
282363,0
282364,0
282365,0
282366,0
282367,0
282368,0
282369,0
282370,0
282371,0
282372,0
282373,0
282374,0
282375,0
282376,0
282377,0
282378,0
282379,0
282380,0
282381,0
282382,0
282383,0
282384,0
282385,0
282386,0
282387,0
282388,0
282389,0
282390,0
282391,0
282392,0
282393,0
282394,0
282395,0
282396,0
282397,0
282398,0
282399,0
282400,0
282401,0
282402,0
282403,0
282404,0
282405,0
282406,0
282407,0
282408,0
282409,0
282410,0
282411,0
282412,0
282413,0
282414,0
282415,0
282416,0
282417,0
282418,0
282419,0
282420,0
282421,0
282422,0
282423,0
282424,0
282425,0
282426,0
282427,0
282428,0
282429,0
282430,0
282431,0
282432,0
282433,0
282434,0
282435,0
282436,0
282437,0
282438,0
282439,0
282440,0
282441,0
282442,0
282443,0
282444,0
282445,0
282446,0
282447,0
282448,0
282449,0
282450,0
282451,0
282452,0
282453,0
282454,0
282455,0
282456,0
282457,0
282458,0
282459,0
282460,0
282461,0
282462,0
282463,0
282464,0
282465,0
282466,0
282467,0
282468,0
282469,0
282470,0
282471,0
282472,0
282473,0
282474,0
282475,0
282476,0
282477,0
282478,0
282479,0
282480,0
282481,0
282482,0
282483,0
282484,0
282485,0
282486,0
282487,0
282488,0
282489,0
282490,0
282491,0
282492,0
282493,0
282494,0
282495,0
282496,0
282497,0
282498,0
282499,0
282500,0
282501,0
282502,0
282503,0
282504,0
282505,0
282506,0
282507,0
282508,0
282509,0
282510,0
282511,0
282512,0
282513,0
282514,0
282515,0
282516,0
282517,0
282518,0
282519,0
282520,0
282521,0
282522,0
282523,0
282524,0
282525,0
282526,0
282527,0
282528,0
282529,0
282530,0
282531,0
282532,0
282533,0
282534,0
282535,0
282536,0
282537,0
282538,0
282539,0
282540,0
282541,0
282542,0
282543,0
282544,0
282545,0
282546,0
282547,0
282548,0
282549,0
282550,0
282551,0
282552,0
282553,0
282554,0
282555,0
282556,0
282557,0
282558,0
282559,0
282560,0
282561,0
282562,0
282563,0
282564,0
282565,0
282566,0
282567,0
282568,0
282569,0
282570,0
282571,0
282572,0
282573,0
282574,0
282575,0
282576,0
282577,0
282578,0
282579,0
282580,0
282581,0
282582,0
282583,0
282584,0
282585,0
282586,0
282587,0
282588,0
282589,0
282590,0
282591,0
282592,0
282593,0
282594,0
282595,0
282596,0
282597,0
282598,0
282599,0
282600,0
282601,0
282602,0
282603,0
282604,0
282605,0
282606,0
282607,0
282608,0
282609,0
282610,0
282611,0
282612,0
282613,0
282614,0
282615,0
282616,0
282617,0
282618,0
282619,0
282620,0
282621,0
282622,0
282623,0
282624,0
282625,0
282626,0
282627,0
282628,0
282629,0
282630,0
282631,0
282632,0
282633,0
282634,0
282635,0
282636,0
282637,0
282638,0
282639,0
282640,0
282641,0
282642,0
282643,0
282644,0
282645,0
282646,0
282647,0
282648,0
282649,0
282650,0
282651,0
282652,0
282653,0
282654,0
282655,0
282656,0
282657,0
282658,0
282659,0
282660,0
282661,0
282662,0
282663,0
282664,0
282665,0
282666,0
282667,0
282668,0
282669,0
282670,0
282671,0
282672,0
282673,0
282674,0
282675,0
282676,0
282677,0
282678,0
282679,0
282680,0
282681,0
282682,0
282683,0
282684,0
282685,0
282686,0
282687,0
282688,0
282689,0
282690,0
282691,0
282692,0
282693,0
282694,0
282695,0
282696,0
282697,0
282698,0
282699,0
282700,0
282701,0
282702,0
282703,0
282704,0
282705,0
282706,0
282707,0
282708,0
282709,0
282710,0
282711,0
282712,0
282713,0
282714,0
282715,0
282716,0
282717,0
282718,0
282719,0
282720,0
282721,0
282722,0
282723,0
282724,0
282725,0
282726,0
282727,0
282728,0
282729,0
282730,0
282731,0
282732,0
282733,0
282734,0
282735,0
282736,0
282737,0
282738,0
282739,0
282740,0
282741,0
282742,0
282743,0
282744,0
282745,0
282746,0
282747,0
282748,0
282749,0
282750,0
282751,0
282752,0
282753,0
282754,0
282755,0
282756,0
282757,0
282758,0
282759,0
282760,0
282761,0
282762,0
282763,0
282764,0
282765,0
282766,0
282767,0
282768,0
282769,0
282770,0
282771,0
282772,0
282773,0
282774,0
282775,0
282776,0
282777,0
282778,0
282779,0
282780,0
282781,0
282782,0
282783,0
282784,0
282785,0
282786,0
282787,0
282788,0
282789,0
282790,0
282791,0
282792,0
282793,0
282794,0
282795,0
282796,0
282797,0
282798,0
282799,0
282800,0
282801,0
282802,0
282803,0
282804,0
282805,0
282806,0
282807,0
282808,0
282809,0
282810,0
282811,0
282812,0
282813,0
282814,0
282815,0
282816,0
282817,0
282818,0
282819,0
282820,0
282821,0
282822,0
282823,0
282824,0
282825,0
282826,0
282827,0
282828,0
282829,0
282830,0
282831,0
282832,0
282833,0
282834,0
282835,0
282836,0
282837,0
282838,0
282839,0
282840,0
282841,0
282842,0
282843,0
282844,0
282845,0
282846,0
282847,0
282848,0
282849,0
282850,0
282851,0
282852,0
282853,0
282854,0
282855,0
282856,0
282857,0
282858,0
282859,0
282860,0
282861,0
282862,0
282863,0
282864,0
282865,0
282866,0
282867,0
282868,0
282869,0
282870,0
282871,0
282872,0
282873,0
282874,0
282875,0
282876,0
282877,0
282878,0
282879,0
282880,0
282881,0
282882,0
282883,0
282884,0
282885,0
282886,0
282887,0
282888,0
282889,0
282890,0
282891,0
282892,0
282893,0
282894,0
282895,0
282896,0
282897,0
282898,0
282899,0
282900,0
282901,0
282902,0
282903,0
282904,0
282905,0
282906,0
282907,0
282908,0
282909,0
282910,0
282911,0
282912,0
282913,0
282914,0
282915,0
282916,0
282917,0
282918,0
282919,0
282920,0
282921,0
282922,0
282923,0
282924,0
282925,0
282926,0
282927,0
282928,0
282929,0
282930,0
282931,0
282932,0
282933,0
282934,0
282935,0
282936,0
282937,0
282938,0
282939,0
282940,0
282941,0
282942,0
282943,0
282944,0
282945,0
282946,0
282947,0
282948,0
282949,0
282950,0
282951,0
282952,0
282953,0
282954,0
282955,0
282956,0
282957,0
282958,0
282959,0
282960,0
282961,0
282962,0
282963,0
282964,0
282965,0
282966,0
282967,0
282968,0
282969,0
282970,0
282971,0
282972,0
282973,0
282974,0
282975,0
282976,0
282977,0
282978,0
282979,0
282980,0
282981,0
282982,0
282983,0
282984,0
282985,0
282986,0
282987,0
282988,0
282989,0
282990,0
282991,0
282992,0
282993,0
282994,0
282995,0
282996,0
282997,0
282998,0
282999,0
283000,0
283001,0
283002,0
283003,0
283004,0
283005,0
283006,0
283007,0
283008,0
283009,0
283010,0
283011,0
283012,0
283013,0
283014,0
283015,0
283016,0
283017,0
283018,0
283019,0
283020,0
283021,0
283022,0
283023,0
283024,0
283025,0
283026,0
283027,0
283028,0
283029,0
283030,0
283031,0
283032,0
283033,0
283034,0
283035,0
283036,0
283037,0
283038,0
283039,0
283040,0
283041,0
283042,0
283043,0
283044,0
283045,0
283046,0
283047,0
283048,0
283049,0
283050,0
283051,0
283052,0
283053,0
283054,0
283055,0
283056,0
283057,0
283058,0
283059,0
283060,0
283061,0
283062,0
283063,0
283064,0
283065,0
283066,0
283067,0
283068,0
283069,0
283070,0
283071,0
283072,0
283073,0
283074,0
283075,0
283076,0
283077,0
283078,0
283079,0
283080,0
283081,0
283082,0
283083,0
283084,0
283085,0
283086,0
283087,0
283088,0
283089,0
283090,0
283091,0
283092,0
283093,0
283094,0
283095,0
283096,0
283097,0
283098,0
283099,0
283100,0
283101,0
283102,0
283103,0
283104,0
283105,0
283106,0
283107,0
283108,0
283109,0
283110,0
283111,0
283112,0
283113,0
283114,0
283115,0
283116,0
283117,0
283118,0
283119,0
283120,0
283121,0
283122,0
283123,0
283124,0
283125,0
283126,0
283127,0
283128,0
283129,0
283130,0
283131,0
283132,0
283133,0
283134,0
283135,0
283136,0
283137,0
283138,0
283139,0
283140,0
283141,0
283142,0
283143,0
283144,0
283145,0
283146,0
283147,0
283148,0
283149,0
283150,0
283151,0
283152,0
283153,0
283154,0
283155,0
283156,0
283157,0
283158,0
283159,0
283160,0
283161,0
283162,0
283163,0
283164,0
283165,0
283166,0
283167,0
283168,0
283169,0
283170,0
283171,0
283172,0
283173,0
283174,0
283175,0
283176,0
283177,0
283178,0
283179,0
283180,0
283181,0
283182,0
283183,0
283184,0
283185,0
283186,0
283187,0
283188,0
283189,0
283190,0
283191,0
283192,0
283193,0
283194,0
283195,0
283196,0
283197,0
283198,0
283199,0
283200,0
283201,0
283202,0
283203,0
283204,0
283205,0
283206,0
283207,0
283208,0
283209,0
283210,0
283211,0
283212,0
283213,0
283214,0
283215,0
283216,0
283217,0
283218,0
283219,0
283220,0
283221,0
283222,0
283223,0
283224,0
283225,0
283226,0
283227,0
283228,0
283229,0
283230,0
283231,0
283232,0
283233,0
283234,0
283235,0
283236,0
283237,0
283238,0
283239,0
283240,0
283241,0
283242,0
283243,0
283244,0
283245,0
283246,0
283247,0
283248,0
283249,0
283250,0
283251,0
283252,0
283253,0
283254,0
283255,0
283256,0
283257,0
283258,0
283259,0
283260,0
283261,0
283262,0
283263,0
283264,0
283265,0
283266,0
283267,0
283268,0
283269,0
283270,0
283271,0
283272,0
283273,0
283274,0
283275,0
283276,0
283277,0
283278,0
283279,0
283280,0
283281,0
283282,0
283283,0
283284,0
283285,0
283286,0
283287,0
283288,0
283289,0
283290,0
283291,0
283292,0
283293,0
283294,0
283295,0
283296,0
283297,0
283298,0
283299,0
283300,0
283301,0
283302,0
283303,0
283304,0
283305,0
283306,0
283307,0
283308,0
283309,0
283310,0
283311,0
283312,0
283313,0
283314,0
283315,0
283316,0
283317,0
283318,0
283319,0
283320,0
283321,0
283322,0
283323,0
283324,0
283325,0
283326,0
283327,0
283328,0
283329,0
283330,0
283331,0
283332,0
283333,0
283334,0
283335,0
283336,0
283337,0
283338,0
283339,0
283340,0
283341,0
283342,0
283343,0
283344,0
283345,0
283346,0
283347,0
283348,0
283349,0
283350,0
283351,0
283352,0
283353,0
283354,0
283355,0
283356,0
283357,0
283358,0
283359,0
283360,0
283361,0
283362,0
283363,0
283364,0
283365,0
283366,0
283367,0
283368,0
283369,0
283370,0
283371,0
283372,0
283373,0
283374,0
283375,0
283376,0
283377,0
283378,0
283379,0
283380,0
283381,0
283382,0
283383,0
283384,0
283385,0
283386,0
283387,0
283388,0
283389,0
283390,0
283391,0
283392,0
283393,0
283394,0
283395,0
283396,0
283397,0
283398,0
283399,0
283400,0
283401,0
283402,0
283403,0
283404,0
283405,0
283406,0
283407,0
283408,0
283409,0
283410,0
283411,0
283412,0
283413,0
283414,0
283415,0
283416,0
283417,0
283418,0
283419,0
283420,0
283421,0
283422,0
283423,0
283424,0
283425,0
283426,0
283427,0
283428,0
283429,0
283430,0
283431,0
283432,0
283433,0
283434,0
283435,0
283436,0
283437,0
283438,0
283439,0
283440,0
283441,0
283442,0
283443,0
283444,0
283445,0
283446,0
283447,0
283448,0
283449,0
283450,0
283451,0
283452,0
283453,0
283454,0
283455,0
283456,0
283457,0
283458,0
283459,0
283460,0
283461,0
283462,0
283463,0
283464,0
283465,0
283466,0
283467,0
283468,0
283469,0
283470,0
283471,0
283472,0
283473,0
283474,0
283475,0
283476,0
283477,0
283478,0
283479,0
283480,0
283481,0
283482,0
283483,0
283484,0
283485,0
283486,0
283487,0
283488,0
283489,0
283490,0
283491,0
283492,0
283493,0
283494,0
283495,0
283496,0
283497,0
283498,0
283499,0
283500,0
283501,0
283502,0
283503,0
283504,0
283505,0
283506,0
283507,0
283508,0
283509,0
283510,0
283511,0
283512,0
283513,0
283514,0
283515,0
283516,0
283517,0
283518,0
283519,0
283520,0
283521,0
283522,0
283523,0
283524,0
283525,0
283526,0
283527,0
283528,0
283529,0
283530,0
283531,0
283532,0
283533,0
283534,0
283535,0
283536,0
283537,0
283538,0
283539,0
283540,0
283541,0
283542,0
283543,0
283544,0
283545,0
283546,0
283547,0
283548,0
283549,0
283550,0
283551,0
283552,0
283553,0
283554,0
283555,0
283556,0
283557,0
283558,0
283559,0
283560,0
283561,0
283562,0
283563,0
283564,0
283565,0
283566,0
283567,0
283568,0
283569,0
283570,0
283571,0
283572,0
283573,0
283574,0
283575,0
283576,0
283577,0
283578,0
283579,0
283580,0
283581,0
283582,0
283583,0
283584,0
283585,0
283586,0
283587,0
283588,0
283589,0
283590,0
283591,0
283592,0
283593,0
283594,0
283595,0
283596,0
283597,0
283598,0
283599,0
283600,0
283601,0
283602,0
283603,0
283604,0
283605,0
283606,0
283607,0
283608,0
283609,0
283610,0
283611,0
283612,0
283613,0
283614,0
283615,0
283616,0
283617,0
283618,0
283619,0
283620,0
283621,0
283622,0
283623,0
283624,0
283625,0
283626,0
283627,0
283628,0
283629,0
283630,0
283631,0
283632,0
283633,0
283634,0
283635,0
283636,0
283637,0
283638,0
283639,0
283640,0
283641,0
283642,0
283643,0
283644,0
283645,0
283646,0
283647,0
283648,0
283649,0
283650,0
283651,0
283652,0
283653,0
283654,0
283655,0
283656,0
283657,0
283658,0
283659,0
283660,0
283661,0
283662,0
283663,0
283664,0
283665,0
283666,0
283667,0
283668,0
283669,0
283670,0
283671,0
283672,0
283673,0
283674,0
283675,0
283676,0
283677,0
283678,0
283679,0
283680,0
283681,0
283682,0
283683,0
283684,0
283685,0
283686,0
283687,0
283688,0
283689,0
283690,0
283691,0
283692,0
283693,0
283694,0
283695,0
283696,0
283697,0
283698,0
283699,0
283700,0
283701,0
283702,0
283703,0
283704,0
283705,0
283706,0
283707,0
283708,0
283709,0
283710,0
283711,0
283712,0
283713,0
283714,0
283715,0
283716,0
283717,0
283718,0
283719,0
283720,0
283721,0
283722,0
283723,0
283724,0
283725,0
283726,0
283727,0
283728,0
283729,0
283730,0
283731,0
283732,0
283733,0
283734,0
283735,0
283736,0
283737,0
283738,0
283739,0
283740,0
283741,0
283742,0
283743,0
283744,0
283745,0
283746,0
283747,0
283748,0
283749,0
283750,0
283751,0
283752,0
283753,0
283754,0
283755,0
283756,0
283757,0
283758,0
283759,0
283760,0
283761,0
283762,0
283763,0
283764,0
283765,0
283766,0
283767,0
283768,0
283769,0
283770,0
283771,0
283772,0
283773,0
283774,0
283775,0
283776,0
283777,0
283778,0
283779,0
283780,0
283781,0
283782,0
283783,0
283784,0
283785,0
283786,0
283787,0
283788,0
283789,0
283790,0
283791,0
283792,0
283793,0
283794,0
283795,0
283796,0
283797,0
283798,0
283799,0
283800,0
283801,0
283802,0
283803,0
283804,0
283805,0
283806,0
283807,0
283808,0
283809,0
283810,0
283811,0
283812,0
283813,0
283814,0
283815,0
283816,0
283817,0
283818,0
283819,0
283820,0
283821,0
283822,0
283823,0
283824,0
283825,0
283826,0
283827,0
283828,0
283829,0
283830,0
283831,0
283832,0
283833,0
283834,0
283835,0
283836,0
283837,0
283838,0
283839,0
283840,0
283841,0
283842,0
283843,0
283844,0
283845,0
283846,0
283847,0
283848,0
283849,0
283850,0
283851,0
283852,0
283853,0
283854,0
283855,0
283856,0
283857,0
283858,0
283859,0
283860,0
283861,0
283862,0
283863,0
283864,0
283865,0
283866,0
283867,0
283868,0
283869,0
283870,0
283871,0
283872,0
283873,0
283874,0
283875,0
283876,0
283877,0
283878,0
283879,0
283880,0
283881,0
283882,0
283883,0
283884,0
283885,0
283886,0
283887,0
283888,0
283889,0
283890,0
283891,0
283892,0
283893,0
283894,0
283895,0
283896,0
283897,0
283898,0
283899,0
283900,0
283901,0
283902,0
283903,0
283904,0
283905,0
283906,0
283907,0
283908,0
283909,0
283910,0
283911,0
283912,0
283913,0
283914,0
283915,0
283916,0
283917,0
283918,0
283919,0
283920,0
283921,0
283922,0
283923,0
283924,0
283925,0
283926,0
283927,0
283928,0
283929,0
283930,0
283931,0
283932,0
283933,0
283934,0
283935,0
283936,0
283937,0
283938,0
283939,0
283940,0
283941,0
283942,0
283943,0
283944,0
283945,0
283946,0
283947,0
283948,0
283949,0
283950,0
283951,0
283952,0
283953,0
283954,0
283955,0
283956,0
283957,0
283958,0
283959,0
283960,0
283961,0
283962,0
283963,0
283964,0
283965,0
283966,0
283967,0
283968,0
283969,0
283970,0
283971,0
283972,0
283973,0
283974,0
283975,0
283976,0
283977,0
283978,0
283979,0
283980,0
283981,0
283982,0
283983,0
283984,0
283985,0
283986,0
283987,0
283988,0
283989,0
283990,0
283991,0
283992,0
283993,0
283994,0
283995,0
283996,0
283997,0
283998,0
283999,0
284000,0
284001,0
284002,0
284003,0
284004,0
284005,0
284006,0
284007,0
284008,0
284009,0
284010,0
284011,0
284012,0
284013,0
284014,0
284015,0
284016,0
284017,0
284018,0
284019,0
284020,0
284021,0
284022,0
284023,0
284024,0
284025,0
284026,0
284027,0
284028,0
284029,0
284030,0
284031,0
284032,0
284033,0
284034,0
284035,0
284036,0
284037,0
284038,0
284039,0
284040,0
284041,0
284042,0
284043,0
284044,0
284045,0
284046,0
284047,0
284048,0
284049,0
284050,0
284051,0
284052,0
284053,0
284054,0
284055,0
284056,0
284057,0
284058,0
284059,0
284060,0
284061,0
284062,0
284063,0
284064,0
284065,0
284066,0
284067,0
284068,0
284069,0
284070,0
284071,0
284072,0
284073,0
284074,0
284075,0
284076,0
284077,0
284078,0
284079,0
284080,0
284081,0
284082,0
284083,0
284084,0
284085,0
284086,0
284087,0
284088,0
284089,0
284090,0
284091,0
284092,0
284093,0
284094,0
284095,0
284096,0
284097,0
284098,0
284099,0
284100,0
284101,0
284102,0
284103,0
284104,0
284105,0
284106,0
284107,0
284108,0
284109,0
284110,0
284111,0
284112,0
284113,0
284114,0
284115,0
284116,0
284117,0
284118,0
284119,0
284120,0
284121,0
284122,0
284123,0
284124,0
284125,0
284126,0
284127,0
284128,0
284129,0
284130,0
284131,0
284132,0
284133,0
284134,0
284135,0
284136,0
284137,0
284138,0
284139,0
284140,0
284141,0
284142,0
284143,0
284144,0
284145,0
284146,0
284147,0
284148,0
284149,0
284150,0
284151,0
284152,0
284153,0
284154,0
284155,0
284156,0
284157,0
284158,0
284159,0
284160,0
284161,0
284162,0
284163,0
284164,0
284165,0
284166,0
284167,0
284168,0
284169,0
284170,0
284171,0
284172,0
284173,0
284174,0
284175,0
284176,0
284177,0
284178,0
284179,0
284180,0
284181,0
284182,0
284183,0
284184,0
284185,0
284186,0
284187,0
284188,0
284189,0
284190,0
284191,0
284192,0
284193,0
284194,0
284195,0
284196,0
284197,0
284198,0
284199,0
284200,0
284201,0
284202,0
284203,0
284204,0
284205,0
284206,0
284207,0
284208,0
284209,0
284210,0
284211,0
284212,0
284213,0
284214,0
284215,0
284216,0
284217,0
284218,0
284219,0
284220,0
284221,0
284222,0
284223,0
284224,0
284225,0
284226,0
284227,0
284228,0
284229,0
284230,0
284231,0
284232,0
284233,0
284234,0
284235,0
284236,0
284237,0
284238,0
284239,0
284240,0
284241,0
284242,0
284243,0
284244,0
284245,0
284246,0
284247,0
284248,0
284249,0
284250,0
284251,0
284252,0
284253,0
284254,0
284255,0
284256,0
284257,0
284258,0
284259,0
284260,0
284261,0
284262,0
284263,0
284264,0
284265,0
284266,0
284267,0
284268,0
284269,0
284270,0
284271,0
284272,0
284273,0
284274,0
284275,0
284276,0
284277,0
284278,0
284279,0
284280,0
284281,0
284282,0
284283,0
284284,0
284285,0
284286,0
284287,0
284288,0
284289,0
284290,0
284291,0
284292,0
284293,0
284294,0
284295,0
284296,0
284297,0
284298,0
284299,0
284300,0
284301,0
284302,0
284303,0
284304,0
284305,0
284306,0
284307,0
284308,0
284309,0
284310,0
284311,0
284312,0
284313,0
284314,0
284315,0
284316,0
284317,0
284318,0
284319,0
284320,0
284321,0
284322,0
284323,0
284324,0
284325,0
284326,0
284327,0
284328,0
284329,0
284330,0
284331,0
284332,0
284333,0
284334,0
284335,0
284336,0
284337,0
284338,0
284339,0
284340,0
284341,0
284342,0
284343,0
284344,0
284345,0
284346,0
284347,0
284348,0
284349,0
284350,0
284351,0
284352,0
284353,0
284354,0
284355,0
284356,0
284357,0
284358,0
284359,0
284360,0
284361,0
284362,0
284363,0
284364,0
284365,0
284366,0
284367,0
284368,0
284369,0
284370,0
284371,0
284372,0
284373,0
284374,0
284375,0
284376,0
284377,0
284378,0
284379,0
284380,0
284381,0
284382,0
284383,0
284384,0
284385,0
284386,0
284387,0
284388,0
284389,0
284390,0
284391,0
284392,0
284393,0
284394,0
284395,0
284396,0
284397,0
284398,0
284399,0
284400,0
284401,0
284402,0
284403,0
284404,0
284405,0
284406,0
284407,0
284408,0
284409,0
284410,0
284411,0
284412,0
284413,0
284414,0
284415,0
284416,0
284417,0
284418,0
284419,0
284420,0
284421,0
284422,0
284423,0
284424,0
284425,0
284426,0
284427,0
284428,0
284429,0
284430,0
284431,0
284432,0
284433,0
284434,0
284435,0
284436,0
284437,0
284438,0
284439,0
284440,0
284441,0
284442,0
284443,0
284444,0
284445,0
284446,0
284447,0
284448,0
284449,0
284450,0
284451,0
284452,0
284453,0
284454,0
284455,0
284456,0
284457,0
284458,0
284459,0
284460,0
284461,0
284462,0
284463,0
284464,0
284465,0
284466,0
284467,0
284468,0
284469,0
284470,0
284471,0
284472,0
284473,0
284474,0
284475,0
284476,0
284477,0
284478,0
284479,0
284480,0
284481,0
284482,0
284483,0
284484,0
284485,0
284486,0
284487,0
284488,0
284489,0
284490,0
284491,0
284492,0
284493,0
284494,0
284495,0
284496,0
284497,0
284498,0
284499,0
284500,0
284501,0
284502,0
284503,0
284504,0
284505,0
284506,0
284507,0
284508,0
284509,0
284510,0
284511,0
284512,0
284513,0
284514,0
284515,0
284516,0
284517,0
284518,0
284519,0
284520,0
284521,0
284522,0
284523,0
284524,0
284525,0
284526,0
284527,0
284528,0
284529,0
284530,0
284531,0
284532,0
284533,0
284534,0
284535,0
284536,0
284537,0
284538,0
284539,0
284540,0
284541,0
284542,0
284543,0
284544,0
284545,0
284546,0
284547,0
284548,0
284549,0
284550,0
284551,0
284552,0
284553,0
284554,0
284555,0
284556,0
284557,0
284558,0
284559,0
284560,0
284561,0
284562,0
284563,0
284564,0
284565,0
284566,0
284567,0
284568,0
284569,0
284570,0
284571,0
284572,0
284573,0
284574,0
284575,0
284576,0
284577,0
284578,0
284579,0
284580,0
284581,0
284582,0
284583,0
284584,0
284585,0
284586,0
284587,0
284588,0
284589,0
284590,0
284591,0
284592,0
284593,0
284594,0
284595,0
284596,0
284597,0
284598,0
284599,0
284600,0
284601,0
284602,0
284603,0
284604,0
284605,0
284606,0
284607,0
284608,0
284609,0
284610,0
284611,0
284612,0
284613,0
284614,0
284615,0
284616,0
284617,0
284618,0
284619,0
284620,0
284621,0
284622,0
284623,0
284624,0
284625,0
284626,0
284627,0
284628,0
284629,0
284630,0
284631,0
284632,0
284633,0
284634,0
284635,0
284636,0
284637,0
284638,0
284639,0
284640,0
284641,0
284642,0
284643,0
284644,0
284645,0
284646,0
284647,0
284648,0
284649,0
284650,0
284651,0
284652,0
284653,0
284654,0
284655,0
284656,0
284657,0
284658,0
284659,0
284660,0
284661,0
284662,0
284663,0
284664,0
284665,0
284666,0
284667,0
284668,0
284669,0
284670,0
284671,0
284672,0
284673,0
284674,0
284675,0
284676,0
284677,0
284678,0
284679,0
284680,0
284681,0
284682,0
284683,0
284684,0
284685,0
284686,0
284687,0
284688,0
284689,0
284690,0
284691,0
284692,0
284693,0
284694,0
284695,0
284696,0
284697,0
284698,0
284699,0
284700,0
284701,0
284702,0
284703,0
284704,0
284705,0
284706,0
284707,0
284708,0
284709,0
284710,0
284711,0
284712,0
284713,0
284714,0
284715,0
284716,0
284717,0
284718,0
284719,0
284720,0
284721,0
284722,0
284723,0
284724,0
284725,0
284726,0
284727,0
284728,0
284729,0
284730,0
284731,0
284732,0
284733,0
284734,0
284735,0
284736,0
284737,0
284738,0
284739,0
284740,0
284741,0
284742,0
284743,0
284744,0
284745,0
284746,0
284747,0
284748,0
284749,0
284750,0
284751,0
284752,0
284753,0
284754,0
284755,0
284756,0
284757,0
284758,0
284759,0
284760,0
284761,0
284762,0
284763,0
284764,0
284765,0
284766,0
284767,0
284768,0
284769,0
284770,0
284771,0
284772,0
284773,0
284774,0
284775,0
284776,0
284777,0
284778,0
284779,0
284780,0
284781,0
284782,0
284783,0
284784,0
284785,0
284786,0
284787,0
284788,0
284789,0
284790,0
284791,0
284792,0
284793,0
284794,0
284795,0
284796,0
284797,0
284798,0
284799,0
284800,0
284801,0
284802,0
284803,0
284804,0
284805,0
284806,0
284807,0
284808,0
284809,0
284810,0
284811,0
284812,0
284813,0
284814,0
284815,0
284816,0
284817,0
284818,0
284819,0
284820,0
284821,0
284822,0
284823,0
284824,0
284825,0
284826,0
284827,0
284828,0
284829,0
284830,0
284831,0
284832,0
284833,0
284834,0
284835,0
284836,0
284837,0
284838,0
284839,0
284840,0
284841,0
284842,0
284843,0
284844,0
284845,0
284846,0
284847,0
284848,0
284849,0
284850,0
284851,0
284852,0
284853,0
284854,0
284855,0
284856,0
284857,0
284858,0
284859,0
284860,0
284861,0
284862,0
284863,0
284864,0
284865,0
284866,0
284867,0
284868,0
284869,0
284870,0
284871,0
284872,0
284873,0
284874,0
284875,0
284876,0
284877,0
284878,0
284879,0
284880,0
284881,0
284882,0
284883,0
284884,0
284885,0
284886,0
284887,0
284888,0
284889,0
284890,0
284891,0
284892,0
284893,0
284894,0
284895,0
284896,0
284897,0
284898,0
284899,0
284900,0
284901,0
284902,0
284903,0
284904,0
284905,0
284906,0
284907,0
284908,0
284909,0
284910,0
284911,0
284912,0
284913,0
284914,0
284915,0
284916,0
284917,0
284918,0
284919,0
284920,0
284921,0
284922,0
284923,0
284924,0
284925,0
284926,0
284927,0
284928,0
284929,0
284930,0
284931,0
284932,0
284933,0
284934,0
284935,0
284936,0
284937,0
284938,0
284939,0
284940,0
284941,0
284942,0
284943,0
284944,0
284945,0
284946,0
284947,0
284948,0
284949,0
284950,0
284951,0
284952,0
284953,0
284954,0
284955,0
284956,0
284957,0
284958,0
284959,0
284960,0
284961,0
284962,0
284963,0
284964,0
284965,0
284966,0
284967,0
284968,0
284969,0
284970,0
284971,0
284972,0
284973,0
284974,0
284975,0
284976,0
284977,0
284978,0
284979,0
284980,0
284981,0
284982,0
284983,0
284984,0
284985,0
284986,0
284987,0
284988,0
284989,0
284990,0
284991,0
284992,0
284993,0
284994,0
284995,0
284996,0
284997,0
284998,0
284999,0
285000,0
285001,0
285002,0
285003,0
285004,0
285005,0
285006,0
285007,0
285008,0
285009,0
285010,0
285011,0
285012,0
285013,0
285014,0
285015,0
285016,0
285017,0
285018,0
285019,0
285020,0
285021,0
285022,0
285023,0
285024,0
285025,0
285026,0
285027,0
285028,0
285029,0
285030,0
285031,0
285032,0
285033,0
285034,0
285035,0
285036,0
285037,0
285038,0
285039,0
285040,0
285041,0
285042,0
285043,0
285044,0
285045,0
285046,0
285047,0
285048,0
285049,0
285050,0
285051,0
285052,0
285053,0
285054,0
285055,0
285056,0
285057,0
285058,0
285059,0
285060,0
285061,0
285062,0
285063,0
285064,0
285065,0
285066,0
285067,0
285068,0
285069,0
285070,0
285071,0
285072,0
285073,0
285074,0
285075,0
285076,0
285077,0
285078,0
285079,0
285080,0
285081,0
285082,0
285083,0
285084,0
285085,0
285086,0
285087,0
285088,0
285089,0
285090,0
285091,0
285092,0
285093,0
285094,0
285095,0
285096,0
285097,0
285098,0
285099,0
285100,0
285101,0
285102,0
285103,0
285104,0
285105,0
285106,0
285107,0
285108,0
285109,0
285110,0
285111,0
285112,0
285113,0
285114,0
285115,0
285116,0
285117,0
285118,0
285119,0
285120,0
285121,0
285122,0
285123,0
285124,0
285125,0
285126,0
285127,0
285128,0
285129,0
285130,0
285131,0
285132,0
285133,0
285134,0
285135,0
285136,0
285137,0
285138,0
285139,0
285140,0
285141,0
285142,0
285143,0
285144,0
285145,0
285146,0
285147,0
285148,0
285149,0
285150,0
285151,0
285152,0
285153,0
285154,0
285155,0
285156,0
285157,0
285158,0
285159,0
285160,0
285161,0
285162,0
285163,0
285164,0
285165,0
285166,0
285167,0
285168,0
285169,0
285170,0
285171,0
285172,0
285173,0
285174,0
285175,0
285176,0
285177,0
285178,0
285179,0
285180,0
285181,0
285182,0
285183,0
285184,0
285185,0
285186,0
285187,0
285188,0
285189,0
285190,0
285191,0
285192,0
285193,0
285194,0
285195,0
285196,0
285197,0
285198,0
285199,0
285200,0
285201,0
285202,0
285203,0
285204,0
285205,0
285206,0
285207,0
285208,0
285209,0
285210,0
285211,0
285212,0
285213,0
285214,0
285215,0
285216,0
285217,0
285218,0
285219,0
285220,0
285221,0
285222,0
285223,0
285224,0
285225,0
285226,0
285227,0
285228,0
285229,0
285230,0
285231,0
285232,0
285233,0
285234,0
285235,0
285236,0
285237,0
285238,0
285239,0
285240,0
285241,0
285242,0
285243,0
285244,0
285245,0
285246,0
285247,0
285248,0
285249,0
285250,0
285251,0
285252,0
285253,0
285254,0
285255,0
285256,0
285257,0
285258,0
285259,0
285260,0
285261,0
285262,0
285263,0
285264,0
285265,0
285266,0
285267,0
285268,0
285269,0
285270,0
285271,0
285272,0
285273,0
285274,0
285275,0
285276,0
285277,0
285278,0
285279,0
285280,0
285281,0
285282,0
285283,0
285284,0
285285,0
285286,0
285287,0
285288,0
285289,0
285290,0
285291,0
285292,0
285293,0
285294,0
285295,0
285296,0
285297,0
285298,0
285299,0
285300,0
285301,0
285302,0
285303,0
285304,0
285305,0
285306,0
285307,0
285308,0
285309,0
285310,0
285311,0
285312,0
285313,0
285314,0
285315,0
285316,0
285317,0
285318,0
285319,0
285320,0
285321,0
285322,0
285323,0
285324,0
285325,0
285326,0
285327,0
285328,0
285329,0
285330,0
285331,0
285332,0
285333,0
285334,0
285335,0
285336,0
285337,0
285338,0
285339,0
285340,0
285341,0
285342,0
285343,0
285344,0
285345,0
285346,0
285347,0
285348,0
285349,0
285350,0
285351,0
285352,0
285353,0
285354,0
285355,0
285356,0
285357,0
285358,0
285359,0
285360,0
285361,0
285362,0
285363,0
285364,0
285365,0
285366,0
285367,0
285368,0
285369,0
285370,0
285371,0
285372,0
285373,0
285374,0
285375,0
285376,0
285377,0
285378,0
285379,0
285380,0
285381,0
285382,0
285383,0
285384,0
285385,0
285386,0
285387,0
285388,0
285389,0
285390,0
285391,0
285392,0
285393,0
285394,0
285395,0
285396,0
285397,0
285398,0
285399,0
285400,0
285401,0
285402,0
285403,0
285404,0
285405,0
285406,0
285407,0
285408,0
285409,0
285410,0
285411,0
285412,0
285413,0
285414,0
285415,0
285416,0
285417,0
285418,0
285419,0
285420,0
285421,0
285422,0
285423,0
285424,0
285425,0
285426,0
285427,0
285428,0
285429,0
285430,0
285431,0
285432,0
285433,0
285434,0
285435,0
285436,0
285437,0
285438,0
285439,0
285440,0
285441,0
285442,0
285443,0
285444,0
285445,0
285446,0
285447,0
285448,0
285449,0
285450,0
285451,0
285452,0
285453,0
285454,0
285455,0
285456,0
285457,0
285458,0
285459,0
285460,0
285461,0
285462,0
285463,0
285464,0
285465,0
285466,0
285467,0
285468,0
285469,0
285470,0
285471,0
285472,0
285473,0
285474,0
285475,0
285476,0
285477,0
285478,0
285479,0
285480,0
285481,0
285482,0
285483,0
285484,0
285485,0
285486,0
285487,0
285488,0
285489,0
285490,0
285491,0
285492,0
285493,0
285494,0
285495,0
285496,0
285497,0
285498,0
285499,0
285500,0
285501,0
285502,0
285503,0
285504,0
285505,0
285506,0
285507,0
285508,0
285509,0
285510,0
285511,0
285512,0
285513,0
285514,0
285515,0
285516,0
285517,0
285518,0
285519,0
285520,0
285521,0
285522,0
285523,0
285524,0
285525,0
285526,0
285527,0
285528,0
285529,0
285530,0
285531,0
285532,0
285533,0
285534,0
285535,0
285536,0
285537,0
285538,0
285539,0
285540,0
285541,0
285542,0
285543,0
285544,0
285545,0
285546,0
285547,0
285548,0
285549,0
285550,0
285551,0
285552,0
285553,0
285554,0
285555,0
285556,0
285557,0
285558,0
285559,0
285560,0
285561,0
285562,0
285563,0
285564,0
285565,0
285566,0
285567,0
285568,0
285569,0
285570,0
285571,0
285572,0
285573,0
285574,0
285575,0
285576,0
285577,0
285578,0
285579,0
285580,0
285581,0
285582,0
285583,0
285584,0
285585,0
285586,0
285587,0
285588,0
285589,0
285590,0
285591,0
285592,0
285593,0
285594,0
285595,0
285596,0
285597,0
285598,0
285599,0
285600,0
285601,0
285602,0
285603,0
285604,0
285605,0
285606,0
285607,0
285608,0
285609,0
285610,0
285611,0
285612,0
285613,0
285614,0
285615,0
285616,0
285617,0
285618,0
285619,0
285620,0
285621,0
285622,0
285623,0
285624,0
285625,0
285626,0
285627,0
285628,0
285629,0
285630,0
285631,0
285632,0
285633,0
285634,0
285635,0
285636,0
285637,0
285638,0
285639,0
285640,0
285641,0
285642,0
285643,0
285644,0
285645,0
285646,0
285647,0
285648,0
285649,0
285650,0
285651,0
285652,0
285653,0
285654,0
285655,0
285656,0
285657,0
285658,0
285659,0
285660,0
285661,0
285662,0
285663,0
285664,0
285665,0
285666,0
285667,0
285668,0
285669,0
285670,0
285671,0
285672,0
285673,0
285674,0
285675,0
285676,0
285677,0
285678,0
285679,0
285680,0
285681,0
285682,0
285683,0
285684,0
285685,0
285686,0
285687,0
285688,0
285689,0
285690,0
285691,0
285692,0
285693,0
285694,0
285695,0
285696,0
285697,0
285698,0
285699,0
285700,0
285701,0
285702,0
285703,0
285704,0
285705,0
285706,0
285707,0
285708,0
285709,0
285710,0
285711,0
285712,0
285713,0
285714,0
285715,0
285716,0
285717,0
285718,0
285719,0
285720,0
285721,0
285722,0
285723,0
285724,0
285725,0
285726,0
285727,0
285728,0
285729,0
285730,0
285731,0
285732,0
285733,0
285734,0
285735,0
285736,0
285737,0
285738,0
285739,0
285740,0
285741,0
285742,0
285743,0
285744,0
285745,0
285746,0
285747,0
285748,0
285749,0
285750,0
285751,0
285752,0
285753,0
285754,0
285755,0
285756,0
285757,0
285758,0
285759,0
285760,0
285761,0
285762,0
285763,0
285764,0
285765,0
285766,0
285767,0
285768,0
285769,0
285770,0
285771,0
285772,0
285773,0
285774,0
285775,0
285776,0
285777,0
285778,0
285779,0
285780,0
285781,0
285782,0
285783,0
285784,0
285785,0
285786,0
285787,0
285788,0
285789,0
285790,0
285791,0
285792,0
285793,0
285794,0
285795,0
285796,0
285797,0
285798,0
285799,0
285800,0
285801,0
285802,0
285803,0
285804,0
285805,0
285806,0
285807,0
285808,0
285809,0
285810,0
285811,0
285812,0
285813,0
285814,0
285815,0
285816,0
285817,0
285818,0
285819,0
285820,0
285821,0
285822,0
285823,0
285824,0
285825,0
285826,0
285827,0
285828,0
285829,0
285830,0
285831,0
285832,0
285833,0
285834,0
285835,0
285836,0
285837,0
285838,0
285839,0
285840,0
285841,0
285842,0
285843,0
285844,0
285845,0
285846,0
285847,0
285848,0
285849,0
285850,0
285851,0
285852,0
285853,0
285854,0
285855,0
285856,0
285857,0
285858,0
285859,0
285860,0
285861,0
285862,0
285863,0
285864,0
285865,0
285866,0
285867,0
285868,0
285869,0
285870,0
285871,0
285872,0
285873,0
285874,0
285875,0
285876,0
285877,0
285878,0
285879,0
285880,0
285881,0
285882,0
285883,0
285884,0
285885,0
285886,0
285887,0
285888,0
285889,0
285890,0
285891,0
285892,0
285893,0
285894,0
285895,0
285896,0
285897,0
285898,0
285899,0
285900,0
285901,0
285902,0
285903,0
285904,0
285905,0
285906,0
285907,0
285908,0
285909,0
285910,0
285911,0
285912,0
285913,0
285914,0
285915,0
285916,0
285917,0
285918,0
285919,0
285920,0
285921,0
285922,0
285923,0
285924,0
285925,0
285926,0
285927,0
285928,0
285929,0
285930,0
285931,0
285932,0
285933,0
285934,0
285935,0
285936,0
285937,0
285938,0
285939,0
285940,0
285941,0
285942,0
285943,0
285944,0
285945,0
285946,0
285947,0
285948,0
285949,0
285950,0
285951,0
285952,0
285953,0
285954,0
285955,0
285956,0
285957,0
285958,0
285959,0
285960,0
285961,0
285962,0
285963,0
285964,0
285965,0
285966,0
285967,0
285968,0
285969,0
285970,0
285971,0
285972,0
285973,0
285974,0
285975,0
285976,0
285977,0
285978,0
285979,0
285980,0
285981,0
285982,0
285983,0
285984,0
285985,0
285986,0
285987,0
285988,0
285989,0
285990,0
285991,0
285992,0
285993,0
285994,0
285995,0
285996,0
285997,0
285998,0
285999,0
286000,0
286001,0
286002,0
286003,0
286004,0
286005,0
286006,0
286007,0
286008,0
286009,0
286010,0
286011,0
286012,0
286013,0
286014,0
286015,0
286016,0
286017,0
286018,0
286019,0
286020,0
286021,0
286022,0
286023,0
286024,0
286025,0
286026,0
286027,0
286028,0
286029,0
286030,0
286031,0
286032,0
286033,0
286034,0
286035,0
286036,0
286037,0
286038,0
286039,0
286040,0
286041,0
286042,0
286043,0
286044,0
286045,0
286046,0
286047,0
286048,0
286049,0
286050,0
286051,0
286052,0
286053,0
286054,0
286055,0
286056,0
286057,0
286058,0
286059,0
286060,0
286061,0
286062,0
286063,0
286064,0
286065,0
286066,0
286067,0
286068,0
286069,0
286070,0
286071,0
286072,0
286073,0
286074,0
286075,0
286076,0
286077,0
286078,0
286079,0
286080,0
286081,0
286082,0
286083,0
286084,0
286085,0
286086,0
286087,0
286088,0
286089,0
286090,0
286091,0
286092,0
286093,0
286094,0
286095,0
286096,0
286097,0
286098,0
286099,0
286100,0
286101,0
286102,0
286103,0
286104,0
286105,0
286106,0
286107,0
286108,0
286109,0
286110,0
286111,0
286112,0
286113,0
286114,0
286115,0
286116,0
286117,0
286118,0
286119,0
286120,0
286121,0
286122,0
286123,0
286124,0
286125,0
286126,0
286127,0
286128,0
286129,0
286130,0
286131,0
286132,0
286133,0
286134,0
286135,0
286136,0
286137,0
286138,0
286139,0
286140,0
286141,0
286142,0
286143,0
286144,0
286145,0
286146,0
286147,0
286148,0
286149,0
286150,0
286151,0
286152,0
286153,0
286154,0
286155,0
286156,0
286157,0
286158,0
286159,0
286160,0
286161,0
286162,0
286163,0
286164,0
286165,0
286166,0
286167,0
286168,0
286169,0
286170,0
286171,0
286172,0
286173,0
286174,0
286175,0
286176,0
286177,0
286178,0
286179,0
286180,0
286181,0
286182,0
286183,0
286184,0
286185,0
286186,0
286187,0
286188,0
286189,0
286190,0
286191,0
286192,0
286193,0
286194,0
286195,0
286196,0
286197,0
286198,0
286199,0
286200,0
286201,0
286202,0
286203,0
286204,0
286205,0
286206,0
286207,0
286208,0
286209,0
286210,0
286211,0
286212,0
286213,0
286214,0
286215,0
286216,0
286217,0
286218,0
286219,0
286220,0
286221,0
286222,0
286223,0
286224,0
286225,0
286226,0
286227,0
286228,0
286229,0
286230,0
286231,0
286232,0
286233,0
286234,0
286235,0
286236,0
286237,0
286238,0
286239,0
286240,0
286241,0
286242,0
286243,0
286244,0
286245,0
286246,0
286247,0
286248,0
286249,0
286250,0
286251,0
286252,0
286253,0
286254,0
286255,0
286256,0
286257,0
286258,0
286259,0
286260,0
286261,0
286262,0
286263,0
286264,0
286265,0
286266,0
286267,0
286268,0
286269,0
286270,0
286271,0
286272,0
286273,0
286274,0
286275,0
286276,0
286277,0
286278,0
286279,0
286280,0
286281,0
286282,0
286283,0
286284,0
286285,0
286286,0
286287,0
286288,0
286289,0
286290,0
286291,0
286292,0
286293,0
286294,0
286295,0
286296,0
286297,0
286298,0
286299,0
286300,0
286301,0
286302,0
286303,0
286304,0
286305,0
286306,0
286307,0
286308,0
286309,0
286310,0
286311,0
286312,0
286313,0
286314,0
286315,0
286316,0
286317,0
286318,0
286319,0
286320,0
286321,0
286322,0
286323,0
286324,0
286325,0
286326,0
286327,0
286328,0
286329,0
286330,0
286331,0
286332,0
286333,0
286334,0
286335,0
286336,0
286337,0
286338,0
286339,0
286340,0
286341,0
286342,0
286343,0
286344,0
286345,0
286346,0
286347,0
286348,0
286349,0
286350,0
286351,0
286352,0
286353,0
286354,0
286355,0
286356,0
286357,0
286358,0
286359,0
286360,0
286361,0
286362,0
286363,0
286364,0
286365,0
286366,0
286367,0
286368,0
286369,0
286370,0
286371,0
286372,0
286373,0
286374,0
286375,0
286376,0
286377,0
286378,0
286379,0
286380,0
286381,0
286382,0
286383,0
286384,0
286385,0
286386,0
286387,0
286388,0
286389,0
286390,0
286391,0
286392,0
286393,0
286394,0
286395,0
286396,0
286397,0
286398,0
286399,0
286400,0
286401,0
286402,0
286403,0
286404,0
286405,0
286406,0
286407,0
286408,0
286409,0
286410,0
286411,0
286412,0
286413,0
286414,0
286415,0
286416,0
286417,0
286418,0
286419,0
286420,0
286421,0
286422,0
286423,0
286424,0
286425,0
286426,0
286427,0
286428,0
286429,0
286430,0
286431,0
286432,0
286433,0
286434,0
286435,0
286436,0
286437,0
286438,0
286439,0
286440,0
286441,0
286442,0
286443,0
286444,0
286445,0
286446,0
286447,0
286448,0
286449,0
286450,0
286451,0
286452,0
286453,0
286454,0
286455,0
286456,0
286457,0
286458,0
286459,0
286460,0
286461,0
286462,0
286463,0
286464,0
286465,0
286466,0
286467,0
286468,0
286469,0
286470,0
286471,0
286472,0
286473,0
286474,0
286475,0
286476,0
286477,0
286478,0
286479,0
286480,0
286481,0
286482,0
286483,0
286484,0
286485,0
286486,0
286487,0
286488,0
286489,0
286490,0
286491,0
286492,0
286493,0
286494,0
286495,0
286496,0
286497,0
286498,0
286499,0
286500,0
286501,0
286502,0
286503,0
286504,0
286505,0
286506,0
286507,0
286508,0
286509,0
286510,0
286511,0
286512,0
286513,0
286514,0
286515,0
286516,0
286517,0
286518,0
286519,0
286520,0
286521,0
286522,0
286523,0
286524,0
286525,0
286526,0
286527,0
286528,0
286529,0
286530,0
286531,0
286532,0
286533,0
286534,0
286535,0
286536,0
286537,0
286538,0
286539,0
286540,0
286541,0
286542,0
286543,0
286544,0
286545,0
286546,0
286547,0
286548,0
286549,0
286550,0
286551,0
286552,0
286553,0
286554,0
286555,0
286556,0
286557,0
286558,0
286559,0
286560,0
286561,0
286562,0
286563,0
286564,0
286565,0
286566,0
286567,0
286568,0
286569,0
286570,0
286571,0
286572,0
286573,0
286574,0
286575,0
286576,0
286577,0
286578,0
286579,0
286580,0
286581,0
286582,0
286583,0
286584,0
286585,0
286586,0
286587,0
286588,0
286589,0
286590,0
286591,0
286592,0
286593,0
286594,0
286595,0
286596,0
286597,0
286598,0
286599,0
286600,0
286601,0
286602,0
286603,0
286604,0
286605,0
286606,0
286607,0
286608,0
286609,0
286610,0
286611,0
286612,0
286613,0
286614,0
286615,0
286616,0
286617,0
286618,0
286619,0
286620,0
286621,0
286622,0
286623,0
286624,0
286625,0
286626,0
286627,0
286628,0
286629,0
286630,0
286631,0
286632,0
286633,0
286634,0
286635,0
286636,0
286637,0
286638,0
286639,0
286640,0
286641,0
286642,0
286643,0
286644,0
286645,0
286646,0
286647,0
286648,0
286649,0
286650,0
286651,0
286652,0
286653,0
286654,0
286655,0
286656,0
286657,0
286658,0
286659,0
286660,0
286661,0
286662,0
286663,0
286664,0
286665,0
286666,0
286667,0
286668,0
286669,0
286670,0
286671,0
286672,0
286673,0
286674,0
286675,0
286676,0
286677,0
286678,0
286679,0
286680,0
286681,0
286682,0
286683,0
286684,0
286685,0
286686,0
286687,0
286688,0
286689,0
286690,0
286691,0
286692,0
286693,0
286694,0
286695,0
286696,0
286697,0
286698,0
286699,0
286700,0
286701,0
286702,0
286703,0
286704,0
286705,0
286706,0
286707,0
286708,0
286709,0
286710,0
286711,0
286712,0
286713,0
286714,0
286715,0
286716,0
286717,0
286718,0
286719,0
286720,0
286721,0
286722,0
286723,0
286724,0
286725,0
286726,0
286727,0
286728,0
286729,0
286730,0
286731,0
286732,0
286733,0
286734,0
286735,0
286736,0
286737,0
286738,0
286739,0
286740,0
286741,0
286742,0
286743,0
286744,0
286745,0
286746,0
286747,0
286748,0
286749,0
286750,0
286751,0
286752,0
286753,0
286754,0
286755,0
286756,0
286757,0
286758,0
286759,0
286760,0
286761,0
286762,0
286763,0
286764,0
286765,0
286766,0
286767,0
286768,0
286769,0
286770,0
286771,0
286772,0
286773,0
286774,0
286775,0
286776,0
286777,0
286778,0
286779,0
286780,0
286781,0
286782,0
286783,0
286784,0
286785,0
286786,0
286787,0
286788,0
286789,0
286790,0
286791,0
286792,0
286793,0
286794,0
286795,0
286796,0
286797,0
286798,0
286799,0
286800,0
286801,0
286802,0
286803,0
286804,0
286805,0
286806,0
286807,0
286808,0
286809,0
286810,0
286811,0
286812,0
286813,0
286814,0
286815,0
286816,0
286817,0
286818,0
286819,0
286820,0
286821,0
286822,0
286823,0
286824,0
286825,0
286826,0
286827,0
286828,0
286829,0
286830,0
286831,0
286832,0
286833,0
286834,0
286835,0
286836,0
286837,0
286838,0
286839,0
286840,0
286841,0
286842,0
286843,0
286844,0
286845,0
286846,0
286847,0
286848,0
286849,0
286850,0
286851,0
286852,0
286853,0
286854,0
286855,0
286856,0
286857,0
286858,0
286859,0
286860,0
286861,0
286862,0
286863,0
286864,0
286865,0
286866,0
286867,0
286868,0
286869,0
286870,0
286871,0
286872,0
286873,0
286874,0
286875,0
286876,0
286877,0
286878,0
286879,0
286880,0
286881,0
286882,0
286883,0
286884,0
286885,0
286886,0
286887,0
286888,0
286889,0
286890,0
286891,0
286892,0
286893,0
286894,0
286895,0
286896,0
286897,0
286898,0
286899,0
286900,0
286901,0
286902,0
286903,0
286904,0
286905,0
286906,0
286907,0
286908,0
286909,0
286910,0
286911,0
286912,0
286913,0
286914,0
286915,0
286916,0
286917,0
286918,0
286919,0
286920,0
286921,0
286922,0
286923,0
286924,0
286925,0
286926,0
286927,0
286928,0
286929,0
286930,0
286931,0
286932,0
286933,0
286934,0
286935,0
286936,0
286937,0
286938,0
286939,0
286940,0
286941,0
286942,0
286943,0
286944,0
286945,0
286946,0
286947,0
286948,0
286949,0
286950,0
286951,0
286952,0
286953,0
286954,0
286955,0
286956,0
286957,0
286958,0
286959,0
286960,0
286961,0
286962,0
286963,0
286964,0
286965,0
286966,0
286967,0
286968,0
286969,0
286970,0
286971,0
286972,0
286973,0
286974,0
286975,0
286976,0
286977,0
286978,0
286979,0
286980,0
286981,0
286982,0
286983,0
286984,0
286985,0
286986,0
286987,0
286988,0
286989,0
286990,0
286991,0
286992,0
286993,0
286994,0
286995,0
286996,0
286997,0
286998,0
286999,0
287000,0
287001,0
287002,0
287003,0
287004,0
287005,0
287006,0
287007,0
287008,0
287009,0
287010,0
287011,0
287012,0
287013,0
287014,0
287015,0
287016,0
287017,0
287018,0
287019,0
287020,0
287021,0
287022,0
287023,0
287024,0
287025,0
287026,0
287027,0
287028,0
287029,0
287030,0
287031,0
287032,0
287033,0
287034,0
287035,0
287036,0
287037,0
287038,0
287039,0
287040,0
287041,0
287042,0
287043,0
287044,0
287045,0
287046,0
287047,0
287048,0
287049,0
287050,0
287051,0
287052,0
287053,0
287054,0
287055,0
287056,0
287057,0
287058,0
287059,0
287060,0
287061,0
287062,0
287063,0
287064,0
287065,0
287066,0
287067,0
287068,0
287069,0
287070,0
287071,0
287072,0
287073,0
287074,0
287075,0
287076,0
287077,0
287078,0
287079,0
287080,0
287081,0
287082,0
287083,0
287084,0
287085,0
287086,0
287087,0
287088,0
287089,0
287090,0
287091,0
287092,0
287093,0
287094,0
287095,0
287096,0
287097,0
287098,0
287099,0
287100,0
287101,0
287102,0
287103,0
287104,0
287105,0
287106,0
287107,0
287108,0
287109,0
287110,0
287111,0
287112,0
287113,0
287114,0
287115,0
287116,0
287117,0
287118,0
287119,0
287120,0
287121,0
287122,0
287123,0
287124,0
287125,0
287126,0
287127,0
287128,0
287129,0
287130,0
287131,0
287132,0
287133,0
287134,0
287135,0
287136,0
287137,0
287138,0
287139,0
287140,0
287141,0
287142,0
287143,0
287144,0
287145,0
287146,0
287147,0
287148,0
287149,0
287150,0
287151,0
287152,0
287153,0
287154,0
287155,0
287156,0
287157,0
287158,0
287159,0
287160,0
287161,0
287162,0
287163,0
287164,0
287165,0
287166,0
287167,0
287168,0
287169,0
287170,0
287171,0
287172,0
287173,0
287174,0
287175,0
287176,0
287177,0
287178,0
287179,0
287180,0
287181,0
287182,0
287183,0
287184,0
287185,0
287186,0
287187,0
287188,0
287189,0
287190,0
287191,0
287192,0
287193,0
287194,0
287195,0
287196,0
287197,0
287198,0
287199,0
287200,0
287201,0
287202,0
287203,0
287204,0
287205,0
287206,0
287207,0
287208,0
287209,0
287210,0
287211,0
287212,0
287213,0
287214,0
287215,0
287216,0
287217,0
287218,0
287219,0
287220,0
287221,0
287222,0
287223,0
287224,0
287225,0
287226,0
287227,0
287228,0
287229,0
287230,0
287231,0
287232,0
287233,0
287234,0
287235,0
287236,0
287237,0
287238,0
287239,0
287240,0
287241,0
287242,0
287243,0
287244,0
287245,0
287246,0
287247,0
287248,0
287249,0
287250,0
287251,0
287252,0
287253,0
287254,0
287255,0
287256,0
287257,0
287258,0
287259,0
287260,0
287261,0
287262,0
287263,0
287264,0
287265,0
287266,0
287267,0
287268,0
287269,0
287270,0
287271,0
287272,0
287273,0
287274,0
287275,0
287276,0
287277,0
287278,0
287279,0
287280,0
287281,0
287282,0
287283,0
287284,0
287285,0
287286,0
287287,0
287288,0
287289,0
287290,0
287291,0
287292,0
287293,0
287294,0
287295,0
287296,0
287297,0
287298,0
287299,0
287300,0
287301,0
287302,0
287303,0
287304,0
287305,0
287306,0
287307,0
287308,0
287309,0
287310,0
287311,0
287312,0
287313,0
287314,0
287315,0
287316,0
287317,0
287318,0
287319,0
287320,0
287321,0
287322,0
287323,0
287324,0
287325,0
287326,0
287327,0
287328,0
287329,0
287330,0
287331,0
287332,0
287333,0
287334,0
287335,0
287336,0
287337,0
287338,0
287339,0
287340,0
287341,0
287342,0
287343,0
287344,0
287345,0
287346,0
287347,0
287348,0
287349,0
287350,0
287351,0
287352,0
287353,0
287354,0
287355,0
287356,0
287357,0
287358,0
287359,0
287360,0
287361,0
287362,0
287363,0
287364,0
287365,0
287366,0
287367,0
287368,0
287369,0
287370,0
287371,0
287372,0
287373,0
287374,0
287375,0
287376,0
287377,0
287378,0
287379,0
287380,0
287381,0
287382,0
287383,0
287384,0
287385,0
287386,0
287387,0
287388,0
287389,0
287390,0
287391,0
287392,0
287393,0
287394,0
287395,0
287396,0
287397,0
287398,0
287399,0
287400,0
287401,0
287402,0
287403,0
287404,0
287405,0
287406,0
287407,0
287408,0
287409,0
287410,0
287411,0
287412,0
287413,0
287414,0
287415,0
287416,0
287417,0
287418,0
287419,0
287420,0
287421,0
287422,0
287423,0
287424,0
287425,0
287426,0
287427,0
287428,0
287429,0
287430,0
287431,0
287432,0
287433,0
287434,0
287435,0
287436,0
287437,0
287438,0
287439,0
287440,0
287441,0
287442,0
287443,0
287444,0
287445,0
287446,0
287447,0
287448,0
287449,0
287450,0
287451,0
287452,0
287453,0
287454,0
287455,0
287456,0
287457,0
287458,0
287459,0
287460,0
287461,0
287462,0
287463,0
287464,0
287465,0
287466,0
287467,0
287468,0
287469,0
287470,0
287471,0
287472,0
287473,0
287474,0
287475,0
287476,0
287477,0
287478,0
287479,0
287480,0
287481,0
287482,0
287483,0
287484,0
287485,0
287486,0
287487,0
287488,0
287489,0
287490,0
287491,0
287492,0
287493,0
287494,0
287495,0
287496,0
287497,0
287498,0
287499,0
287500,0
287501,0
287502,0
287503,0
287504,0
287505,0
287506,0
287507,0
287508,0
287509,0
287510,0
287511,0
287512,0
287513,0
287514,0
287515,0
287516,0
287517,0
287518,0
287519,0
287520,0
287521,0
287522,0
287523,0
287524,0
287525,0
287526,0
287527,0
287528,0
287529,0
287530,0
287531,0
287532,0
287533,0
287534,0
287535,0
287536,0
287537,0
287538,0
287539,0
287540,0
287541,0
287542,0
287543,0
287544,0
287545,0
287546,0
287547,0
287548,0
287549,0
287550,0
287551,0
287552,0
287553,0
287554,0
287555,0
287556,0
287557,0
287558,0
287559,0
287560,0
287561,0
287562,0
287563,0
287564,0
287565,0
287566,0
287567,0
287568,0
287569,0
287570,0
287571,0
287572,0
287573,0
287574,0
287575,0
287576,0
287577,0
287578,0
287579,0
287580,0
287581,0
287582,0
287583,0
287584,0
287585,0
287586,0
287587,0
287588,0
287589,0
287590,0
287591,0
287592,0
287593,0
287594,0
287595,0
287596,0
287597,0
287598,0
287599,0
287600,0
287601,0
287602,0
287603,0
287604,0
287605,0
287606,0
287607,0
287608,0
287609,0
287610,0
287611,0
287612,0
287613,0
287614,0
287615,0
287616,0
287617,0
287618,0
287619,0
287620,0
287621,0
287622,0
287623,0
287624,0
287625,0
287626,0
287627,0
287628,0
287629,0
287630,0
287631,0
287632,0
287633,0
287634,0
287635,0
287636,0
287637,0
287638,0
287639,0
287640,0
287641,0
287642,0
287643,0
287644,0
287645,0
287646,0
287647,0
287648,0
287649,0
287650,0
287651,0
287652,0
287653,0
287654,0
287655,0
287656,0
287657,0
287658,0
287659,0
287660,0
287661,0
287662,0
287663,0
287664,0
287665,0
287666,0
287667,0
287668,0
287669,0
287670,0
287671,0
287672,0
287673,0
287674,0
287675,0
287676,0
287677,0
287678,0
287679,0
287680,0
287681,0
287682,0
287683,0
287684,0
287685,0
287686,0
287687,0
287688,0
287689,0
287690,0
287691,0
287692,0
287693,0
287694,0
287695,0
287696,0
287697,0
287698,0
287699,0
287700,0
287701,0
287702,0
287703,0
287704,0
287705,0
287706,0
287707,0
287708,0
287709,0
287710,0
287711,0
287712,0
287713,0
287714,0
287715,0
287716,0
287717,0
287718,0
287719,0
287720,0
287721,0
287722,0
287723,0
287724,0
287725,0
287726,0
287727,0
287728,0
287729,0
287730,0
287731,0
287732,0
287733,0
287734,0
287735,0
287736,0
287737,0
287738,0
287739,0
287740,0
287741,0
287742,0
287743,0
287744,0
287745,0
287746,0
287747,0
287748,0
287749,0
287750,0
287751,0
287752,0
287753,0
287754,0
287755,0
287756,0
287757,0
287758,0
287759,0
287760,0
287761,0
287762,0
287763,0
287764,0
287765,0
287766,0
287767,0
287768,0
287769,0
287770,0
287771,0
287772,0
287773,0
287774,0
287775,0
287776,0
287777,0
287778,0
287779,0
287780,0
287781,0
287782,0
287783,0
287784,0
287785,0
287786,0
287787,0
287788,0
287789,0
287790,0
287791,0
287792,0
287793,0
287794,0
287795,0
287796,0
287797,0
287798,0
287799,0
287800,0
287801,0
287802,0
287803,0
287804,0
287805,0
287806,0
287807,0
287808,0
287809,0
287810,0
287811,0
287812,0
287813,0
287814,0
287815,0
287816,0
287817,0
287818,0
287819,0
287820,0
287821,0
287822,0
287823,0
287824,0
287825,0
287826,0
287827,0
287828,0
287829,0
287830,0
287831,0
287832,0
287833,0
287834,0
287835,0
287836,0
287837,0
287838,0
287839,0
287840,0
287841,0
287842,0
287843,0
287844,0
287845,0
287846,0
287847,0
287848,0
287849,0
287850,0
287851,0
287852,0
287853,0
287854,0
287855,0
287856,0
287857,0
287858,0
287859,0
287860,0
287861,0
287862,0
287863,0
287864,0
287865,0
287866,0
287867,0
287868,0
287869,0
287870,0
287871,0
287872,0
287873,0
287874,0
287875,0
287876,0
287877,0
287878,0
287879,0
287880,0
287881,0
287882,0
287883,0
287884,0
287885,0
287886,0
287887,0
287888,0
287889,0
287890,0
287891,0
287892,0
287893,0
287894,0
287895,0
287896,0
287897,0
287898,0
287899,0
287900,0
287901,0
287902,0
287903,0
287904,0
287905,0
287906,0
287907,0
287908,0
287909,0
287910,0
287911,0
287912,0
287913,0
287914,0
287915,0
287916,0
287917,0
287918,0
287919,0
287920,0
287921,0
287922,0
287923,0
287924,0
287925,0
287926,0
287927,0
287928,0
287929,0
287930,0
287931,0
287932,0
287933,0
287934,0
287935,0
287936,0
287937,0
287938,0
287939,0
287940,0
287941,0
287942,0
287943,0
287944,0
287945,0
287946,0
287947,0
287948,0
287949,0
287950,0
287951,0
287952,0
287953,0
287954,0
287955,0
287956,0
287957,0
287958,0
287959,0
287960,0
287961,0
287962,0
287963,0
287964,0
287965,0
287966,0
287967,0
287968,0
287969,0
287970,0
287971,0
287972,0
287973,0
287974,0
287975,0
287976,0
287977,0
287978,0
287979,0
287980,0
287981,0
287982,0
287983,0
287984,0
287985,0
287986,0
287987,0
287988,0
287989,0
287990,0
287991,0
287992,0
287993,0
287994,0
287995,0
287996,0
287997,0
287998,0
287999,0
288000,0
288001,0
288002,0
288003,0
288004,0
288005,0
288006,0
288007,0
288008,0
288009,0
288010,0
288011,0
288012,0
288013,0
288014,0
288015,0
288016,0
288017,0
288018,0
288019,0
288020,0
288021,0
288022,0
288023,0
288024,0
288025,0
288026,0
288027,0
288028,0
288029,0
288030,0
288031,0
288032,0
288033,0
288034,0
288035,0
288036,0
288037,0
288038,0
288039,0
288040,0
288041,0
288042,0
288043,0
288044,0
288045,0
288046,0
288047,0
288048,0
288049,0
288050,0
288051,0
288052,0
288053,0
288054,0
288055,0
288056,0
288057,0
288058,0
288059,0
288060,0
288061,0
288062,0
288063,0
288064,0
288065,0
288066,0
288067,0
288068,0
288069,0
288070,0
288071,0
288072,0
288073,0
288074,0
288075,0
288076,0
288077,0
288078,0
288079,0
288080,0
288081,0
288082,0
288083,0
288084,0
288085,0
288086,0
288087,0
288088,0
288089,0
288090,0
288091,0
288092,0
288093,0
288094,0
288095,0
288096,0
288097,0
288098,0
288099,0
288100,0
288101,0
288102,0
288103,0
288104,0
288105,0
288106,0
288107,0
288108,0
288109,0
288110,0
288111,0
288112,0
288113,0
288114,0
288115,0
288116,0
288117,0
288118,0
288119,0
288120,0
288121,0
288122,0
288123,0
288124,0
288125,0
288126,0
288127,0
288128,0
288129,0
288130,0
288131,0
288132,0
288133,0
288134,0
288135,0
288136,0
288137,0
288138,0
288139,0
288140,0
288141,0
288142,0
288143,0
288144,0
288145,0
288146,0
288147,0
288148,0
288149,0
288150,0
288151,0
288152,0
288153,0
288154,0
288155,0
288156,0
288157,0
288158,0
288159,0
288160,0
288161,0
288162,0
288163,0
288164,0
288165,0
288166,0
288167,0
288168,0
288169,0
288170,0
288171,0
288172,0
288173,0
288174,0
288175,0
288176,0
288177,0
288178,0
288179,0
288180,0
288181,0
288182,0
288183,0
288184,0
288185,0
288186,0
288187,0
288188,0
288189,0
288190,0
288191,0
288192,0
288193,0
288194,0
288195,0
288196,0
288197,0
288198,0
288199,0
288200,0
288201,0
288202,0
288203,0
288204,0
288205,0
288206,0
288207,0
288208,0
288209,0
288210,0
288211,0
288212,0
288213,0
288214,0
288215,0
288216,0
288217,0
288218,0
288219,0
288220,0
288221,0
288222,0
288223,0
288224,0
288225,0
288226,0
288227,0
288228,0
288229,0
288230,0
288231,0
288232,0
288233,0
288234,0
288235,0
288236,0
288237,0
288238,0
288239,0
288240,0
288241,0
288242,0
288243,0
288244,0
288245,0
288246,0
288247,0
288248,0
288249,0
288250,0
288251,0
288252,0
288253,0
288254,0
288255,0
288256,0
288257,0
288258,0
288259,0
288260,0
288261,0
288262,0
288263,0
288264,0
288265,0
288266,0
288267,0
288268,0
288269,0
288270,0
288271,0
288272,0
288273,0
288274,0
288275,0
288276,0
288277,0
288278,0
288279,0
288280,0
288281,0
288282,0
288283,0
288284,0
288285,0
288286,0
288287,0
288288,0
288289,0
288290,0
288291,0
288292,0
288293,0
288294,0
288295,0
288296,0
288297,0
288298,0
288299,0
288300,0
288301,0
288302,0
288303,0
288304,0
288305,0
288306,0
288307,0
288308,0
288309,0
288310,0
288311,0
288312,0
288313,0
288314,0
288315,0
288316,0
288317,0
288318,0
288319,0
288320,0
288321,0
288322,0
288323,0
288324,0
288325,0
288326,0
288327,0
288328,0
288329,0
288330,0
288331,0
288332,0
288333,0
288334,0
288335,0
288336,0
288337,0
288338,0
288339,0
288340,0
288341,0
288342,0
288343,0
288344,0
288345,0
288346,0
288347,0
288348,0
288349,0
288350,0
288351,0
288352,0
288353,0
288354,0
288355,0
288356,0
288357,0
288358,0
288359,0
288360,0
288361,0
288362,0
288363,0
288364,0
288365,0
288366,0
288367,0
288368,0
288369,0
288370,0
288371,0
288372,0
288373,0
288374,0
288375,0
288376,0
288377,0
288378,0
288379,0
288380,0
288381,0
288382,0
288383,0
288384,0
288385,0
288386,0
288387,0
288388,0
288389,0
288390,0
288391,0
288392,0
288393,0
288394,0
288395,0
288396,0
288397,0
288398,0
288399,0
288400,0
288401,0
288402,0
288403,0
288404,0
288405,0
288406,0
288407,0
288408,0
288409,0
288410,0
288411,0
288412,0
288413,0
288414,0
288415,0
288416,0
288417,0
288418,0
288419,0
288420,0
288421,0
288422,0
288423,0
288424,0
288425,0
288426,0
288427,0
288428,0
288429,0
288430,0
288431,0
288432,0
288433,0
288434,0
288435,0
288436,0
288437,0
288438,0
288439,0
288440,0
288441,0
288442,0
288443,0
288444,0
288445,0
288446,0
288447,0
288448,0
288449,0
288450,0
288451,0
288452,0
288453,0
288454,0
288455,0
288456,0
288457,0
288458,0
288459,0
288460,0
288461,0
288462,0
288463,0
288464,0
288465,0
288466,0
288467,0
288468,0
288469,0
288470,0
288471,0
288472,0
288473,0
288474,0
288475,0
288476,0
288477,0
288478,0
288479,0
288480,0
288481,0
288482,0
288483,0
288484,0
288485,0
288486,0
288487,0
288488,0
288489,0
288490,0
288491,0
288492,0
288493,0
288494,0
288495,0
288496,0
288497,0
288498,0
288499,0
288500,0
288501,0
288502,0
288503,0
288504,0
288505,0
288506,0
288507,0
288508,0
288509,0
288510,0
288511,0
288512,0
288513,0
288514,0
288515,0
288516,0
288517,0
288518,0
288519,0
288520,0
288521,0
288522,0
288523,0
288524,0
288525,0
288526,0
288527,0
288528,0
288529,0
288530,0
288531,0
288532,0
288533,0
288534,0
288535,0
288536,0
288537,0
288538,0
288539,0
288540,0
288541,0
288542,0
288543,0
288544,0
288545,0
288546,0
288547,0
288548,0
288549,0
288550,0
288551,0
288552,0
288553,0
288554,0
288555,0
288556,0
288557,0
288558,0
288559,0
288560,0
288561,0
288562,0
288563,0
288564,0
288565,0
288566,0
288567,0
288568,0
288569,0
288570,0
288571,0
288572,0
288573,0
288574,0
288575,0
288576,0
288577,0
288578,0
288579,0
288580,0
288581,0
288582,0
288583,0
288584,0
288585,0
288586,0
288587,0
288588,0
288589,0
288590,0
288591,0
288592,0
288593,0
288594,0
288595,0
288596,0
288597,0
288598,0
288599,0
288600,0
288601,0
288602,0
288603,0
288604,0
288605,0
288606,0
288607,0
288608,0
288609,0
288610,0
288611,0
288612,0
288613,0
288614,0
288615,0
288616,0
288617,0
288618,0
288619,0
288620,0
288621,0
288622,0
288623,0
288624,0
288625,0
288626,0
288627,0
288628,0
288629,0
288630,0
288631,0
288632,0
288633,0
288634,0
288635,0
288636,0
288637,0
288638,0
288639,0
288640,0
288641,0
288642,0
288643,0
288644,0
288645,0
288646,0
288647,0
288648,0
288649,0
288650,0
288651,0
288652,0
288653,0
288654,0
288655,0
288656,0
288657,0
288658,0
288659,0
288660,0
288661,0
288662,0
288663,0
288664,0
288665,0
288666,0
288667,0
288668,0
288669,0
288670,0
288671,0
288672,0
288673,0
288674,0
288675,0
288676,0
288677,0
288678,0
288679,0
288680,0
288681,0
288682,0
288683,0
288684,0
288685,0
288686,0
288687,0
288688,0
288689,0
288690,0
288691,0
288692,0
288693,0
288694,0
288695,0
288696,0
288697,0
288698,0
288699,0
288700,0
288701,0
288702,0
288703,0
288704,0
288705,0
288706,0
288707,0
288708,0
288709,0
288710,0
288711,0
288712,0
288713,0
288714,0
288715,0
288716,0
288717,0
288718,0
288719,0
288720,0
288721,0
288722,0
288723,0
288724,0
288725,0
288726,0
288727,0
288728,0
288729,0
288730,0
288731,0
288732,0
288733,0
288734,0
288735,0
288736,0
288737,0
288738,0
288739,0
288740,0
288741,0
288742,0
288743,0
288744,0
288745,0
288746,0
288747,0
288748,0
288749,0
288750,0
288751,0
288752,0
288753,0
288754,0
288755,0
288756,0
288757,0
288758,0
288759,0
288760,0
288761,0
288762,0
288763,0
288764,0
288765,0
288766,0
288767,0
288768,0
288769,0
288770,0
288771,0
288772,0
288773,0
288774,0
288775,0
288776,0
288777,0
288778,0
288779,0
288780,0
288781,0
288782,0
288783,0
288784,0
288785,0
288786,0
288787,0
288788,0
288789,0
288790,0
288791,0
288792,0
288793,0
288794,0
288795,0
288796,0
288797,0
288798,0
288799,0
288800,0
288801,0
288802,0
288803,0
288804,0
288805,0
288806,0
288807,0
288808,0
288809,0
288810,0
288811,0
288812,0
288813,0
288814,0
288815,0
288816,0
288817,0
288818,0
288819,0
288820,0
288821,0
288822,0
288823,0
288824,0
288825,0
288826,0
288827,0
288828,0
288829,0
288830,0
288831,0
288832,0
288833,0
288834,0
288835,0
288836,0
288837,0
288838,0
288839,0
288840,0
288841,0
288842,0
288843,0
288844,0
288845,0
288846,0
288847,0
288848,0
288849,0
288850,0
288851,0
288852,0
288853,0
288854,0
288855,0
288856,0
288857,0
288858,0
288859,0
288860,0
288861,0
288862,0
288863,0
288864,0
288865,0
288866,0
288867,0
288868,0
288869,0
288870,0
288871,0
288872,0
288873,0
288874,0
288875,0
288876,0
288877,0
288878,0
288879,0
288880,0
288881,0
288882,0
288883,0
288884,0
288885,0
288886,0
288887,0
288888,0
288889,0
288890,0
288891,0
288892,0
288893,0
288894,0
288895,0
288896,0
288897,0
288898,0
288899,0
288900,0
288901,0
288902,0
288903,0
288904,0
288905,0
288906,0
288907,0
288908,0
288909,0
288910,0
288911,0
288912,0
288913,0
288914,0
288915,0
288916,0
288917,0
288918,0
288919,0
288920,0
288921,0
288922,0
288923,0
288924,0
288925,0
288926,0
288927,0
288928,0
288929,0
288930,0
288931,0
288932,0
288933,0
288934,0
288935,0
288936,0
288937,0
288938,0
288939,0
288940,0
288941,0
288942,0
288943,0
288944,0
288945,0
288946,0
288947,0
288948,0
288949,0
288950,0
288951,0
288952,0
288953,0
288954,0
288955,0
288956,0
288957,0
288958,0
288959,0
288960,0
288961,0
288962,0
288963,0
288964,0
288965,0
288966,0
288967,0
288968,0
288969,0
288970,0
288971,0
288972,0
288973,0
288974,0
288975,0
288976,0
288977,0
288978,0
288979,0
288980,0
288981,0
288982,0
288983,0
288984,0
288985,0
288986,0
288987,0
288988,0
288989,0
288990,0
288991,0
288992,0
288993,0
288994,0
288995,0
288996,0
288997,0
288998,0
288999,0
289000,0
289001,0
289002,0
289003,0
289004,0
289005,0
289006,0
289007,0
289008,0
289009,0
289010,0
289011,0
289012,0
289013,0
289014,0
289015,0
289016,0
289017,0
289018,0
289019,0
289020,0
289021,0
289022,0
289023,0
289024,0
289025,0
289026,0
289027,0
289028,0
289029,0
289030,0
289031,0
289032,0
289033,0
289034,0
289035,0
289036,0
289037,0
289038,0
289039,0
289040,0
289041,0
289042,0
289043,0
289044,0
289045,0
289046,0
289047,0
289048,0
289049,0
289050,0
289051,0
289052,0
289053,0
289054,0
289055,0
289056,0
289057,0
289058,0
289059,0
289060,0
289061,0
289062,0
289063,0
289064,0
289065,0
289066,0
289067,0
289068,0
289069,0
289070,0
289071,0
289072,0
289073,0
289074,0
289075,0
289076,0
289077,0
289078,0
289079,0
289080,0
289081,0
289082,0
289083,0
289084,0
289085,0
289086,0
289087,0
289088,0
289089,0
289090,0
289091,0
289092,0
289093,0
289094,0
289095,0
289096,0
289097,0
289098,0
289099,0
289100,0
289101,0
289102,0
289103,0
289104,0
289105,0
289106,0
289107,0
289108,0
289109,0
289110,0
289111,0
289112,0
289113,0
289114,0
289115,0
289116,0
289117,0
289118,0
289119,0
289120,0
289121,0
289122,0
289123,0
289124,0
289125,0
289126,0
289127,0
289128,0
289129,0
289130,0
289131,0
289132,0
289133,0
289134,0
289135,0
289136,0
289137,0
289138,0
289139,0
289140,0
289141,0
289142,0
289143,0
289144,0
289145,0
289146,0
289147,0
289148,0
289149,0
289150,0
289151,0
289152,0
289153,0
289154,0
289155,0
289156,0
289157,0
289158,0
289159,0
289160,0
289161,0
289162,0
289163,0
289164,0
289165,0
289166,0
289167,0
289168,0
289169,0
289170,0
289171,0
289172,0
289173,0
289174,0
289175,0
289176,0
289177,0
289178,0
289179,0
289180,0
289181,0
289182,0
289183,0
289184,0
289185,0
289186,0
289187,0
289188,0
289189,0
289190,0
289191,0
289192,0
289193,0
289194,0
289195,0
289196,0
289197,0
289198,0
289199,0
289200,0
289201,0
289202,0
289203,0
289204,0
289205,0
289206,0
289207,0
289208,0
289209,0
289210,0
289211,0
289212,0
289213,0
289214,0
289215,0
289216,0
289217,0
289218,0
289219,0
289220,0
289221,0
289222,0
289223,0
289224,0
289225,0
289226,0
289227,0
289228,0
289229,0
289230,0
289231,0
289232,0
289233,0
289234,0
289235,0
289236,0
289237,0
289238,0
289239,0
289240,0
289241,0
289242,0
289243,0
289244,0
289245,0
289246,0
289247,0
289248,0
289249,0
289250,0
289251,0
289252,0
289253,0
289254,0
289255,0
289256,0
289257,0
289258,0
289259,0
289260,0
289261,0
289262,0
289263,0
289264,0
289265,0
289266,0
289267,0
289268,0
289269,0
289270,0
289271,0
289272,0
289273,0
289274,0
289275,0
289276,0
289277,0
289278,0
289279,0
289280,0
289281,0
289282,0
289283,0
289284,0
289285,0
289286,0
289287,0
289288,0
289289,0
289290,0
289291,0
289292,0
289293,0
289294,0
289295,0
289296,0
289297,0
289298,0
289299,0
289300,0
289301,0
289302,0
289303,0
289304,0
289305,0
289306,0
289307,0
289308,0
289309,0
289310,0
289311,0
289312,0
289313,0
289314,0
289315,0
289316,0
289317,0
289318,0
289319,0
289320,0
289321,0
289322,0
289323,0
289324,0
289325,0
289326,0
289327,0
289328,0
289329,0
289330,0
289331,0
289332,0
289333,0
289334,0
289335,0
289336,0
289337,0
289338,0
289339,0
289340,0
289341,0
289342,0
289343,0
289344,0
289345,0
289346,0
289347,0
289348,0
289349,0
289350,0
289351,0
289352,0
289353,0
289354,0
289355,0
289356,0
289357,0
289358,0
289359,0
289360,0
289361,0
289362,0
289363,0
289364,0
289365,0
289366,0
289367,0
289368,0
289369,0
289370,0
289371,0
289372,0
289373,0
289374,0
289375,0
289376,0
289377,0
289378,0
289379,0
289380,0
289381,0
289382,0
289383,0
289384,0
289385,0
289386,0
289387,0
289388,0
289389,0
289390,0
289391,0
289392,0
289393,0
289394,0
289395,0
289396,0
289397,0
289398,0
289399,0
289400,0
289401,0
289402,0
289403,0
289404,0
289405,0
289406,0
289407,0
289408,0
289409,0
289410,0
289411,0
289412,0
289413,0
289414,0
289415,0
289416,0
289417,0
289418,0
289419,0
289420,0
289421,0
289422,0
289423,0
289424,0
289425,0
289426,0
289427,0
289428,0
289429,0
289430,0
289431,0
289432,0
289433,0
289434,0
289435,0
289436,0
289437,0
289438,0
289439,0
289440,0
289441,0
289442,0
289443,0
289444,0
289445,0
289446,0
289447,0
289448,0
289449,0
289450,0
289451,0
289452,0
289453,0
289454,0
289455,0
289456,0
289457,0
289458,0
289459,0
289460,0
289461,0
289462,0
289463,0
289464,0
289465,0
289466,0
289467,0
289468,0
289469,0
289470,0
289471,0
289472,0
289473,0
289474,0
289475,0
289476,0
289477,0
289478,0
289479,0
289480,0
289481,0
289482,0
289483,0
289484,0
289485,0
289486,0
289487,0
289488,0
289489,0
289490,0
289491,0
289492,0
289493,0
289494,0
289495,0
289496,0
289497,0
289498,0
289499,0
289500,0
289501,0
289502,0
289503,0
289504,0
289505,0
289506,0
289507,0
289508,0
289509,0
289510,0
289511,0
289512,0
289513,0
289514,0
289515,0
289516,0
289517,0
289518,0
289519,0
289520,0
289521,0
289522,0
289523,0
289524,0
289525,0
289526,0
289527,0
289528,0
289529,0
289530,0
289531,0
289532,0
289533,0
289534,0
289535,0
289536,0
289537,0
289538,0
289539,0
289540,0
289541,0
289542,0
289543,0
289544,0
289545,0
289546,0
289547,0
289548,0
289549,0
289550,0
289551,0
289552,0
289553,0
289554,0
289555,0
289556,0
289557,0
289558,0
289559,0
289560,0
289561,0
289562,0
289563,0
289564,0
289565,0
289566,0
289567,0
289568,0
289569,0
289570,0
289571,0
289572,0
289573,0
289574,0
289575,0
289576,0
289577,0
289578,0
289579,0
289580,0
289581,0
289582,0
289583,0
289584,0
289585,0
289586,0
289587,0
289588,0
289589,0
289590,0
289591,0
289592,0
289593,0
289594,0
289595,0
289596,0
289597,0
289598,0
289599,0
289600,0
289601,0
289602,0
289603,0
289604,0
289605,0
289606,0
289607,0
289608,0
289609,0
289610,0
289611,0
289612,0
289613,0
289614,0
289615,0
289616,0
289617,0
289618,0
289619,0
289620,0
289621,0
289622,0
289623,0
289624,0
289625,0
289626,0
289627,0
289628,0
289629,0
289630,0
289631,0
289632,0
289633,0
289634,0
289635,0
289636,0
289637,0
289638,0
289639,0
289640,0
289641,0
289642,0
289643,0
289644,0
289645,0
289646,0
289647,0
289648,0
289649,0
289650,0
289651,0
289652,0
289653,0
289654,0
289655,0
289656,0
289657,0
289658,0
289659,0
289660,0
289661,0
289662,0
289663,0
289664,0
289665,0
289666,0
289667,0
289668,0
289669,0
289670,0
289671,0
289672,0
289673,0
289674,0
289675,0
289676,0
289677,0
289678,0
289679,0
289680,0
289681,0
289682,0
289683,0
289684,0
289685,0
289686,0
289687,0
289688,0
289689,0
289690,0
289691,0
289692,0
289693,0
289694,0
289695,0
289696,0
289697,0
289698,0
289699,0
289700,0
289701,0
289702,0
289703,0
289704,0
289705,0
289706,0
289707,0
289708,0
289709,0
289710,0
289711,0
289712,0
289713,0
289714,0
289715,0
289716,0
289717,0
289718,0
289719,0
289720,0
289721,0
289722,0
289723,0
289724,0
289725,0
289726,0
289727,0
289728,0
289729,0
289730,0
289731,0
289732,0
289733,0
289734,0
289735,0
289736,0
289737,0
289738,0
289739,0
289740,0
289741,0
289742,0
289743,0
289744,0
289745,0
289746,0
289747,0
289748,0
289749,0
289750,0
289751,0
289752,0
289753,0
289754,0
289755,0
289756,0
289757,0
289758,0
289759,0
289760,0
289761,0
289762,0
289763,0
289764,0
289765,0
289766,0
289767,0
289768,0
289769,0
289770,0
289771,0
289772,0
289773,0
289774,0
289775,0
289776,0
289777,0
289778,0
289779,0
289780,0
289781,0
289782,0
289783,0
289784,0
289785,0
289786,0
289787,0
289788,0
289789,0
289790,0
289791,0
289792,0
289793,0
289794,0
289795,0
289796,0
289797,0
289798,0
289799,0
289800,0
289801,0
289802,0
289803,0
289804,0
289805,0
289806,0
289807,0
289808,0
289809,0
289810,0
289811,0
289812,0
289813,0
289814,0
289815,0
289816,0
289817,0
289818,0
289819,0
289820,0
289821,0
289822,0
289823,0
289824,0
289825,0
289826,0
289827,0
289828,0
289829,0
289830,0
289831,0
289832,0
289833,0
289834,0
289835,0
289836,0
289837,0
289838,0
289839,0
289840,0
289841,0
289842,0
289843,0
289844,0
289845,0
289846,0
289847,0
289848,0
289849,0
289850,0
289851,0
289852,0
289853,0
289854,0
289855,0
289856,0
289857,0
289858,0
289859,0
289860,0
289861,0
289862,0
289863,0
289864,0
289865,0
289866,0
289867,0
289868,0
289869,0
289870,0
289871,0
289872,0
289873,0
289874,0
289875,0
289876,0
289877,0
289878,0
289879,0
289880,0
289881,0
289882,0
289883,0
289884,0
289885,0
289886,0
289887,0
289888,0
289889,0
289890,0
289891,0
289892,0
289893,0
289894,0
289895,0
289896,0
289897,0
289898,0
289899,0
289900,0
289901,0
289902,0
289903,0
289904,0
289905,0
289906,0
289907,0
289908,0
289909,0
289910,0
289911,0
289912,0
289913,0
289914,0
289915,0
289916,0
289917,0
289918,0
289919,0
289920,0
289921,0
289922,0
289923,0
289924,0
289925,0
289926,0
289927,0
289928,0
289929,0
289930,0
289931,0
289932,0
289933,0
289934,0
289935,0
289936,0
289937,0
289938,0
289939,0
289940,0
289941,0
289942,0
289943,0
289944,0
289945,0
289946,0
289947,0
289948,0
289949,0
289950,0
289951,0
289952,0
289953,0
289954,0
289955,0
289956,0
289957,0
289958,0
289959,0
289960,0
289961,0
289962,0
289963,0
289964,0
289965,0
289966,0
289967,0
289968,0
289969,0
289970,0
289971,0
289972,0
289973,0
289974,0
289975,0
289976,0
289977,0
289978,0
289979,0
289980,0
289981,0
289982,0
289983,0
289984,0
289985,0
289986,0
289987,0
289988,0
289989,0
289990,0
289991,0
289992,0
289993,0
289994,0
289995,0
289996,0
289997,0
289998,0
289999,0
290000,0
290001,0
290002,0
290003,0
290004,0
290005,0
290006,0
290007,0
290008,0
290009,0
290010,0
290011,0
290012,0
290013,0
290014,0
290015,0
290016,0
290017,0
290018,0
290019,0
290020,0
290021,0
290022,0
290023,0
290024,0
290025,0
290026,0
290027,0
290028,0
290029,0
290030,0
290031,0
290032,0
290033,0
290034,0
290035,0
290036,0
290037,0
290038,0
290039,0
290040,0
290041,0
290042,0
290043,0
290044,0
290045,0
290046,0
290047,0
290048,0
290049,0
290050,0
290051,0
290052,0
290053,0
290054,0
290055,0
290056,0
290057,0
290058,0
290059,0
290060,0
290061,0
290062,0
290063,0
290064,0
290065,0
290066,0
290067,0
290068,0
290069,0
290070,0
290071,0
290072,0
290073,0
290074,0
290075,0
290076,0
290077,0
290078,0
290079,0
290080,0
290081,0
290082,0
290083,0
290084,0
290085,0
290086,0
290087,0
290088,0
290089,0
290090,0
290091,0
290092,0
290093,0
290094,0
290095,0
290096,0
290097,0
290098,0
290099,0
290100,0
290101,0
290102,0
290103,0
290104,0
290105,0
290106,0
290107,0
290108,0
290109,0
290110,0
290111,0
290112,0
290113,0
290114,0
290115,0
290116,0
290117,0
290118,0
290119,0
290120,0
290121,0
290122,0
290123,0
290124,0
290125,0
290126,0
290127,0
290128,0
290129,0
290130,0
290131,0
290132,0
290133,0
290134,0
290135,0
290136,0
290137,0
290138,0
290139,0
290140,0
290141,0
290142,0
290143,0
290144,0
290145,0
290146,0
290147,0
290148,0
290149,0
290150,0
290151,0
290152,0
290153,0
290154,0
290155,0
290156,0
290157,0
290158,0
290159,0
290160,0
290161,0
290162,0
290163,0
290164,0
290165,0
290166,0
290167,0
290168,0
290169,0
290170,0
290171,0
290172,0
290173,0
290174,0
290175,0
290176,0
290177,0
290178,0
290179,0
290180,0
290181,0
290182,0
290183,0
290184,0
290185,0
290186,0
290187,0
290188,0
290189,0
290190,0
290191,0
290192,0
290193,0
290194,0
290195,0
290196,0
290197,0
290198,0
290199,0
290200,0
290201,0
290202,0
290203,0
290204,0
290205,0
290206,0
290207,0
290208,0
290209,0
290210,0
290211,0
290212,0
290213,0
290214,0
290215,0
290216,0
290217,0
290218,0
290219,0
290220,0
290221,0
290222,0
290223,0
290224,0
290225,0
290226,0
290227,0
290228,0
290229,0
290230,0
290231,0
290232,0
290233,0
290234,0
290235,0
290236,0
290237,0
290238,0
290239,0
290240,0
290241,0
290242,0
290243,0
290244,0
290245,0
290246,0
290247,0
290248,0
290249,0
290250,0
290251,0
290252,0
290253,0
290254,0
290255,0
290256,0
290257,0
290258,0
290259,0
290260,0
290261,0
290262,0
290263,0
290264,0
290265,0
290266,0
290267,0
290268,0
290269,0
290270,0
290271,0
290272,0
290273,0
290274,0
290275,0
290276,0
290277,0
290278,0
290279,0
290280,0
290281,0
290282,0
290283,0
290284,0
290285,0
290286,0
290287,0
290288,0
290289,0
290290,0
290291,0
290292,0
290293,0
290294,0
290295,0
290296,0
290297,0
290298,0
290299,0
290300,0
290301,0
290302,0
290303,0
290304,0
290305,0
290306,0
290307,0
290308,0
290309,0
290310,0
290311,0
290312,0
290313,0
290314,0
290315,0
290316,0
290317,0
290318,0
290319,0
290320,0
290321,0
290322,0
290323,0
290324,0
290325,0
290326,0
290327,0
290328,0
290329,0
290330,0
290331,0
290332,0
290333,0
290334,0
290335,0
290336,0
290337,0
290338,0
290339,0
290340,0
290341,0
290342,0
290343,0
290344,0
290345,0
290346,0
290347,0
290348,0
290349,0
290350,0
290351,0
290352,0
290353,0
290354,0
290355,0
290356,0
290357,0
290358,0
290359,0
290360,0
290361,0
290362,0
290363,0
290364,0
290365,0
290366,0
290367,0
290368,0
290369,0
290370,0
290371,0
290372,0
290373,0
290374,0
290375,0
290376,0
290377,0
290378,0
290379,0
290380,0
290381,0
290382,0
290383,0
290384,0
290385,0
290386,0
290387,0
290388,0
290389,0
290390,0
290391,0
290392,0
290393,0
290394,0
290395,0
290396,0
290397,0
290398,0
290399,0
290400,0
290401,0
290402,0
290403,0
290404,0
290405,0
290406,0
290407,0
290408,0
290409,0
290410,0
290411,0
290412,0
290413,0
290414,0
290415,0
290416,0
290417,0
290418,0
290419,0
290420,0
290421,0
290422,0
290423,0
290424,0
290425,0
290426,0
290427,0
290428,0
290429,0
290430,0
290431,0
290432,0
290433,0
290434,0
290435,0
290436,0
290437,0
290438,0
290439,0
290440,0
290441,0
290442,0
290443,0
290444,0
290445,0
290446,0
290447,0
290448,0
290449,0
290450,0
290451,0
290452,0
290453,0
290454,0
290455,0
290456,0
290457,0
290458,0
290459,0
290460,0
290461,0
290462,0
290463,0
290464,0
290465,0
290466,0
290467,0
290468,0
290469,0
290470,0
290471,0
290472,0
290473,0
290474,0
290475,0
290476,0
290477,0
290478,0
290479,0
290480,0
290481,0
290482,0
290483,0
290484,0
290485,0
290486,0
290487,0
290488,0
290489,0
290490,0
290491,0
290492,0
290493,0
290494,0
290495,0
290496,0
290497,0
290498,0
290499,0
290500,0
290501,0
290502,0
290503,0
290504,0
290505,0
290506,0
290507,0
290508,0
290509,0
290510,0
290511,0
290512,0
290513,0
290514,0
290515,0
290516,0
290517,0
290518,0
290519,0
290520,0
290521,0
290522,0
290523,0
290524,0
290525,0
290526,0
290527,0
290528,0
290529,0
290530,0
290531,0
290532,0
290533,0
290534,0
290535,0
290536,0
290537,0
290538,0
290539,0
290540,0
290541,0
290542,0
290543,0
290544,0
290545,0
290546,0
290547,0
290548,0
290549,0
290550,0
290551,0
290552,0
290553,0
290554,0
290555,0
290556,0
290557,0
290558,0
290559,0
290560,0
290561,0
290562,0
290563,0
290564,0
290565,0
290566,0
290567,0
290568,0
290569,0
290570,0
290571,0
290572,0
290573,0
290574,0
290575,0
290576,0
290577,0
290578,0
290579,0
290580,0
290581,0
290582,0
290583,0
290584,0
290585,0
290586,0
290587,0
290588,0
290589,0
290590,0
290591,0
290592,0
290593,0
290594,0
290595,0
290596,0
290597,0
290598,0
290599,0
290600,0
290601,0
290602,0
290603,0
290604,0
290605,0
290606,0
290607,0
290608,0
290609,0
290610,0
290611,0
290612,0
290613,0
290614,0
290615,0
290616,0
290617,0
290618,0
290619,0
290620,0
290621,0
290622,0
290623,0
290624,0
290625,0
290626,0
290627,0
290628,0
290629,0
290630,0
290631,0
290632,0
290633,0
290634,0
290635,0
290636,0
290637,0
290638,0
290639,0
290640,0
290641,0
290642,0
290643,0
290644,0
290645,0
290646,0
290647,0
290648,0
290649,0
290650,0
290651,0
290652,0
290653,0
290654,0
290655,0
290656,0
290657,0
290658,0
290659,0
290660,0
290661,0
290662,0
290663,0
290664,0
290665,0
290666,0
290667,0
290668,0
290669,0
290670,0
290671,0
290672,0
290673,0
290674,0
290675,0
290676,0
290677,0
290678,0
290679,0
290680,0
290681,0
290682,0
290683,0
290684,0
290685,0
290686,0
290687,0
290688,0
290689,0
290690,0
290691,0
290692,0
290693,0
290694,0
290695,0
290696,0
290697,0
290698,0
290699,0
290700,0
290701,0
290702,0
290703,0
290704,0
290705,0
290706,0
290707,0
290708,0
290709,0
290710,0
290711,0
290712,0
290713,0
290714,0
290715,0
290716,0
290717,0
290718,0
290719,0
290720,0
290721,0
290722,0
290723,0
290724,0
290725,0
290726,0
290727,0
290728,0
290729,0
290730,0
290731,0
290732,0
290733,0
290734,0
290735,0
290736,0
290737,0
290738,0
290739,0
290740,0
290741,0
290742,0
290743,0
290744,0
290745,0
290746,0
290747,0
290748,0
290749,0
290750,0
290751,0
290752,0
290753,0
290754,0
290755,0
290756,0
290757,0
290758,0
290759,0
290760,0
290761,0
290762,0
290763,0
290764,0
290765,0
290766,0
290767,0
290768,0
290769,0
290770,0
290771,0
290772,0
290773,0
290774,0
290775,0
290776,0
290777,0
290778,0
290779,0
290780,0
290781,0
290782,0
290783,0
290784,0
290785,0
290786,0
290787,0
290788,0
290789,0
290790,0
290791,0
290792,0
290793,0
290794,0
290795,0
290796,0
290797,0
290798,0
290799,0
290800,0
290801,0
290802,0
290803,0
290804,0
290805,0
290806,0
290807,0
290808,0
290809,0
290810,0
290811,0
290812,0
290813,0
290814,0
290815,0
290816,0
290817,0
290818,0
290819,0
290820,0
290821,0
290822,0
290823,0
290824,0
290825,0
290826,0
290827,0
290828,0
290829,0
290830,0
290831,0
290832,0
290833,0
290834,0
290835,0
290836,0
290837,0
290838,0
290839,0
290840,0
290841,0
290842,0
290843,0
290844,0
290845,0
290846,0
290847,0
290848,0
290849,0
290850,0
290851,0
290852,0
290853,0
290854,0
290855,0
290856,0
290857,0
290858,0
290859,0
290860,0
290861,0
290862,0
290863,0
290864,0
290865,0
290866,0
290867,0
290868,0
290869,0
290870,0
290871,0
290872,0
290873,0
290874,0
290875,0
290876,0
290877,0
290878,0
290879,0
290880,0
290881,0
290882,0
290883,0
290884,0
290885,0
290886,0
290887,0
290888,0
290889,0
290890,0
290891,0
290892,0
290893,0
290894,0
290895,0
290896,0
290897,0
290898,0
290899,0
290900,0
290901,0
290902,0
290903,0
290904,0
290905,0
290906,0
290907,0
290908,0
290909,0
290910,0
290911,0
290912,0
290913,0
290914,0
290915,0
290916,0
290917,0
290918,0
290919,0
290920,0
290921,0
290922,0
290923,0
290924,0
290925,0
290926,0
290927,0
290928,0
290929,0
290930,0
290931,0
290932,0
290933,0
290934,0
290935,0
290936,0
290937,0
290938,0
290939,0
290940,0
290941,0
290942,0
290943,0
290944,0
290945,0
290946,0
290947,0
290948,0
290949,0
290950,0
290951,0
290952,0
290953,0
290954,0
290955,0
290956,0
290957,0
290958,0
290959,0
290960,0
290961,0
290962,0
290963,0
290964,0
290965,0
290966,0
290967,0
290968,0
290969,0
290970,0
290971,0
290972,0
290973,0
290974,0
290975,0
290976,0
290977,0
290978,0
290979,0
290980,0
290981,0
290982,0
290983,0
290984,0
290985,0
290986,0
290987,0
290988,0
290989,0
290990,0
290991,0
290992,0
290993,0
290994,0
290995,0
290996,0
290997,0
290998,0
290999,0
291000,0
291001,0
291002,0
291003,0
291004,0
291005,0
291006,0
291007,0
291008,0
291009,0
291010,0
291011,0
291012,0
291013,0
291014,0
291015,0
291016,0
291017,0
291018,0
291019,0
291020,0
291021,0
291022,0
291023,0
291024,0
291025,0
291026,0
291027,0
291028,0
291029,0
291030,0
291031,0
291032,0
291033,0
291034,0
291035,0
291036,0
291037,0
291038,0
291039,0
291040,0
291041,0
291042,0
291043,0
291044,0
291045,0
291046,0
291047,0
291048,0
291049,0
291050,0
291051,0
291052,0
291053,0
291054,0
291055,0
291056,0
291057,0
291058,0
291059,0
291060,0
291061,0
291062,0
291063,0
291064,0
291065,0
291066,0
291067,0
291068,0
291069,0
291070,0
291071,0
291072,0
291073,0
291074,0
291075,0
291076,0
291077,0
291078,0
291079,0
291080,0
291081,0
291082,0
291083,0
291084,0
291085,0
291086,0
291087,0
291088,0
291089,0
291090,0
291091,0
291092,0
291093,0
291094,0
291095,0
291096,0
291097,0
291098,0
291099,0
291100,0
291101,0
291102,0
291103,0
291104,0
291105,0
291106,0
291107,0
291108,0
291109,0
291110,0
291111,0
291112,0
291113,0
291114,0
291115,0
291116,0
291117,0
291118,0
291119,0
291120,0
291121,0
291122,0
291123,0
291124,0
291125,0
291126,0
291127,0
291128,0
291129,0
291130,0
291131,0
291132,0
291133,0
291134,0
291135,0
291136,0
291137,0
291138,0
291139,0
291140,0
291141,0
291142,0
291143,0
291144,0
291145,0
291146,0
291147,0
291148,0
291149,0
291150,0
291151,0
291152,0
291153,0
291154,0
291155,0
291156,0
291157,0
291158,0
291159,0
291160,0
291161,0
291162,0
291163,0
291164,0
291165,0
291166,0
291167,0
291168,0
291169,0
291170,0
291171,0
291172,0
291173,0
291174,0
291175,0
291176,0
291177,0
291178,0
291179,0
291180,0
291181,0
291182,0
291183,0
291184,0
291185,0
291186,0
291187,0
291188,0
291189,0
291190,0
291191,0
291192,0
291193,0
291194,0
291195,0
291196,0
291197,0
291198,0
291199,0
291200,0
291201,0
291202,0
291203,0
291204,0
291205,0
291206,0
291207,0
291208,0
291209,0
291210,0
291211,0
291212,0
291213,0
291214,0
291215,0
291216,0
291217,0
291218,0
291219,0
291220,0
291221,0
291222,0
291223,0
291224,0
291225,0
291226,0
291227,0
291228,0
291229,0
291230,0
291231,0
291232,0
291233,0
291234,0
291235,0
291236,0
291237,0
291238,0
291239,0
291240,0
291241,0
291242,0
291243,0
291244,0
291245,0
291246,0
291247,0
291248,0
291249,0
291250,0
291251,0
291252,0
291253,0
291254,0
291255,0
291256,0
291257,0
291258,0
291259,0
291260,0
291261,0
291262,0
291263,0
291264,0
291265,0
291266,0
291267,0
291268,0
291269,0
291270,0
291271,0
291272,0
291273,0
291274,0
291275,0
291276,0
291277,0
291278,0
291279,0
291280,0
291281,0
291282,0
291283,0
291284,0
291285,0
291286,0
291287,0
291288,0
291289,0
291290,0
291291,0
291292,0
291293,0
291294,0
291295,0
291296,0
291297,0
291298,0
291299,0
291300,0
291301,0
291302,0
291303,0
291304,0
291305,0
291306,0
291307,0
291308,0
291309,0
291310,0
291311,0
291312,0
291313,0
291314,0
291315,0
291316,0
291317,0
291318,0
291319,0
291320,0
291321,0
291322,0
291323,0
291324,0
291325,0
291326,0
291327,0
291328,0
291329,0
291330,0
291331,0
291332,0
291333,0
291334,0
291335,0
291336,0
291337,0
291338,0
291339,0
291340,0
291341,0
291342,0
291343,0
291344,0
291345,0
291346,0
291347,0
291348,0
291349,0
291350,0
291351,0
291352,0
291353,0
291354,0
291355,0
291356,0
291357,0
291358,0
291359,0
291360,0
291361,0
291362,0
291363,0
291364,0
291365,0
291366,0
291367,0
291368,0
291369,0
291370,0
291371,0
291372,0
291373,0
291374,0
291375,0
291376,0
291377,0
291378,0
291379,0
291380,0
291381,0
291382,0
291383,0
291384,0
291385,0
291386,0
291387,0
291388,0
291389,0
291390,0
291391,0
291392,0
291393,0
291394,0
291395,0
291396,0
291397,0
291398,0
291399,0
291400,0
291401,0
291402,0
291403,0
291404,0
291405,0
291406,0
291407,0
291408,0
291409,0
291410,0
291411,0
291412,0
291413,0
291414,0
291415,0
291416,0
291417,0
291418,0
291419,0
291420,0
291421,0
291422,0
291423,0
291424,0
291425,0
291426,0
291427,0
291428,0
291429,0
291430,0
291431,0
291432,0
291433,0
291434,0
291435,0
291436,0
291437,0
291438,0
291439,0
291440,0
291441,0
291442,0
291443,0
291444,0
291445,0
291446,0
291447,0
291448,0
291449,0
291450,0
291451,0
291452,0
291453,0
291454,0
291455,0
291456,0
291457,0
291458,0
291459,0
291460,0
291461,0
291462,0
291463,0
291464,0
291465,0
291466,0
291467,0
291468,0
291469,0
291470,0
291471,0
291472,0
291473,0
291474,0
291475,0
291476,0
291477,0
291478,0
291479,0
291480,0
291481,0
291482,0
291483,0
291484,0
291485,0
291486,0
291487,0
291488,0
291489,0
291490,0
291491,0
291492,0
291493,0
291494,0
291495,0
291496,0
291497,0
291498,0
291499,0
291500,0
291501,0
291502,0
291503,0
291504,0
291505,0
291506,0
291507,0
291508,0
291509,0
291510,0
291511,0
291512,0
291513,0
291514,0
291515,0
291516,0
291517,0
291518,0
291519,0
291520,0
291521,0
291522,0
291523,0
291524,0
291525,0
291526,0
291527,0
291528,0
291529,0
291530,0
291531,0
291532,0
291533,0
291534,0
291535,0
291536,0
291537,0
291538,0
291539,0
291540,0
291541,0
291542,0
291543,0
291544,0
291545,0
291546,0
291547,0
291548,0
291549,0
291550,0
291551,0
291552,0
291553,0
291554,0
291555,0
291556,0
291557,0
291558,0
291559,0
291560,0
291561,0
291562,0
291563,0
291564,0
291565,0
291566,0
291567,0
291568,0
291569,0
291570,0
291571,0
291572,0
291573,0
291574,0
291575,0
291576,0
291577,0
291578,0
291579,0
291580,0
291581,0
291582,0
291583,0
291584,0
291585,0
291586,0
291587,0
291588,0
291589,0
291590,0
291591,0
291592,0
291593,0
291594,0
291595,0
291596,0
291597,0
291598,0
291599,0
291600,0
291601,0
291602,0
291603,0
291604,0
291605,0
291606,0
291607,0
291608,0
291609,0
291610,0
291611,0
291612,0
291613,0
291614,0
291615,0
291616,0
291617,0
291618,0
291619,0
291620,0
291621,0
291622,0
291623,0
291624,0
291625,0
291626,0
291627,0
291628,0
291629,0
291630,0
291631,0
291632,0
291633,0
291634,0
291635,0
291636,0
291637,0
291638,0
291639,0
291640,0
291641,0
291642,0
291643,0
291644,0
291645,0
291646,0
291647,0
291648,0
291649,0
291650,0
291651,0
291652,0
291653,0
291654,0
291655,0
291656,0
291657,0
291658,0
291659,0
291660,0
291661,0
291662,0
291663,0
291664,0
291665,0
291666,0
291667,0
291668,0
291669,0
291670,0
291671,0
291672,0
291673,0
291674,0
291675,0
291676,0
291677,0
291678,0
291679,0
291680,0
291681,0
291682,0
291683,0
291684,0
291685,0
291686,0
291687,0
291688,0
291689,0
291690,0
291691,0
291692,0
291693,0
291694,0
291695,0
291696,0
291697,0
291698,0
291699,0
291700,0
291701,0
291702,0
291703,0
291704,0
291705,0
291706,0
291707,0
291708,0
291709,0
291710,0
291711,0
291712,0
291713,0
291714,0
291715,0
291716,0
291717,0
291718,0
291719,0
291720,0
291721,0
291722,0
291723,0
291724,0
291725,0
291726,0
291727,0
291728,0
291729,0
291730,0
291731,0
291732,0
291733,0
291734,0
291735,0
291736,0
291737,0
291738,0
291739,0
291740,0
291741,0
291742,0
291743,0
291744,0
291745,0
291746,0
291747,0
291748,0
291749,0
291750,0
291751,0
291752,0
291753,0
291754,0
291755,0
291756,0
291757,0
291758,0
291759,0
291760,0
291761,0
291762,0
291763,0
291764,0
291765,0
291766,0
291767,0
291768,0
291769,0
291770,0
291771,0
291772,0
291773,0
291774,0
291775,0
291776,0
291777,0
291778,0
291779,0
291780,0
291781,0
291782,0
291783,0
291784,0
291785,0
291786,0
291787,0
291788,0
291789,0
291790,0
291791,0
291792,0
291793,0
291794,0
291795,0
291796,0
291797,0
291798,0
291799,0
291800,0
291801,0
291802,0
291803,0
291804,0
291805,0
291806,0
291807,0
291808,0
291809,0
291810,0
291811,0
291812,0
291813,0
291814,0
291815,0
291816,0
291817,0
291818,0
291819,0
291820,0
291821,0
291822,0
291823,0
291824,0
291825,0
291826,0
291827,0
291828,0
291829,0
291830,0
291831,0
291832,0
291833,0
291834,0
291835,0
291836,0
291837,0
291838,0
291839,0
291840,0
291841,0
291842,0
291843,0
291844,0
291845,0
291846,0
291847,0
291848,0
291849,0
291850,0
291851,0
291852,0
291853,0
291854,0
291855,0
291856,0
291857,0
291858,0
291859,0
291860,0
291861,0
291862,0
291863,0
291864,0
291865,0
291866,0
291867,0
291868,0
291869,0
291870,0
291871,0
291872,0
291873,0
291874,0
291875,0
291876,0
291877,0
291878,0
291879,0
291880,0
291881,0
291882,0
291883,0
291884,0
291885,0
291886,0
291887,0
291888,0
291889,0
291890,0
291891,0
291892,0
291893,0
291894,0
291895,0
291896,0
291897,0
291898,0
291899,0
291900,0
291901,0
291902,0
291903,0
291904,0
291905,0
291906,0
291907,0
291908,0
291909,0
291910,0
291911,0
291912,0
291913,0
291914,0
291915,0
291916,0
291917,0
291918,0
291919,0
291920,0
291921,0
291922,0
291923,0
291924,0
291925,0
291926,0
291927,0
291928,0
291929,0
291930,0
291931,0
291932,0
291933,0
291934,0
291935,0
291936,0
291937,0
291938,0
291939,0
291940,0
291941,0
291942,0
291943,0
291944,0
291945,0
291946,0
291947,0
291948,0
291949,0
291950,0
291951,0
291952,0
291953,0
291954,0
291955,0
291956,0
291957,0
291958,0
291959,0
291960,0
291961,0
291962,0
291963,0
291964,0
291965,0
291966,0
291967,0
291968,0
291969,0
291970,0
291971,0
291972,0
291973,0
291974,0
291975,0
291976,0
291977,0
291978,0
291979,0
291980,0
291981,0
291982,0
291983,0
291984,0
291985,0
291986,0
291987,0
291988,0
291989,0
291990,0
291991,0
291992,0
291993,0
291994,0
291995,0
291996,0
291997,0
291998,0
291999,0
292000,0
292001,0
292002,0
292003,0
292004,0
292005,0
292006,0
292007,0
292008,0
292009,0
292010,0
292011,0
292012,0
292013,0
292014,0
292015,0
292016,0
292017,0
292018,0
292019,0
292020,0
292021,0
292022,0
292023,0
292024,0
292025,0
292026,0
292027,0
292028,0
292029,0
292030,0
292031,0
292032,0
292033,0
292034,0
292035,0
292036,0
292037,0
292038,0
292039,0
292040,0
292041,0
292042,0
292043,0
292044,0
292045,0
292046,0
292047,0
292048,0
292049,0
292050,0
292051,0
292052,0
292053,0
292054,0
292055,0
292056,0
292057,0
292058,0
292059,0
292060,0
292061,0
292062,0
292063,0
292064,0
292065,0
292066,0
292067,0
292068,0
292069,0
292070,0
292071,0
292072,0
292073,0
292074,0
292075,0
292076,0
292077,0
292078,0
292079,0
292080,0
292081,0
292082,0
292083,0
292084,0
292085,0
292086,0
292087,0
292088,0
292089,0
292090,0
292091,0
292092,0
292093,0
292094,0
292095,0
292096,0
292097,0
292098,0
292099,0
292100,0
292101,0
292102,0
292103,0
292104,0
292105,0
292106,0
292107,0
292108,0
292109,0
292110,0
292111,0
292112,0
292113,0
292114,0
292115,0
292116,0
292117,0
292118,0
292119,0
292120,0
292121,0
292122,0
292123,0
292124,0
292125,0
292126,0
292127,0
292128,0
292129,0
292130,0
292131,0
292132,0
292133,0
292134,0
292135,0
292136,0
292137,0
292138,0
292139,0
292140,0
292141,0
292142,0
292143,0
292144,0
292145,0
292146,0
292147,0
292148,0
292149,0
292150,0
292151,0
292152,0
292153,0
292154,0
292155,0
292156,0
292157,0
292158,0
292159,0
292160,0
292161,0
292162,0
292163,0
292164,0
292165,0
292166,0
292167,0
292168,0
292169,0
292170,0
292171,0
292172,0
292173,0
292174,0
292175,0
292176,0
292177,0
292178,0
292179,0
292180,0
292181,0
292182,0
292183,0
292184,0
292185,0
292186,0
292187,0
292188,0
292189,0
292190,0
292191,0
292192,0
292193,0
292194,0
292195,0
292196,0
292197,0
292198,0
292199,0
292200,0
292201,0
292202,0
292203,0
292204,0
292205,0
292206,0
292207,0
292208,0
292209,0
292210,0
292211,0
292212,0
292213,0
292214,0
292215,0
292216,0
292217,0
292218,0
292219,0
292220,0
292221,0
292222,0
292223,0
292224,0
292225,0
292226,0
292227,0
292228,0
292229,0
292230,0
292231,0
292232,0
292233,0
292234,0
292235,0
292236,0
292237,0
292238,0
292239,0
292240,0
292241,0
292242,0
292243,0
292244,0
292245,0
292246,0
292247,0
292248,0
292249,0
292250,0
292251,0
292252,0
292253,0
292254,0
292255,0
292256,0
292257,0
292258,0
292259,0
292260,0
292261,0
292262,0
292263,0
292264,0
292265,0
292266,0
292267,0
292268,0
292269,0
292270,0
292271,0
292272,0
292273,0
292274,0
292275,0
292276,0
292277,0
292278,0
292279,0
292280,0
292281,0
292282,0
292283,0
292284,0
292285,0
292286,0
292287,0
292288,0
292289,0
292290,0
292291,0
292292,0
292293,0
292294,0
292295,0
292296,0
292297,0
292298,0
292299,0
292300,0
292301,0
292302,0
292303,0
292304,0
292305,0
292306,0
292307,0
292308,0
292309,0
292310,0
292311,0
292312,0
292313,0
292314,0
292315,0
292316,0
292317,0
292318,0
292319,0
292320,0
292321,0
292322,0
292323,0
292324,0
292325,0
292326,0
292327,0
292328,0
292329,0
292330,0
292331,0
292332,0
292333,0
292334,0
292335,0
292336,0
292337,0
292338,0
292339,0
292340,0
292341,0
292342,0
292343,0
292344,0
292345,0
292346,0
292347,0
292348,0
292349,0
292350,0
292351,0
292352,0
292353,0
292354,0
292355,0
292356,0
292357,0
292358,0
292359,0
292360,0
292361,0
292362,0
292363,0
292364,0
292365,0
292366,0
292367,0
292368,0
292369,0
292370,0
292371,0
292372,0
292373,0
292374,0
292375,0
292376,0
292377,0
292378,0
292379,0
292380,0
292381,0
292382,0
292383,0
292384,0
292385,0
292386,0
292387,0
292388,0
292389,0
292390,0
292391,0
292392,0
292393,0
292394,0
292395,0
292396,0
292397,0
292398,0
292399,0
292400,0
292401,0
292402,0
292403,0
292404,0
292405,0
292406,0
292407,0
292408,0
292409,0
292410,0
292411,0
292412,0
292413,0
292414,0
292415,0
292416,0
292417,0
292418,0
292419,0
292420,0
292421,0
292422,0
292423,0
292424,0
292425,0
292426,0
292427,0
292428,0
292429,0
292430,0
292431,0
292432,0
292433,0
292434,0
292435,0
292436,0
292437,0
292438,0
292439,0
292440,0
292441,0
292442,0
292443,0
292444,0
292445,0
292446,0
292447,0
292448,0
292449,0
292450,0
292451,0
292452,0
292453,0
292454,0
292455,0
292456,0
292457,0
292458,0
292459,0
292460,0
292461,0
292462,0
292463,0
292464,0
292465,0
292466,0
292467,0
292468,0
292469,0
292470,0
292471,0
292472,0
292473,0
292474,0
292475,0
292476,0
292477,0
292478,0
292479,0
292480,0
292481,0
292482,0
292483,0
292484,0
292485,0
292486,0
292487,0
292488,0
292489,0
292490,0
292491,0
292492,0
292493,0
292494,0
292495,0
292496,0
292497,0
292498,0
292499,0
292500,0
292501,0
292502,0
292503,0
292504,0
292505,0
292506,0
292507,0
292508,0
292509,0
292510,0
292511,0
292512,0
292513,0
292514,0
292515,0
292516,0
292517,0
292518,0
292519,0
292520,0
292521,0
292522,0
292523,0
292524,0
292525,0
292526,0
292527,0
292528,0
292529,0
292530,0
292531,0
292532,0
292533,0
292534,0
292535,0
292536,0
292537,0
292538,0
292539,0
292540,0
292541,0
292542,0
292543,0
292544,0
292545,0
292546,0
292547,0
292548,0
292549,0
292550,0
292551,0
292552,0
292553,0
292554,0
292555,0
292556,0
292557,0
292558,0
292559,0
292560,0
292561,0
292562,0
292563,0
292564,0
292565,0
292566,0
292567,0
292568,0
292569,0
292570,0
292571,0
292572,0
292573,0
292574,0
292575,0
292576,0
292577,0
292578,0
292579,0
292580,0
292581,0
292582,0
292583,0
292584,0
292585,0
292586,0
292587,0
292588,0
292589,0
292590,0
292591,0
292592,0
292593,0
292594,0
292595,0
292596,0
292597,0
292598,0
292599,0
292600,0
292601,0
292602,0
292603,0
292604,0
292605,0
292606,0
292607,0
292608,0
292609,0
292610,0
292611,0
292612,0
292613,0
292614,0
292615,0
292616,0
292617,0
292618,0
292619,0
292620,0
292621,0
292622,0
292623,0
292624,0
292625,0
292626,0
292627,0
292628,0
292629,0
292630,0
292631,0
292632,0
292633,0
292634,0
292635,0
292636,0
292637,0
292638,0
292639,0
292640,0
292641,0
292642,0
292643,0
292644,0
292645,0
292646,0
292647,0
292648,0
292649,0
292650,0
292651,0
292652,0
292653,0
292654,0
292655,0
292656,0
292657,0
292658,0
292659,0
292660,0
292661,0
292662,0
292663,0
292664,0
292665,0
292666,0
292667,0
292668,0
292669,0
292670,0
292671,0
292672,0
292673,0
292674,0
292675,0
292676,0
292677,0
292678,0
292679,0
292680,0
292681,0
292682,0
292683,0
292684,0
292685,0
292686,0
292687,0
292688,0
292689,0
292690,0
292691,0
292692,0
292693,0
292694,0
292695,0
292696,0
292697,0
292698,0
292699,0
292700,0
292701,0
292702,0
292703,0
292704,0
292705,0
292706,0
292707,0
292708,0
292709,0
292710,0
292711,0
292712,0
292713,0
292714,0
292715,0
292716,0
292717,0
292718,0
292719,0
292720,0
292721,0
292722,0
292723,0
292724,0
292725,0
292726,0
292727,0
292728,0
292729,0
292730,0
292731,0
292732,0
292733,0
292734,0
292735,0
292736,0
292737,0
292738,0
292739,0
292740,0
292741,0
292742,0
292743,0
292744,0
292745,0
292746,0
292747,0
292748,0
292749,0
292750,0
292751,0
292752,0
292753,0
292754,0
292755,0
292756,0
292757,0
292758,0
292759,0
292760,0
292761,0
292762,0
292763,0
292764,0
292765,0
292766,0
292767,0
292768,0
292769,0
292770,0
292771,0
292772,0
292773,0
292774,0
292775,0
292776,0
292777,0
292778,0
292779,0
292780,0
292781,0
292782,0
292783,0
292784,0
292785,0
292786,0
292787,0
292788,0
292789,0
292790,0
292791,0
292792,0
292793,0
292794,0
292795,0
292796,0
292797,0
292798,0
292799,0
292800,0
292801,0
292802,0
292803,0
292804,0
292805,0
292806,0
292807,0
292808,0
292809,0
292810,0
292811,0
292812,0
292813,0
292814,0
292815,0
292816,0
292817,0
292818,0
292819,0
292820,0
292821,0
292822,0
292823,0
292824,0
292825,0
292826,0
292827,0
292828,0
292829,0
292830,0
292831,0
292832,0
292833,0
292834,0
292835,0
292836,0
292837,0
292838,0
292839,0
292840,0
292841,0
292842,0
292843,0
292844,0
292845,0
292846,0
292847,0
292848,0
292849,0
292850,0
292851,0
292852,0
292853,0
292854,0
292855,0
292856,0
292857,0
292858,0
292859,0
292860,0
292861,0
292862,0
292863,0
292864,0
292865,0
292866,0
292867,0
292868,0
292869,0
292870,0
292871,0
292872,0
292873,0
292874,0
292875,0
292876,0
292877,0
292878,0
292879,0
292880,0
292881,0
292882,0
292883,0
292884,0
292885,0
292886,0
292887,0
292888,0
292889,0
292890,0
292891,0
292892,0
292893,0
292894,0
292895,0
292896,0
292897,0
292898,0
292899,0
292900,0
292901,0
292902,0
292903,0
292904,0
292905,0
292906,0
292907,0
292908,0
292909,0
292910,0
292911,0
292912,0
292913,0
292914,0
292915,0
292916,0
292917,0
292918,0
292919,0
292920,0
292921,0
292922,0
292923,0
292924,0
292925,0
292926,0
292927,0
292928,0
292929,0
292930,0
292931,0
292932,0
292933,0
292934,0
292935,0
292936,0
292937,0
292938,0
292939,0
292940,0
292941,0
292942,0
292943,0
292944,0
292945,0
292946,0
292947,0
292948,0
292949,0
292950,0
292951,0
292952,0
292953,0
292954,0
292955,0
292956,0
292957,0
292958,0
292959,0
292960,0
292961,0
292962,0
292963,0
292964,0
292965,0
292966,0
292967,0
292968,0
292969,0
292970,0
292971,0
292972,0
292973,0
292974,0
292975,0
292976,0
292977,0
292978,0
292979,0
292980,0
292981,0
292982,0
292983,0
292984,0
292985,0
292986,0
292987,0
292988,0
292989,0
292990,0
292991,0
292992,0
292993,0
292994,0
292995,0
292996,0
292997,0
292998,0
292999,0
293000,0
293001,0
293002,0
293003,0
293004,0
293005,0
293006,0
293007,0
293008,0
293009,0
293010,0
293011,0
293012,0
293013,0
293014,0
293015,0
293016,0
293017,0
293018,0
293019,0
293020,0
293021,0
293022,0
293023,0
293024,0
293025,0
293026,0
293027,0
293028,0
293029,0
293030,0
293031,0
293032,0
293033,0
293034,0
293035,0
293036,0
293037,0
293038,0
293039,0
293040,0
293041,0
293042,0
293043,0
293044,0
293045,0
293046,0
293047,0
293048,0
293049,0
293050,0
293051,0
293052,0
293053,0
293054,0
293055,0
293056,0
293057,0
293058,0
293059,0
293060,0
293061,0
293062,0
293063,0
293064,0
293065,0
293066,0
293067,0
293068,0
293069,0
293070,0
293071,0
293072,0
293073,0
293074,0
293075,0
293076,0
293077,0
293078,0
293079,0
293080,0
293081,0
293082,0
293083,0
293084,0
293085,0
293086,0
293087,0
293088,0
293089,0
293090,0
293091,0
293092,0
293093,0
293094,0
293095,0
293096,0
293097,0
293098,0
293099,0
293100,0
293101,0
293102,0
293103,0
293104,0
293105,0
293106,0
293107,0
293108,0
293109,0
293110,0
293111,0
293112,0
293113,0
293114,0
293115,0
293116,0
293117,0
293118,0
293119,0
293120,0
293121,0
293122,0
293123,0
293124,0
293125,0
293126,0
293127,0
293128,0
293129,0
293130,0
293131,0
293132,0
293133,0
293134,0
293135,0
293136,0
293137,0
293138,0
293139,0
293140,0
293141,0
293142,0
293143,0
293144,0
293145,0
293146,0
293147,0
293148,0
293149,0
293150,0
293151,0
293152,0
293153,0
293154,0
293155,0
293156,0
293157,0
293158,0
293159,0
293160,0
293161,0
293162,0
293163,0
293164,0
293165,0
293166,0
293167,0
293168,0
293169,0
293170,0
293171,0
293172,0
293173,0
293174,0
293175,0
293176,0
293177,0
293178,0
293179,0
293180,0
293181,0
293182,0
293183,0
293184,0
293185,0
293186,0
293187,0
293188,0
293189,0
293190,0
293191,0
293192,0
293193,0
293194,0
293195,0
293196,0
293197,0
293198,0
293199,0
293200,0
293201,0
293202,0
293203,0
293204,0
293205,0
293206,0
293207,0
293208,0
293209,0
293210,0
293211,0
293212,0
293213,0
293214,0
293215,0
293216,0
293217,0
293218,0
293219,0
293220,0
293221,0
293222,0
293223,0
293224,0
293225,0
293226,0
293227,0
293228,0
293229,0
293230,0
293231,0
293232,0
293233,0
293234,0
293235,0
293236,0
293237,0
293238,0
293239,0
293240,0
293241,0
293242,0
293243,0
293244,0
293245,0
293246,0
293247,0
293248,0
293249,0
293250,0
293251,0
293252,0
293253,0
293254,0
293255,0
293256,0
293257,0
293258,0
293259,0
293260,0
293261,0
293262,0
293263,0
293264,0
293265,0
293266,0
293267,0
293268,0
293269,0
293270,0
293271,0
293272,0
293273,0
293274,0
293275,0
293276,0
293277,0
293278,0
293279,0
293280,0
293281,0
293282,0
293283,0
293284,0
293285,0
293286,0
293287,0
293288,0
293289,0
293290,0
293291,0
293292,0
293293,0
293294,0
293295,0
293296,0
293297,0
293298,0
293299,0
293300,0
293301,0
293302,0
293303,0
293304,0
293305,0
293306,0
293307,0
293308,0
293309,0
293310,0
293311,0
293312,0
293313,0
293314,0
293315,0
293316,0
293317,0
293318,0
293319,0
293320,0
293321,0
293322,0
293323,0
293324,0
293325,0
293326,0
293327,0
293328,0
293329,0
293330,0
293331,0
293332,0
293333,0
293334,0
293335,0
293336,0
293337,0
293338,0
293339,0
293340,0
293341,0
293342,0
293343,0
293344,0
293345,0
293346,0
293347,0
293348,0
293349,0
293350,0
293351,0
293352,0
293353,0
293354,0
293355,0
293356,0
293357,0
293358,0
293359,0
293360,0
293361,0
293362,0
293363,0
293364,0
293365,0
293366,0
293367,0
293368,0
293369,0
293370,0
293371,0
293372,0
293373,0
293374,0
293375,0
293376,0
293377,0
293378,0
293379,0
293380,0
293381,0
293382,0
293383,0
293384,0
293385,0
293386,0
293387,0
293388,0
293389,0
293390,0
293391,0
293392,0
293393,0
293394,0
293395,0
293396,0
293397,0
293398,0
293399,0
293400,0
293401,0
293402,0
293403,0
293404,0
293405,0
293406,0
293407,0
293408,0
293409,0
293410,0
293411,0
293412,0
293413,0
293414,0
293415,0
293416,0
293417,0
293418,0
293419,0
293420,0
293421,0
293422,0
293423,0
293424,0
293425,0
293426,0
293427,0
293428,0
293429,0
293430,0
293431,0
293432,0
293433,0
293434,0
293435,0
293436,0
293437,0
293438,0
293439,0
293440,0
293441,0
293442,0
293443,0
293444,0
293445,0
293446,0
293447,0
293448,0
293449,0
293450,0
293451,0
293452,0
293453,0
293454,0
293455,0
293456,0
293457,0
293458,0
293459,0
293460,0
293461,0
293462,0
293463,0
293464,0
293465,0
293466,0
293467,0
293468,0
293469,0
293470,0
293471,0
293472,0
293473,0
293474,0
293475,0
293476,0
293477,0
293478,0
293479,0
293480,0
293481,0
293482,0
293483,0
293484,0
293485,0
293486,0
293487,0
293488,0
293489,0
293490,0
293491,0
293492,0
293493,0
293494,0
293495,0
293496,0
293497,0
293498,0
293499,0
293500,0
293501,0
293502,0
293503,0
293504,0
293505,0
293506,0
293507,0
293508,0
293509,0
293510,0
293511,0
293512,0
293513,0
293514,0
293515,0
293516,0
293517,0
293518,0
293519,0
293520,0
293521,0
293522,0
293523,0
293524,0
293525,0
293526,0
293527,0
293528,0
293529,0
293530,0
293531,0
293532,0
293533,0
293534,0
293535,0
293536,0
293537,0
293538,0
293539,0
293540,0
293541,0
293542,0
293543,0
293544,0
293545,0
293546,0
293547,0
293548,0
293549,0
293550,0
293551,0
293552,0
293553,0
293554,0
293555,0
293556,0
293557,0
293558,0
293559,0
293560,0
293561,0
293562,0
293563,0
293564,0
293565,0
293566,0
293567,0
293568,0
293569,0
293570,0
293571,0
293572,0
293573,0
293574,0
293575,0
293576,0
293577,0
293578,0
293579,0
293580,0
293581,0
293582,0
293583,0
293584,0
293585,0
293586,0
293587,0
293588,0
293589,0
293590,0
293591,0
293592,0
293593,0
293594,0
293595,0
293596,0
293597,0
293598,0
293599,0
293600,0
293601,0
293602,0
293603,0
293604,0
293605,0
293606,0
293607,0
293608,0
293609,0
293610,0
293611,0
293612,0
293613,0
293614,0
293615,0
293616,0
293617,0
293618,0
293619,0
293620,0
293621,0
293622,0
293623,0
293624,0
293625,0
293626,0
293627,0
293628,0
293629,0
293630,0
293631,0
293632,0
293633,0
293634,0
293635,0
293636,0
293637,0
293638,0
293639,0
293640,0
293641,0
293642,0
293643,0
293644,0
293645,0
293646,0
293647,0
293648,0
293649,0
293650,0
293651,0
293652,0
293653,0
293654,0
293655,0
293656,0
293657,0
293658,0
293659,0
293660,0
293661,0
293662,0
293663,0
293664,0
293665,0
293666,0
293667,0
293668,0
293669,0
293670,0
293671,0
293672,0
293673,0
293674,0
293675,0
293676,0
293677,0
293678,0
293679,0
293680,0
293681,0
293682,0
293683,0
293684,0
293685,0
293686,0
293687,0
293688,0
293689,0
293690,0
293691,0
293692,0
293693,0
293694,0
293695,0
293696,0
293697,0
293698,0
293699,0
293700,0
293701,0
293702,0
293703,0
293704,0
293705,0
293706,0
293707,0
293708,0
293709,0
293710,0
293711,0
293712,0
293713,0
293714,0
293715,0
293716,0
293717,0
293718,0
293719,0
293720,0
293721,0
293722,0
293723,0
293724,0
293725,0
293726,0
293727,0
293728,0
293729,0
293730,0
293731,0
293732,0
293733,0
293734,0
293735,0
293736,0
293737,0
293738,0
293739,0
293740,0
293741,0
293742,0
293743,0
293744,0
293745,0
293746,0
293747,0
293748,0
293749,0
293750,0
293751,0
293752,0
293753,0
293754,0
293755,0
293756,0
293757,0
293758,0
293759,0
293760,0
293761,0
293762,0
293763,0
293764,0
293765,0
293766,0
293767,0
293768,0
293769,0
293770,0
293771,0
293772,0
293773,0
293774,0
293775,0
293776,0
293777,0
293778,0
293779,0
293780,0
293781,0
293782,0
293783,0
293784,0
293785,0
293786,0
293787,0
293788,0
293789,0
293790,0
293791,0
293792,0
293793,0
293794,0
293795,0
293796,0
293797,0
293798,0
293799,0
293800,0
293801,0
293802,0
293803,0
293804,0
293805,0
293806,0
293807,0
293808,0
293809,0
293810,0
293811,0
293812,0
293813,0
293814,0
293815,0
293816,0
293817,0
293818,0
293819,0
293820,0
293821,0
293822,0
293823,0
293824,0
293825,0
293826,0
293827,0
293828,0
293829,0
293830,0
293831,0
293832,0
293833,0
293834,0
293835,0
293836,0
293837,0
293838,0
293839,0
293840,0
293841,0
293842,0
293843,0
293844,0
293845,0
293846,0
293847,0
293848,0
293849,0
293850,0
293851,0
293852,0
293853,0
293854,0
293855,0
293856,0
293857,0
293858,0
293859,0
293860,0
293861,0
293862,0
293863,0
293864,0
293865,0
293866,0
293867,0
293868,0
293869,0
293870,0
293871,0
293872,0
293873,0
293874,0
293875,0
293876,0
293877,0
293878,0
293879,0
293880,0
293881,0
293882,0
293883,0
293884,0
293885,0
293886,0
293887,0
293888,0
293889,0
293890,0
293891,0
293892,0
293893,0
293894,0
293895,0
293896,0
293897,0
293898,0
293899,0
293900,0
293901,0
293902,0
293903,0
293904,0
293905,0
293906,0
293907,0
293908,0
293909,0
293910,0
293911,0
293912,0
293913,0
293914,0
293915,0
293916,0
293917,0
293918,0
293919,0
293920,0
293921,0
293922,0
293923,0
293924,0
293925,0
293926,0
293927,0
293928,0
293929,0
293930,0
293931,0
293932,0
293933,0
293934,0
293935,0
293936,0
293937,0
293938,0
293939,0
293940,0
293941,0
293942,0
293943,0
293944,0
293945,0
293946,0
293947,0
293948,0
293949,0
293950,0
293951,0
293952,0
293953,0
293954,0
293955,0
293956,0
293957,0
293958,0
293959,0
293960,0
293961,0
293962,0
293963,0
293964,0
293965,0
293966,0
293967,0
293968,0
293969,0
293970,0
293971,0
293972,0
293973,0
293974,0
293975,0
293976,0
293977,0
293978,0
293979,0
293980,0
293981,0
293982,0
293983,0
293984,0
293985,0
293986,0
293987,0
293988,0
293989,0
293990,0
293991,0
293992,0
293993,0
293994,0
293995,0
293996,0
293997,0
293998,0
293999,0
294000,0
294001,0
294002,0
294003,0
294004,0
294005,0
294006,0
294007,0
294008,0
294009,0
294010,0
294011,0
294012,0
294013,0
294014,0
294015,0
294016,0
294017,0
294018,0
294019,0
294020,0
294021,0
294022,0
294023,0
294024,0
294025,0
294026,0
294027,0
294028,0
294029,0
294030,0
294031,0
294032,0
294033,0
294034,0
294035,0
294036,0
294037,0
294038,0
294039,0
294040,0
294041,0
294042,0
294043,0
294044,0
294045,0
294046,0
294047,0
294048,0
294049,0
294050,0
294051,0
294052,0
294053,0
294054,0
294055,0
294056,0
294057,0
294058,0
294059,0
294060,0
294061,0
294062,0
294063,0
294064,0
294065,0
294066,0
294067,0
294068,0
294069,0
294070,0
294071,0
294072,0
294073,0
294074,0
294075,0
294076,0
294077,0
294078,0
294079,0
294080,0
294081,0
294082,0
294083,0
294084,0
294085,0
294086,0
294087,0
294088,0
294089,0
294090,0
294091,0
294092,0
294093,0
294094,0
294095,0
294096,0
294097,0
294098,0
294099,0
294100,0
294101,0
294102,0
294103,0
294104,0
294105,0
294106,0
294107,0
294108,0
294109,0
294110,0
294111,0
294112,0
294113,0
294114,0
294115,0
294116,0
294117,0
294118,0
294119,0
294120,0
294121,0
294122,0
294123,0
294124,0
294125,0
294126,0
294127,0
294128,0
294129,0
294130,0
294131,0
294132,0
294133,0
294134,0
294135,0
294136,0
294137,0
294138,0
294139,0
294140,0
294141,0
294142,0
294143,0
294144,0
294145,0
294146,0
294147,0
294148,0
294149,0
294150,0
294151,0
294152,0
294153,0
294154,0
294155,0
294156,0
294157,0
294158,0
294159,0
294160,0
294161,0
294162,0
294163,0
294164,0
294165,0
294166,0
294167,0
294168,0
294169,0
294170,0
294171,0
294172,0
294173,0
294174,0
294175,0
294176,0
294177,0
294178,0
294179,0
294180,0
294181,0
294182,0
294183,0
294184,0
294185,0
294186,0
294187,0
294188,0
294189,0
294190,0
294191,0
294192,0
294193,0
294194,0
294195,0
294196,0
294197,0
294198,0
294199,0
294200,0
294201,0
294202,0
294203,0
294204,0
294205,0
294206,0
294207,0
294208,0
294209,0
294210,0
294211,0
294212,0
294213,0
294214,0
294215,0
294216,0
294217,0
294218,0
294219,0
294220,0
294221,0
294222,0
294223,0
294224,0
294225,0
294226,0
294227,0
294228,0
294229,0
294230,0
294231,0
294232,0
294233,0
294234,0
294235,0
294236,0
294237,0
294238,0
294239,0
294240,0
294241,0
294242,0
294243,0
294244,0
294245,0
294246,0
294247,0
294248,0
294249,0
294250,0
294251,0
294252,0
294253,0
294254,0
294255,0
294256,0
294257,0
294258,0
294259,0
294260,0
294261,0
294262,0
294263,0
294264,0
294265,0
294266,0
294267,0
294268,0
294269,0
294270,0
294271,0
294272,0
294273,0
294274,0
294275,0
294276,0
294277,0
294278,0
294279,0
294280,0
294281,0
294282,0
294283,0
294284,0
294285,0
294286,0
294287,0
294288,0
294289,0
294290,0
294291,0
294292,0
294293,0
294294,0
294295,0
294296,0
294297,0
294298,0
294299,0
294300,0
294301,0
294302,0
294303,0
294304,0
294305,0
294306,0
294307,0
294308,0
294309,0
294310,0
294311,0
294312,0
294313,0
294314,0
294315,0
294316,0
294317,0
294318,0
294319,0
294320,0
294321,0
294322,0
294323,0
294324,0
294325,0
294326,0
294327,0
294328,0
294329,0
294330,0
294331,0
294332,0
294333,0
294334,0
294335,0
294336,0
294337,0
294338,0
294339,0
294340,0
294341,0
294342,0
294343,0
294344,0
294345,0
294346,0
294347,0
294348,0
294349,0
294350,0
294351,0
294352,0
294353,0
294354,0
294355,0
294356,0
294357,0
294358,0
294359,0
294360,0
294361,0
294362,0
294363,0
294364,0
294365,0
294366,0
294367,0
294368,0
294369,0
294370,0
294371,0
294372,0
294373,0
294374,0
294375,0
294376,0
294377,0
294378,0
294379,0
294380,0
294381,0
294382,0
294383,0
294384,0
294385,0
294386,0
294387,0
294388,0
294389,0
294390,0
294391,0
294392,0
294393,0
294394,0
294395,0
294396,0
294397,0
294398,0
294399,0
294400,0
294401,0
294402,0
294403,0
294404,0
294405,0
294406,0
294407,0
294408,0
294409,0
294410,0
294411,0
294412,0
294413,0
294414,0
294415,0
294416,0
294417,0
294418,0
294419,0
294420,0
294421,0
294422,0
294423,0
294424,0
294425,0
294426,0
294427,0
294428,0
294429,0
294430,0
294431,0
294432,0
294433,0
294434,0
294435,0
294436,0
294437,0
294438,0
294439,0
294440,0
294441,0
294442,0
294443,0
294444,0
294445,0
294446,0
294447,0
294448,0
294449,0
294450,0
294451,0
294452,0
294453,0
294454,0
294455,0
294456,0
294457,0
294458,0
294459,0
294460,0
294461,0
294462,0
294463,0
294464,0
294465,0
294466,0
294467,0
294468,0
294469,0
294470,0
294471,0
294472,0
294473,0
294474,0
294475,0
294476,0
294477,0
294478,0
294479,0
294480,0
294481,0
294482,0
294483,0
294484,0
294485,0
294486,0
294487,0
294488,0
294489,0
294490,0
294491,0
294492,0
294493,0
294494,0
294495,0
294496,0
294497,0
294498,0
294499,0
294500,0
294501,0
294502,0
294503,0
294504,0
294505,0
294506,0
294507,0
294508,0
294509,0
294510,0
294511,0
294512,0
294513,0
294514,0
294515,0
294516,0
294517,0
294518,0
294519,0
294520,0
294521,0
294522,0
294523,0
294524,0
294525,0
294526,0
294527,0
294528,0
294529,0
294530,0
294531,0
294532,0
294533,0
294534,0
294535,0
294536,0
294537,0
294538,0
294539,0
294540,0
294541,0
294542,0
294543,0
294544,0
294545,0
294546,0
294547,0
294548,0
294549,0
294550,0
294551,0
294552,0
294553,0
294554,0
294555,0
294556,0
294557,0
294558,0
294559,0
294560,0
294561,0
294562,0
294563,0
294564,0
294565,0
294566,0
294567,0
294568,0
294569,0
294570,0
294571,0
294572,0
294573,0
294574,0
294575,0
294576,0
294577,0
294578,0
294579,0
294580,0
294581,0
294582,0
294583,0
294584,0
294585,0
294586,0
294587,0
294588,0
294589,0
294590,0
294591,0
294592,0
294593,0
294594,0
294595,0
294596,0
294597,0
294598,0
294599,0
294600,0
294601,0
294602,0
294603,0
294604,0
294605,0
294606,0
294607,0
294608,0
294609,0
294610,0
294611,0
294612,0
294613,0
294614,0
294615,0
294616,0
294617,0
294618,0
294619,0
294620,0
294621,0
294622,0
294623,0
294624,0
294625,0
294626,0
294627,0
294628,0
294629,0
294630,0
294631,0
294632,0
294633,0
294634,0
294635,0
294636,0
294637,0
294638,0
294639,0
294640,0
294641,0
294642,0
294643,0
294644,0
294645,0
294646,0
294647,0
294648,0
294649,0
294650,0
294651,0
294652,0
294653,0
294654,0
294655,0
294656,0
294657,0
294658,0
294659,0
294660,0
294661,0
294662,0
294663,0
294664,0
294665,0
294666,0
294667,0
294668,0
294669,0
294670,0
294671,0
294672,0
294673,0
294674,0
294675,0
294676,0
294677,0
294678,0
294679,0
294680,0
294681,0
294682,0
294683,0
294684,0
294685,0
294686,0
294687,0
294688,0
294689,0
294690,0
294691,0
294692,0
294693,0
294694,0
294695,0
294696,0
294697,0
294698,0
294699,0
294700,0
294701,0
294702,0
294703,0
294704,0
294705,0
294706,0
294707,0
294708,0
294709,0
294710,0
294711,0
294712,0
294713,0
294714,0
294715,0
294716,0
294717,0
294718,0
294719,0
294720,0
294721,0
294722,0
294723,0
294724,0
294725,0
294726,0
294727,0
294728,0
294729,0
294730,0
294731,0
294732,0
294733,0
294734,0
294735,0
294736,0
294737,0
294738,0
294739,0
294740,0
294741,0
294742,0
294743,0
294744,0
294745,0
294746,0
294747,0
294748,0
294749,0
294750,0
294751,0
294752,0
294753,0
294754,0
294755,0
294756,0
294757,0
294758,0
294759,0
294760,0
294761,0
294762,0
294763,0
294764,0
294765,0
294766,0
294767,0
294768,0
294769,0
294770,0
294771,0
294772,0
294773,0
294774,0
294775,0
294776,0
294777,0
294778,0
294779,0
294780,0
294781,0
294782,0
294783,0
294784,0
294785,0
294786,0
294787,0
294788,0
294789,0
294790,0
294791,0
294792,0
294793,0
294794,0
294795,0
294796,0
294797,0
294798,0
294799,0
294800,0
294801,0
294802,0
294803,0
294804,0
294805,0
294806,0
294807,0
294808,0
294809,0
294810,0
294811,0
294812,0
294813,0
294814,0
294815,0
294816,0
294817,0
294818,0
294819,0
294820,0
294821,0
294822,0
294823,0
294824,0
294825,0
294826,0
294827,0
294828,0
294829,0
294830,0
294831,0
294832,0
294833,0
294834,0
294835,0
294836,0
294837,0
294838,0
294839,0
294840,0
294841,0
294842,0
294843,0
294844,0
294845,0
294846,0
294847,0
294848,0
294849,0
294850,0
294851,0
294852,0
294853,0
294854,0
294855,0
294856,0
294857,0
294858,0
294859,0
294860,0
294861,0
294862,0
294863,0
294864,0
294865,0
294866,0
294867,0
294868,0
294869,0
294870,0
294871,0
294872,0
294873,0
294874,0
294875,0
294876,0
294877,0
294878,0
294879,0
294880,0
294881,0
294882,0
294883,0
294884,0
294885,0
294886,0
294887,0
294888,0
294889,0
294890,0
294891,0
294892,0
294893,0
294894,0
294895,0
294896,0
294897,0
294898,0
294899,0
294900,0
294901,0
294902,0
294903,0
294904,0
294905,0
294906,0
294907,0
294908,0
294909,0
294910,0
294911,0
294912,0
294913,0
294914,0
294915,0
294916,0
294917,0
294918,0
294919,0
294920,0
294921,0
294922,0
294923,0
294924,0
294925,0
294926,0
294927,0
294928,0
294929,0
294930,0
294931,0
294932,0
294933,0
294934,0
294935,0
294936,0
294937,0
294938,0
294939,0
294940,0
294941,0
294942,0
294943,0
294944,0
294945,0
294946,0
294947,0
294948,0
294949,0
294950,0
294951,0
294952,0
294953,0
294954,0
294955,0
294956,0
294957,0
294958,0
294959,0
294960,0
294961,0
294962,0
294963,0
294964,0
294965,0
294966,0
294967,0
294968,0
294969,0
294970,0
294971,0
294972,0
294973,0
294974,0
294975,0
294976,0
294977,0
294978,0
294979,0
294980,0
294981,0
294982,0
294983,0
294984,0
294985,0
294986,0
294987,0
294988,0
294989,0
294990,0
294991,0
294992,0
294993,0
294994,0
294995,0
294996,0
294997,0
294998,0
294999,0
295000,0
295001,0
295002,0
295003,0
295004,0
295005,0
295006,0
295007,0
295008,0
295009,0
295010,0
295011,0
295012,0
295013,0
295014,0
295015,0
295016,0
295017,0
295018,0
295019,0
295020,0
295021,0
295022,0
295023,0
295024,0
295025,0
295026,0
295027,0
295028,0
295029,0
295030,0
295031,0
295032,0
295033,0
295034,0
295035,0
295036,0
295037,0
295038,0
295039,0
295040,0
295041,0
295042,0
295043,0
295044,0
295045,0
295046,0
295047,0
295048,0
295049,0
295050,0
295051,0
295052,0
295053,0
295054,0
295055,0
295056,0
295057,0
295058,0
295059,0
295060,0
295061,0
295062,0
295063,0
295064,0
295065,0
295066,0
295067,0
295068,0
295069,0
295070,0
295071,0
295072,0
295073,0
295074,0
295075,0
295076,0
295077,0
295078,0
295079,0
295080,0
295081,0
295082,0
295083,0
295084,0
295085,0
295086,0
295087,0
295088,0
295089,0
295090,0
295091,0
295092,0
295093,0
295094,0
295095,0
295096,0
295097,0
295098,0
295099,0
295100,0
295101,0
295102,0
295103,0
295104,0
295105,0
295106,0
295107,0
295108,0
295109,0
295110,0
295111,0
295112,0
295113,0
295114,0
295115,0
295116,0
295117,0
295118,0
295119,0
295120,0
295121,0
295122,0
295123,0
295124,0
295125,0
295126,0
295127,0
295128,0
295129,0
295130,0
295131,0
295132,0
295133,0
295134,0
295135,0
295136,0
295137,0
295138,0
295139,0
295140,0
295141,0
295142,0
295143,0
295144,0
295145,0
295146,0
295147,0
295148,0
295149,0
295150,0
295151,0
295152,0
295153,0
295154,0
295155,0
295156,0
295157,0
295158,0
295159,0
295160,0
295161,0
295162,0
295163,0
295164,0
295165,0
295166,0
295167,0
295168,0
295169,0
295170,0
295171,0
295172,0
295173,0
295174,0
295175,0
295176,0
295177,0
295178,0
295179,0
295180,0
295181,0
295182,0
295183,0
295184,0
295185,0
295186,0
295187,0
295188,0
295189,0
295190,0
295191,0
295192,0
295193,0
295194,0
295195,0
295196,0
295197,0
295198,0
295199,0
295200,0
295201,0
295202,0
295203,0
295204,0
295205,0
295206,0
295207,0
295208,0
295209,0
295210,0
295211,0
295212,0
295213,0
295214,0
295215,0
295216,0
295217,0
295218,0
295219,0
295220,0
295221,0
295222,0
295223,0
295224,0
295225,0
295226,0
295227,0
295228,0
295229,0
295230,0
295231,0
295232,0
295233,0
295234,0
295235,0
295236,0
295237,0
295238,0
295239,0
295240,0
295241,0
295242,0
295243,0
295244,0
295245,0
295246,0
295247,0
295248,0
295249,0
295250,0
295251,0
295252,0
295253,0
295254,0
295255,0
295256,0
295257,0
295258,0
295259,0
295260,0
295261,0
295262,0
295263,0
295264,0
295265,0
295266,0
295267,0
295268,0
295269,0
295270,0
295271,0
295272,0
295273,0
295274,0
295275,0
295276,0
295277,0
295278,0
295279,0
295280,0
295281,0
295282,0
295283,0
295284,0
295285,0
295286,0
295287,0
295288,0
295289,0
295290,0
295291,0
295292,0
295293,0
295294,0
295295,0
295296,0
295297,0
295298,0
295299,0
295300,0
295301,0
295302,0
295303,0
295304,0
295305,0
295306,0
295307,0
295308,0
295309,0
295310,0
295311,0
295312,0
295313,0
295314,0
295315,0
295316,0
295317,0
295318,0
295319,0
295320,0
295321,0
295322,0
295323,0
295324,0
295325,0
295326,0
295327,0
295328,0
295329,0
295330,0
295331,0
295332,0
295333,0
295334,0
295335,0
295336,0
295337,0
295338,0
295339,0
295340,0
295341,0
295342,0
295343,0
295344,0
295345,0
295346,0
295347,0
295348,0
295349,0
295350,0
295351,0
295352,0
295353,0
295354,0
295355,0
295356,0
295357,0
295358,0
295359,0
295360,0
295361,0
295362,0
295363,0
295364,0
295365,0
295366,0
295367,0
295368,0
295369,0
295370,0
295371,0
295372,0
295373,0
295374,0
295375,0
295376,0
295377,0
295378,0
295379,0
295380,0
295381,0
295382,0
295383,0
295384,0
295385,0
295386,0
295387,0
295388,0
295389,0
295390,0
295391,0
295392,0
295393,0
295394,0
295395,0
295396,0
295397,0
295398,0
295399,0
295400,0
295401,0
295402,0
295403,0
295404,0
295405,0
295406,0
295407,0
295408,0
295409,0
295410,0
295411,0
295412,0
295413,0
295414,0
295415,0
295416,0
295417,0
295418,0
295419,0
295420,0
295421,0
295422,0
295423,0
295424,0
295425,0
295426,0
295427,0
295428,0
295429,0
295430,0
295431,0
295432,0
295433,0
295434,0
295435,0
295436,0
295437,0
295438,0
295439,0
295440,0
295441,0
295442,0
295443,0
295444,0
295445,0
295446,0
295447,0
295448,0
295449,0
295450,0
295451,0
295452,0
295453,0
295454,0
295455,0
295456,0
295457,0
295458,0
295459,0
295460,0
295461,0
295462,0
295463,0
295464,0
295465,0
295466,0
295467,0
295468,0
295469,0
295470,0
295471,0
295472,0
295473,0
295474,0
295475,0
295476,0
295477,0
295478,0
295479,0
295480,0
295481,0
295482,0
295483,0
295484,0
295485,0
295486,0
295487,0
295488,0
295489,0
295490,0
295491,0
295492,0
295493,0
295494,0
295495,0
295496,0
295497,0
295498,0
295499,0
295500,0
295501,0
295502,0
295503,0
295504,0
295505,0
295506,0
295507,0
295508,0
295509,0
295510,0
295511,0
295512,0
295513,0
295514,0
295515,0
295516,0
295517,0
295518,0
295519,0
295520,0
295521,0
295522,0
295523,0
295524,0
295525,0
295526,0
295527,0
295528,0
295529,0
295530,0
295531,0
295532,0
295533,0
295534,0
295535,0
295536,0
295537,0
295538,0
295539,0
295540,0
295541,0
295542,0
295543,0
295544,0
295545,0
295546,0
295547,0
295548,0
295549,0
295550,0
295551,0
295552,0
295553,0
295554,0
295555,0
295556,0
295557,0
295558,0
295559,0
295560,0
295561,0
295562,0
295563,0
295564,0
295565,0
295566,0
295567,0
295568,0
295569,0
295570,0
295571,0
295572,0
295573,0
295574,0
295575,0
295576,0
295577,0
295578,0
295579,0
295580,0
295581,0
295582,0
295583,0
295584,0
295585,0
295586,0
295587,0
295588,0
295589,0
295590,0
295591,0
295592,0
295593,0
295594,0
295595,0
295596,0
295597,0
295598,0
295599,0
295600,0
295601,0
295602,0
295603,0
295604,0
295605,0
295606,0
295607,0
295608,0
295609,0
295610,0
295611,0
295612,0
295613,0
295614,0
295615,0
295616,0
295617,0
295618,0
295619,0
295620,0
295621,0
295622,0
295623,0
295624,0
295625,0
295626,0
295627,0
295628,0
295629,0
295630,0
295631,0
295632,0
295633,0
295634,0
295635,0
295636,0
295637,0
295638,0
295639,0
295640,0
295641,0
295642,0
295643,0
295644,0
295645,0
295646,0
295647,0
295648,0
295649,0
295650,0
295651,0
295652,0
295653,0
295654,0
295655,0
295656,0
295657,0
295658,0
295659,0
295660,0
295661,0
295662,0
295663,0
295664,0
295665,0
295666,0
295667,0
295668,0
295669,0
295670,0
295671,0
295672,0
295673,0
295674,0
295675,0
295676,0
295677,0
295678,0
295679,0
295680,0
295681,0
295682,0
295683,0
295684,0
295685,0
295686,0
295687,0
295688,0
295689,0
295690,0
295691,0
295692,0
295693,0
295694,0
295695,0
295696,0
295697,0
295698,0
295699,0
295700,0
295701,0
295702,0
295703,0
295704,0
295705,0
295706,0
295707,0
295708,0
295709,0
295710,0
295711,0
295712,0
295713,0
295714,0
295715,0
295716,0
295717,0
295718,0
295719,0
295720,0
295721,0
295722,0
295723,0
295724,0
295725,0
295726,0
295727,0
295728,0
295729,0
295730,0
295731,0
295732,0
295733,0
295734,0
295735,0
295736,0
295737,0
295738,0
295739,0
295740,0
295741,0
295742,0
295743,0
295744,0
295745,0
295746,0
295747,0
295748,0
295749,0
295750,0
295751,0
295752,0
295753,0
295754,0
295755,0
295756,0
295757,0
295758,0
295759,0
295760,0
295761,0
295762,0
295763,0
295764,0
295765,0
295766,0
295767,0
295768,0
295769,0
295770,0
295771,0
295772,0
295773,0
295774,0
295775,0
295776,0
295777,0
295778,0
295779,0
295780,0
295781,0
295782,0
295783,0
295784,0
295785,0
295786,0
295787,0
295788,0
295789,0
295790,0
295791,0
295792,0
295793,0
295794,0
295795,0
295796,0
295797,0
295798,0
295799,0
295800,0
295801,0
295802,0
295803,0
295804,0
295805,0
295806,0
295807,0
295808,0
295809,0
295810,0
295811,0
295812,0
295813,0
295814,0
295815,0
295816,0
295817,0
295818,0
295819,0
295820,0
295821,0
295822,0
295823,0
295824,0
295825,0
295826,0
295827,0
295828,0
295829,0
295830,0
295831,0
295832,0
295833,0
295834,0
295835,0
295836,0
295837,0
295838,0
295839,0
295840,0
295841,0
295842,0
295843,0
295844,0
295845,0
295846,0
295847,0
295848,0
295849,0
295850,0
295851,0
295852,0
295853,0
295854,0
295855,0
295856,0
295857,0
295858,0
295859,0
295860,0
295861,0
295862,0
295863,0
295864,0
295865,0
295866,0
295867,0
295868,0
295869,0
295870,0
295871,0
295872,0
295873,0
295874,0
295875,0
295876,0
295877,0
295878,0
295879,0
295880,0
295881,0
295882,0
295883,0
295884,0
295885,0
295886,0
295887,0
295888,0
295889,0
295890,0
295891,0
295892,0
295893,0
295894,0
295895,0
295896,0
295897,0
295898,0
295899,0
295900,0
295901,0
295902,0
295903,0
295904,0
295905,0
295906,0
295907,0
295908,0
295909,0
295910,0
295911,0
295912,0
295913,0
295914,0
295915,0
295916,0
295917,0
295918,0
295919,0
295920,0
295921,0
295922,0
295923,0
295924,0
295925,0
295926,0
295927,0
295928,0
295929,0
295930,0
295931,0
295932,0
295933,0
295934,0
295935,0
295936,0
295937,0
295938,0
295939,0
295940,0
295941,0
295942,0
295943,0
295944,0
295945,0
295946,0
295947,0
295948,0
295949,0
295950,0
295951,0
295952,0
295953,0
295954,0
295955,0
295956,0
295957,0
295958,0
295959,0
295960,0
295961,0
295962,0
295963,0
295964,0
295965,0
295966,0
295967,0
295968,0
295969,0
295970,0
295971,0
295972,0
295973,0
295974,0
295975,0
295976,0
295977,0
295978,0
295979,0
295980,0
295981,0
295982,0
295983,0
295984,0
295985,0
295986,0
295987,0
295988,0
295989,0
295990,0
295991,0
295992,0
295993,0
295994,0
295995,0
295996,0
295997,0
295998,0
295999,0
296000,0
296001,0
296002,0
296003,0
296004,0
296005,0
296006,0
296007,0
296008,0
296009,0
296010,0
296011,0
296012,0
296013,0
296014,0
296015,0
296016,0
296017,0
296018,0
296019,0
296020,0
296021,0
296022,0
296023,0
296024,0
296025,0
296026,0
296027,0
296028,0
296029,0
296030,0
296031,0
296032,0
296033,0
296034,0
296035,0
296036,0
296037,0
296038,0
296039,0
296040,0
296041,0
296042,0
296043,0
296044,0
296045,0
296046,0
296047,0
296048,0
296049,0
296050,0
296051,0
296052,0
296053,0
296054,0
296055,0
296056,0
296057,0
296058,0
296059,0
296060,0
296061,0
296062,0
296063,0
296064,0
296065,0
296066,0
296067,0
296068,0
296069,0
296070,0
296071,0
296072,0
296073,0
296074,0
296075,0
296076,0
296077,0
296078,0
296079,0
296080,0
296081,0
296082,0
296083,0
296084,0
296085,0
296086,0
296087,0
296088,0
296089,0
296090,0
296091,0
296092,0
296093,0
296094,0
296095,0
296096,0
296097,0
296098,0
296099,0
296100,0
296101,0
296102,0
296103,0
296104,0
296105,0
296106,0
296107,0
296108,0
296109,0
296110,0
296111,0
296112,0
296113,0
296114,0
296115,0
296116,0
296117,0
296118,0
296119,0
296120,0
296121,0
296122,0
296123,0
296124,0
296125,0
296126,0
296127,0
296128,0
296129,0
296130,0
296131,0
296132,0
296133,0
296134,0
296135,0
296136,0
296137,0
296138,0
296139,0
296140,0
296141,0
296142,0
296143,0
296144,0
296145,0
296146,0
296147,0
296148,0
296149,0
296150,0
296151,0
296152,0
296153,0
296154,0
296155,0
296156,0
296157,0
296158,0
296159,0
296160,0
296161,0
296162,0
296163,0
296164,0
296165,0
296166,0
296167,0
296168,0
296169,0
296170,0
296171,0
296172,0
296173,0
296174,0
296175,0
296176,0
296177,0
296178,0
296179,0
296180,0
296181,0
296182,0
296183,0
296184,0
296185,0
296186,0
296187,0
296188,0
296189,0
296190,0
296191,0
296192,0
296193,0
296194,0
296195,0
296196,0
296197,0
296198,0
296199,0
296200,0
296201,0
296202,0
296203,0
296204,0
296205,0
296206,0
296207,0
296208,0
296209,0
296210,0
296211,0
296212,0
296213,0
296214,0
296215,0
296216,0
296217,0
296218,0
296219,0
296220,0
296221,0
296222,0
296223,0
296224,0
296225,0
296226,0
296227,0
296228,0
296229,0
296230,0
296231,0
296232,0
296233,0
296234,0
296235,0
296236,0
296237,0
296238,0
296239,0
296240,0
296241,0
296242,0
296243,0
296244,0
296245,0
296246,0
296247,0
296248,0
296249,0
296250,0
296251,0
296252,0
296253,0
296254,0
296255,0
296256,0
296257,0
296258,0
296259,0
296260,0
296261,0
296262,0
296263,0
296264,0
296265,0
296266,0
296267,0
296268,0
296269,0
296270,0
296271,0
296272,0
296273,0
296274,0
296275,0
296276,0
296277,0
296278,0
296279,0
296280,0
296281,0
296282,0
296283,0
296284,0
296285,0
296286,0
296287,0
296288,0
296289,0
296290,0
296291,0
296292,0
296293,0
296294,0
296295,0
296296,0
296297,0
296298,0
296299,0
296300,0
296301,0
296302,0
296303,0
296304,0
296305,0
296306,0
296307,0
296308,0
296309,0
296310,0
296311,0
296312,0
296313,0
296314,0
296315,0
296316,0
296317,0
296318,0
296319,0
296320,0
296321,0
296322,0
296323,0
296324,0
296325,0
296326,0
296327,0
296328,0
296329,0
296330,0
296331,0
296332,0
296333,0
296334,0
296335,0
296336,0
296337,0
296338,0
296339,0
296340,0
296341,0
296342,0
296343,0
296344,0
296345,0
296346,0
296347,0
296348,0
296349,0
296350,0
296351,0
296352,0
296353,0
296354,0
296355,0
296356,0
296357,0
296358,0
296359,0
296360,0
296361,0
296362,0
296363,0
296364,0
296365,0
296366,0
296367,0
296368,0
296369,0
296370,0
296371,0
296372,0
296373,0
296374,0
296375,0
296376,0
296377,0
296378,0
296379,0
296380,0
296381,0
296382,0
296383,0
296384,0
296385,0
296386,0
296387,0
296388,0
296389,0
296390,0
296391,0
296392,0
296393,0
296394,0
296395,0
296396,0
296397,0
296398,0
296399,0
296400,0
296401,0
296402,0
296403,0
296404,0
296405,0
296406,0
296407,0
296408,0
296409,0
296410,0
296411,0
296412,0
296413,0
296414,0
296415,0
296416,0
296417,0
296418,0
296419,0
296420,0
296421,0
296422,0
296423,0
296424,0
296425,0
296426,0
296427,0
296428,0
296429,0
296430,0
296431,0
296432,0
296433,0
296434,0
296435,0
296436,0
296437,0
296438,0
296439,0
296440,0
296441,0
296442,0
296443,0
296444,0
296445,0
296446,0
296447,0
296448,0
296449,0
296450,0
296451,0
296452,0
296453,0
296454,0
296455,0
296456,0
296457,0
296458,0
296459,0
296460,0
296461,0
296462,0
296463,0
296464,0
296465,0
296466,0
296467,0
296468,0
296469,0
296470,0
296471,0
296472,0
296473,0
296474,0
296475,0
296476,0
296477,0
296478,0
296479,0
296480,0
296481,0
296482,0
296483,0
296484,0
296485,0
296486,0
296487,0
296488,0
296489,0
296490,0
296491,0
296492,0
296493,0
296494,0
296495,0
296496,0
296497,0
296498,0
296499,0
296500,0
296501,0
296502,0
296503,0
296504,0
296505,0
296506,0
296507,0
296508,0
296509,0
296510,0
296511,0
296512,0
296513,0
296514,0
296515,0
296516,0
296517,0
296518,0
296519,0
296520,0
296521,0
296522,0
296523,0
296524,0
296525,0
296526,0
296527,0
296528,0
296529,0
296530,0
296531,0
296532,0
296533,0
296534,0
296535,0
296536,0
296537,0
296538,0
296539,0
296540,0
296541,0
296542,0
296543,0
296544,0
296545,0
296546,0
296547,0
296548,0
296549,0
296550,0
296551,0
296552,0
296553,0
296554,0
296555,0
296556,0
296557,0
296558,0
296559,0
296560,0
296561,0
296562,0
296563,0
296564,0
296565,0
296566,0
296567,0
296568,0
296569,0
296570,0
296571,0
296572,0
296573,0
296574,0
296575,0
296576,0
296577,0
296578,0
296579,0
296580,0
296581,0
296582,0
296583,0
296584,0
296585,0
296586,0
296587,0
296588,0
296589,0
296590,0
296591,0
296592,0
296593,0
296594,0
296595,0
296596,0
296597,0
296598,0
296599,0
296600,0
296601,0
296602,0
296603,0
296604,0
296605,0
296606,0
296607,0
296608,0
296609,0
296610,0
296611,0
296612,0
296613,0
296614,0
296615,0
296616,0
296617,0
296618,0
296619,0
296620,0
296621,0
296622,0
296623,0
296624,0
296625,0
296626,0
296627,0
296628,0
296629,0
296630,0
296631,0
296632,0
296633,0
296634,0
296635,0
296636,0
296637,0
296638,0
296639,0
296640,0
296641,0
296642,0
296643,0
296644,0
296645,0
296646,0
296647,0
296648,0
296649,0
296650,0
296651,0
296652,0
296653,0
296654,0
296655,0
296656,0
296657,0
296658,0
296659,0
296660,0
296661,0
296662,0
296663,0
296664,0
296665,0
296666,0
296667,0
296668,0
296669,0
296670,0
296671,0
296672,0
296673,0
296674,0
296675,0
296676,0
296677,0
296678,0
296679,0
296680,0
296681,0
296682,0
296683,0
296684,0
296685,0
296686,0
296687,0
296688,0
296689,0
296690,0
296691,0
296692,0
296693,0
296694,0
296695,0
296696,0
296697,0
296698,0
296699,0
296700,0
296701,0
296702,0
296703,0
296704,0
296705,0
296706,0
296707,0
296708,0
296709,0
296710,0
296711,0
296712,0
296713,0
296714,0
296715,0
296716,0
296717,0
296718,0
296719,0
296720,0
296721,0
296722,0
296723,0
296724,0
296725,0
296726,0
296727,0
296728,0
296729,0
296730,0
296731,0
296732,0
296733,0
296734,0
296735,0
296736,0
296737,0
296738,0
296739,0
296740,0
296741,0
296742,0
296743,0
296744,0
296745,0
296746,0
296747,0
296748,0
296749,0
296750,0
296751,0
296752,0
296753,0
296754,0
296755,0
296756,0
296757,0
296758,0
296759,0
296760,0
296761,0
296762,0
296763,0
296764,0
296765,0
296766,0
296767,0
296768,0
296769,0
296770,0
296771,0
296772,0
296773,0
296774,0
296775,0
296776,0
296777,0
296778,0
296779,0
296780,0
296781,0
296782,0
296783,0
296784,0
296785,0
296786,0
296787,0
296788,0
296789,0
296790,0
296791,0
296792,0
296793,0
296794,0
296795,0
296796,0
296797,0
296798,0
296799,0
296800,0
296801,0
296802,0
296803,0
296804,0
296805,0
296806,0
296807,0
296808,0
296809,0
296810,0
296811,0
296812,0
296813,0
296814,0
296815,0
296816,0
296817,0
296818,0
296819,0
296820,0
296821,0
296822,0
296823,0
296824,0
296825,0
296826,0
296827,0
296828,0
296829,0
296830,0
296831,0
296832,0
296833,0
296834,0
296835,0
296836,0
296837,0
296838,0
296839,0
296840,0
296841,0
296842,0
296843,0
296844,0
296845,0
296846,0
296847,0
296848,0
296849,0
296850,0
296851,0
296852,0
296853,0
296854,0
296855,0
296856,0
296857,0
296858,0
296859,0
296860,0
296861,0
296862,0
296863,0
296864,0
296865,0
296866,0
296867,0
296868,0
296869,0
296870,0
296871,0
296872,0
296873,0
296874,0
296875,0
296876,0
296877,0
296878,0
296879,0
296880,0
296881,0
296882,0
296883,0
296884,0
296885,0
296886,0
296887,0
296888,0
296889,0
296890,0
296891,0
296892,0
296893,0
296894,0
296895,0
296896,0
296897,0
296898,0
296899,0
296900,0
296901,0
296902,0
296903,0
296904,0
296905,0
296906,0
296907,0
296908,0
296909,0
296910,0
296911,0
296912,0
296913,0
296914,0
296915,0
296916,0
296917,0
296918,0
296919,0
296920,0
296921,0
296922,0
296923,0
296924,0
296925,0
296926,0
296927,0
296928,0
296929,0
296930,0
296931,0
296932,0
296933,0
296934,0
296935,0
296936,0
296937,0
296938,0
296939,0
296940,0
296941,0
296942,0
296943,0
296944,0
296945,0
296946,0
296947,0
296948,0
296949,0
296950,0
296951,0
296952,0
296953,0
296954,0
296955,0
296956,0
296957,0
296958,0
296959,0
296960,0
296961,0
296962,0
296963,0
296964,0
296965,0
296966,0
296967,0
296968,0
296969,0
296970,0
296971,0
296972,0
296973,0
296974,0
296975,0
296976,0
296977,0
296978,0
296979,0
296980,0
296981,0
296982,0
296983,0
296984,0
296985,0
296986,0
296987,0
296988,0
296989,0
296990,0
296991,0
296992,0
296993,0
296994,0
296995,0
296996,0
296997,0
296998,0
296999,0
297000,0
297001,0
297002,0
297003,0
297004,0
297005,0
297006,0
297007,0
297008,0
297009,0
297010,0
297011,0
297012,0
297013,0
297014,0
297015,0
297016,0
297017,0
297018,0
297019,0
297020,0
297021,0
297022,0
297023,0
297024,0
297025,0
297026,0
297027,0
297028,0
297029,0
297030,0
297031,0
297032,0
297033,0
297034,0
297035,0
297036,0
297037,0
297038,0
297039,0
297040,0
297041,0
297042,0
297043,0
297044,0
297045,0
297046,0
297047,0
297048,0
297049,0
297050,0
297051,0
297052,0
297053,0
297054,0
297055,0
297056,0
297057,0
297058,0
297059,0
297060,0
297061,0
297062,0
297063,0
297064,0
297065,0
297066,0
297067,0
297068,0
297069,0
297070,0
297071,0
297072,0
297073,0
297074,0
297075,0
297076,0
297077,0
297078,0
297079,0
297080,0
297081,0
297082,0
297083,0
297084,0
297085,0
297086,0
297087,0
297088,0
297089,0
297090,0
297091,0
297092,0
297093,0
297094,0
297095,0
297096,0
297097,0
297098,0
297099,0
297100,0
297101,0
297102,0
297103,0
297104,0
297105,0
297106,0
297107,0
297108,0
297109,0
297110,0
297111,0
297112,0
297113,0
297114,0
297115,0
297116,0
297117,0
297118,0
297119,0
297120,0
297121,0
297122,0
297123,0
297124,0
297125,0
297126,0
297127,0
297128,0
297129,0
297130,0
297131,0
297132,0
297133,0
297134,0
297135,0
297136,0
297137,0
297138,0
297139,0
297140,0
297141,0
297142,0
297143,0
297144,0
297145,0
297146,0
297147,0
297148,0
297149,0
297150,0
297151,0
297152,0
297153,0
297154,0
297155,0
297156,0
297157,0
297158,0
297159,0
297160,0
297161,0
297162,0
297163,0
297164,0
297165,0
297166,0
297167,0
297168,0
297169,0
297170,0
297171,0
297172,0
297173,0
297174,0
297175,0
297176,0
297177,0
297178,0
297179,0
297180,0
297181,0
297182,0
297183,0
297184,0
297185,0
297186,0
297187,0
297188,0
297189,0
297190,0
297191,0
297192,0
297193,0
297194,0
297195,0
297196,0
297197,0
297198,0
297199,0
297200,0
297201,0
297202,0
297203,0
297204,0
297205,0
297206,0
297207,0
297208,0
297209,0
297210,0
297211,0
297212,0
297213,0
297214,0
297215,0
297216,0
297217,0
297218,0
297219,0
297220,0
297221,0
297222,0
297223,0
297224,0
297225,0
297226,0
297227,0
297228,0
297229,0
297230,0
297231,0
297232,0
297233,0
297234,0
297235,0
297236,0
297237,0
297238,0
297239,0
297240,0
297241,0
297242,0
297243,0
297244,0
297245,0
297246,0
297247,0
297248,0
297249,0
297250,0
297251,0
297252,0
297253,0
297254,0
297255,0
297256,0
297257,0
297258,0
297259,0
297260,0
297261,0
297262,0
297263,0
297264,0
297265,0
297266,0
297267,0
297268,0
297269,0
297270,0
297271,0
297272,0
297273,0
297274,0
297275,0
297276,0
297277,0
297278,0
297279,0
297280,0
297281,0
297282,0
297283,0
297284,0
297285,0
297286,0
297287,0
297288,0
297289,0
297290,0
297291,0
297292,0
297293,0
297294,0
297295,0
297296,0
297297,0
297298,0
297299,0
297300,0
297301,0
297302,0
297303,0
297304,0
297305,0
297306,0
297307,0
297308,0
297309,0
297310,0
297311,0
297312,0
297313,0
297314,0
297315,0
297316,0
297317,0
297318,0
297319,0
297320,0
297321,0
297322,0
297323,0
297324,0
297325,0
297326,0
297327,0
297328,0
297329,0
297330,0
297331,0
297332,0
297333,0
297334,0
297335,0
297336,0
297337,0
297338,0
297339,0
297340,0
297341,0
297342,0
297343,0
297344,0
297345,0
297346,0
297347,0
297348,0
297349,0
297350,0
297351,0
297352,0
297353,0
297354,0
297355,0
297356,0
297357,0
297358,0
297359,0
297360,0
297361,0
297362,0
297363,0
297364,0
297365,0
297366,0
297367,0
297368,0
297369,0
297370,0
297371,0
297372,0
297373,0
297374,0
297375,0
297376,0
297377,0
297378,0
297379,0
297380,0
297381,0
297382,0
297383,0
297384,0
297385,0
297386,0
297387,0
297388,0
297389,0
297390,0
297391,0
297392,0
297393,0
297394,0
297395,0
297396,0
297397,0
297398,0
297399,0
297400,0
297401,0
297402,0
297403,0
297404,0
297405,0
297406,0
297407,0
297408,0
297409,0
297410,0
297411,0
297412,0
297413,0
297414,0
297415,0
297416,0
297417,0
297418,0
297419,0
297420,0
297421,0
297422,0
297423,0
297424,0
297425,0
297426,0
297427,0
297428,0
297429,0
297430,0
297431,0
297432,0
297433,0
297434,0
297435,0
297436,0
297437,0
297438,0
297439,0
297440,0
297441,0
297442,0
297443,0
297444,0
297445,0
297446,0
297447,0
297448,0
297449,0
297450,0
297451,0
297452,0
297453,0
297454,0
297455,0
297456,0
297457,0
297458,0
297459,0
297460,0
297461,0
297462,0
297463,0
297464,0
297465,0
297466,0
297467,0
297468,0
297469,0
297470,0
297471,0
297472,0
297473,0
297474,0
297475,0
297476,0
297477,0
297478,0
297479,0
297480,0
297481,0
297482,0
297483,0
297484,0
297485,0
297486,0
297487,0
297488,0
297489,0
297490,0
297491,0
297492,0
297493,0
297494,0
297495,0
297496,0
297497,0
297498,0
297499,0
297500,0
297501,0
297502,0
297503,0
297504,0
297505,0
297506,0
297507,0
297508,0
297509,0
297510,0
297511,0
297512,0
297513,0
297514,0
297515,0
297516,0
297517,0
297518,0
297519,0
297520,0
297521,0
297522,0
297523,0
297524,0
297525,0
297526,0
297527,0
297528,0
297529,0
297530,0
297531,0
297532,0
297533,0
297534,0
297535,0
297536,0
297537,0
297538,0
297539,0
297540,0
297541,0
297542,0
297543,0
297544,0
297545,0
297546,0
297547,0
297548,0
297549,0
297550,0
297551,0
297552,0
297553,0
297554,0
297555,0
297556,0
297557,0
297558,0
297559,0
297560,0
297561,0
297562,0
297563,0
297564,0
297565,0
297566,0
297567,0
297568,0
297569,0
297570,0
297571,0
297572,0
297573,0
297574,0
297575,0
297576,0
297577,0
297578,0
297579,0
297580,0
297581,0
297582,0
297583,0
297584,0
297585,0
297586,0
297587,0
297588,0
297589,0
297590,0
297591,0
297592,0
297593,0
297594,0
297595,0
297596,0
297597,0
297598,0
297599,0
297600,0
297601,0
297602,0
297603,0
297604,0
297605,0
297606,0
297607,0
297608,0
297609,0
297610,0
297611,0
297612,0
297613,0
297614,0
297615,0
297616,0
297617,0
297618,0
297619,0
297620,0
297621,0
297622,0
297623,0
297624,0
297625,0
297626,0
297627,0
297628,0
297629,0
297630,0
297631,0
297632,0
297633,0
297634,0
297635,0
297636,0
297637,0
297638,0
297639,0
297640,0
297641,0
297642,0
297643,0
297644,0
297645,0
297646,0
297647,0
297648,0
297649,0
297650,0
297651,0
297652,0
297653,0
297654,0
297655,0
297656,0
297657,0
297658,0
297659,0
297660,0
297661,0
297662,0
297663,0
297664,0
297665,0
297666,0
297667,0
297668,0
297669,0
297670,0
297671,0
297672,0
297673,0
297674,0
297675,0
297676,0
297677,0
297678,0
297679,0
297680,0
297681,0
297682,0
297683,0
297684,0
297685,0
297686,0
297687,0
297688,0
297689,0
297690,0
297691,0
297692,0
297693,0
297694,0
297695,0
297696,0
297697,0
297698,0
297699,0
297700,0
297701,0
297702,0
297703,0
297704,0
297705,0
297706,0
297707,0
297708,0
297709,0
297710,0
297711,0
297712,0
297713,0
297714,0
297715,0
297716,0
297717,0
297718,0
297719,0
297720,0
297721,0
297722,0
297723,0
297724,0
297725,0
297726,0
297727,0
297728,0
297729,0
297730,0
297731,0
297732,0
297733,0
297734,0
297735,0
297736,0
297737,0
297738,0
297739,0
297740,0
297741,0
297742,0
297743,0
297744,0
297745,0
297746,0
297747,0
297748,0
297749,0
297750,0
297751,0
297752,0
297753,0
297754,0
297755,0
297756,0
297757,0
297758,0
297759,0
297760,0
297761,0
297762,0
297763,0
297764,0
297765,0
297766,0
297767,0
297768,0
297769,0
297770,0
297771,0
297772,0
297773,0
297774,0
297775,0
297776,0
297777,0
297778,0
297779,0
297780,0
297781,0
297782,0
297783,0
297784,0
297785,0
297786,0
297787,0
297788,0
297789,0
297790,0
297791,0
297792,0
297793,0
297794,0
297795,0
297796,0
297797,0
297798,0
297799,0
297800,0
297801,0
297802,0
297803,0
297804,0
297805,0
297806,0
297807,0
297808,0
297809,0
297810,0
297811,0
297812,0
297813,0
297814,0
297815,0
297816,0
297817,0
297818,0
297819,0
297820,0
297821,0
297822,0
297823,0
297824,0
297825,0
297826,0
297827,0
297828,0
297829,0
297830,0
297831,0
297832,0
297833,0
297834,0
297835,0
297836,0
297837,0
297838,0
297839,0
297840,0
297841,0
297842,0
297843,0
297844,0
297845,0
297846,0
297847,0
297848,0
297849,0
297850,0
297851,0
297852,0
297853,0
297854,0
297855,0
297856,0
297857,0
297858,0
297859,0
297860,0
297861,0
297862,0
297863,0
297864,0
297865,0
297866,0
297867,0
297868,0
297869,0
297870,0
297871,0
297872,0
297873,0
297874,0
297875,0
297876,0
297877,0
297878,0
297879,0
297880,0
297881,0
297882,0
297883,0
297884,0
297885,0
297886,0
297887,0
297888,0
297889,0
297890,0
297891,0
297892,0
297893,0
297894,0
297895,0
297896,0
297897,0
297898,0
297899,0
297900,0
297901,0
297902,0
297903,0
297904,0
297905,0
297906,0
297907,0
297908,0
297909,0
297910,0
297911,0
297912,0
297913,0
297914,0
297915,0
297916,0
297917,0
297918,0
297919,0
297920,0
297921,0
297922,0
297923,0
297924,0
297925,0
297926,0
297927,0
297928,0
297929,0
297930,0
297931,0
297932,0
297933,0
297934,0
297935,0
297936,0
297937,0
297938,0
297939,0
297940,0
297941,0
297942,0
297943,0
297944,0
297945,0
297946,0
297947,0
297948,0
297949,0
297950,0
297951,0
297952,0
297953,0
297954,0
297955,0
297956,0
297957,0
297958,0
297959,0
297960,0
297961,0
297962,0
297963,0
297964,0
297965,0
297966,0
297967,0
297968,0
297969,0
297970,0
297971,0
297972,0
297973,0
297974,0
297975,0
297976,0
297977,0
297978,0
297979,0
297980,0
297981,0
297982,0
297983,0
297984,0
297985,0
297986,0
297987,0
297988,0
297989,0
297990,0
297991,0
297992,0
297993,0
297994,0
297995,0
297996,0
297997,0
297998,0
297999,0
298000,0
298001,0
298002,0
298003,0
298004,0
298005,0
298006,0
298007,0
298008,0
298009,0
298010,0
298011,0
298012,0
298013,0
298014,0
298015,0
298016,0
298017,0
298018,0
298019,0
298020,0
298021,0
298022,0
298023,0
298024,0
298025,0
298026,0
298027,0
298028,0
298029,0
298030,0
298031,0
298032,0
298033,0
298034,0
298035,0
298036,0
298037,0
298038,0
298039,0
298040,0
298041,0
298042,0
298043,0
298044,0
298045,0
298046,0
298047,0
298048,0
298049,0
298050,0
298051,0
298052,0
298053,0
298054,0
298055,0
298056,0
298057,0
298058,0
298059,0
298060,0
298061,0
298062,0
298063,0
298064,0
298065,0
298066,0
298067,0
298068,0
298069,0
298070,0
298071,0
298072,0
298073,0
298074,0
298075,0
298076,0
298077,0
298078,0
298079,0
298080,0
298081,0
298082,0
298083,0
298084,0
298085,0
298086,0
298087,0
298088,0
298089,0
298090,0
298091,0
298092,0
298093,0
298094,0
298095,0
298096,0
298097,0
298098,0
298099,0
298100,0
298101,0
298102,0
298103,0
298104,0
298105,0
298106,0
298107,0
298108,0
298109,0
298110,0
298111,0
298112,0
298113,0
298114,0
298115,0
298116,0
298117,0
298118,0
298119,0
298120,0
298121,0
298122,0
298123,0
298124,0
298125,0
298126,0
298127,0
298128,0
298129,0
298130,0
298131,0
298132,0
298133,0
298134,0
298135,0
298136,0
298137,0
298138,0
298139,0
298140,0
298141,0
298142,0
298143,0
298144,0
298145,0
298146,0
298147,0
298148,0
298149,0
298150,0
298151,0
298152,0
298153,0
298154,0
298155,0
298156,0
298157,0
298158,0
298159,0
298160,0
298161,0
298162,0
298163,0
298164,0
298165,0
298166,0
298167,0
298168,0
298169,0
298170,0
298171,0
298172,0
298173,0
298174,0
298175,0
298176,0
298177,0
298178,0
298179,0
298180,0
298181,0
298182,0
298183,0
298184,0
298185,0
298186,0
298187,0
298188,0
298189,0
298190,0
298191,0
298192,0
298193,0
298194,0
298195,0
298196,0
298197,0
298198,0
298199,0
298200,0
298201,0
298202,0
298203,0
298204,0
298205,0
298206,0
298207,0
298208,0
298209,0
298210,0
298211,0
298212,0
298213,0
298214,0
298215,0
298216,0
298217,0
298218,0
298219,0
298220,0
298221,0
298222,0
298223,0
298224,0
298225,0
298226,0
298227,0
298228,0
298229,0
298230,0
298231,0
298232,0
298233,0
298234,0
298235,0
298236,0
298237,0
298238,0
298239,0
298240,0
298241,0
298242,0
298243,0
298244,0
298245,0
298246,0
298247,0
298248,0
298249,0
298250,0
298251,0
298252,0
298253,0
298254,0
298255,0
298256,0
298257,0
298258,0
298259,0
298260,0
298261,0
298262,0
298263,0
298264,0
298265,0
298266,0
298267,0
298268,0
298269,0
298270,0
298271,0
298272,0
298273,0
298274,0
298275,0
298276,0
298277,0
298278,0
298279,0
298280,0
298281,0
298282,0
298283,0
298284,0
298285,0
298286,0
298287,0
298288,0
298289,0
298290,0
298291,0
298292,0
298293,0
298294,0
298295,0
298296,0
298297,0
298298,0
298299,0
298300,0
298301,0
298302,0
298303,0
298304,0
298305,0
298306,0
298307,0
298308,0
298309,0
298310,0
298311,0
298312,0
298313,0
298314,0
298315,0
298316,0
298317,0
298318,0
298319,0
298320,0
298321,0
298322,0
298323,0
298324,0
298325,0
298326,0
298327,0
298328,0
298329,0
298330,0
298331,0
298332,0
298333,0
298334,0
298335,0
298336,0
298337,0
298338,0
298339,0
298340,0
298341,0
298342,0
298343,0
298344,0
298345,0
298346,0
298347,0
298348,0
298349,0
298350,0
298351,0
298352,0
298353,0
298354,0
298355,0
298356,0
298357,0
298358,0
298359,0
298360,0
298361,0
298362,0
298363,0
298364,0
298365,0
298366,0
298367,0
298368,0
298369,0
298370,0
298371,0
298372,0
298373,0
298374,0
298375,0
298376,0
298377,0
298378,0
298379,0
298380,0
298381,0
298382,0
298383,0
298384,0
298385,0
298386,0
298387,0
298388,0
298389,0
298390,0
298391,0
298392,0
298393,0
298394,0
298395,0
298396,0
298397,0
298398,0
298399,0
298400,0
298401,0
298402,0
298403,0
298404,0
298405,0
298406,0
298407,0
298408,0
298409,0
298410,0
298411,0
298412,0
298413,0
298414,0
298415,0
298416,0
298417,0
298418,0
298419,0
298420,0
298421,0
298422,0
298423,0
298424,0
298425,0
298426,0
298427,0
298428,0
298429,0
298430,0
298431,0
298432,0
298433,0
298434,0
298435,0
298436,0
298437,0
298438,0
298439,0
298440,0
298441,0
298442,0
298443,0
298444,0
298445,0
298446,0
298447,0
298448,0
298449,0
298450,0
298451,0
298452,0
298453,0
298454,0
298455,0
298456,0
298457,0
298458,0
298459,0
298460,0
298461,0
298462,0
298463,0
298464,0
298465,0
298466,0
298467,0
298468,0
298469,0
298470,0
298471,0
298472,0
298473,0
298474,0
298475,0
298476,0
298477,0
298478,0
298479,0
298480,0
298481,0
298482,0
298483,0
298484,0
298485,0
298486,0
298487,0
298488,0
298489,0
298490,0
298491,0
298492,0
298493,0
298494,0
298495,0
298496,0
298497,0
298498,0
298499,0
298500,0
298501,0
298502,0
298503,0
298504,0
298505,0
298506,0
298507,0
298508,0
298509,0
298510,0
298511,0
298512,0
298513,0
298514,0
298515,0
298516,0
298517,0
298518,0
298519,0
298520,0
298521,0
298522,0
298523,0
298524,0
298525,0
298526,0
298527,0
298528,0
298529,0
298530,0
298531,0
298532,0
298533,0
298534,0
298535,0
298536,0
298537,0
298538,0
298539,0
298540,0
298541,0
298542,0
298543,0
298544,0
298545,0
298546,0
298547,0
298548,0
298549,0
298550,0
298551,0
298552,0
298553,0
298554,0
298555,0
298556,0
298557,0
298558,0
298559,0
298560,0
298561,0
298562,0
298563,0
298564,0
298565,0
298566,0
298567,0
298568,0
298569,0
298570,0
298571,0
298572,0
298573,0
298574,0
298575,0
298576,0
298577,0
298578,0
298579,0
298580,0
298581,0
298582,0
298583,0
298584,0
298585,0
298586,0
298587,0
298588,0
298589,0
298590,0
298591,0
298592,0
298593,0
298594,0
298595,0
298596,0
298597,0
298598,0
298599,0
298600,0
298601,0
298602,0
298603,0
298604,0
298605,0
298606,0
298607,0
298608,0
298609,0
298610,0
298611,0
298612,0
298613,0
298614,0
298615,0
298616,0
298617,0
298618,0
298619,0
298620,0
298621,0
298622,0
298623,0
298624,0
298625,0
298626,0
298627,0
298628,0
298629,0
298630,0
298631,0
298632,0
298633,0
298634,0
298635,0
298636,0
298637,0
298638,0
298639,0
298640,0
298641,0
298642,0
298643,0
298644,0
298645,0
298646,0
298647,0
298648,0
298649,0
298650,0
298651,0
298652,0
298653,0
298654,0
298655,0
298656,0
298657,0
298658,0
298659,0
298660,0
298661,0
298662,0
298663,0
298664,0
298665,0
298666,0
298667,0
298668,0
298669,0
298670,0
298671,0
298672,0
298673,0
298674,0
298675,0
298676,0
298677,0
298678,0
298679,0
298680,0
298681,0
298682,0
298683,0
298684,0
298685,0
298686,0
298687,0
298688,0
298689,0
298690,0
298691,0
298692,0
298693,0
298694,0
298695,0
298696,0
298697,0
298698,0
298699,0
298700,0
298701,0
298702,0
298703,0
298704,0
298705,0
298706,0
298707,0
298708,0
298709,0
298710,0
298711,0
298712,0
298713,0
298714,0
298715,0
298716,0
298717,0
298718,0
298719,0
298720,0
298721,0
298722,0
298723,0
298724,0
298725,0
298726,0
298727,0
298728,0
298729,0
298730,0
298731,0
298732,0
298733,0
298734,0
298735,0
298736,0
298737,0
298738,0
298739,0
298740,0
298741,0
298742,0
298743,0
298744,0
298745,0
298746,0
298747,0
298748,0
298749,0
298750,0
298751,0
298752,0
298753,0
298754,0
298755,0
298756,0
298757,0
298758,0
298759,0
298760,0
298761,0
298762,0
298763,0
298764,0
298765,0
298766,0
298767,0
298768,0
298769,0
298770,0
298771,0
298772,0
298773,0
298774,0
298775,0
298776,0
298777,0
298778,0
298779,0
298780,0
298781,0
298782,0
298783,0
298784,0
298785,0
298786,0
298787,0
298788,0
298789,0
298790,0
298791,0
298792,0
298793,0
298794,0
298795,0
298796,0
298797,0
298798,0
298799,0
298800,0
298801,0
298802,0
298803,0
298804,0
298805,0
298806,0
298807,0
298808,0
298809,0
298810,0
298811,0
298812,0
298813,0
298814,0
298815,0
298816,0
298817,0
298818,0
298819,0
298820,0
298821,0
298822,0
298823,0
298824,0
298825,0
298826,0
298827,0
298828,0
298829,0
298830,0
298831,0
298832,0
298833,0
298834,0
298835,0
298836,0
298837,0
298838,0
298839,0
298840,0
298841,0
298842,0
298843,0
298844,0
298845,0
298846,0
298847,0
298848,0
298849,0
298850,0
298851,0
298852,0
298853,0
298854,0
298855,0
298856,0
298857,0
298858,0
298859,0
298860,0
298861,0
298862,0
298863,0
298864,0
298865,0
298866,0
298867,0
298868,0
298869,0
298870,0
298871,0
298872,0
298873,0
298874,0
298875,0
298876,0
298877,0
298878,0
298879,0
298880,0
298881,0
298882,0
298883,0
298884,0
298885,0
298886,0
298887,0
298888,0
298889,0
298890,0
298891,0
298892,0
298893,0
298894,0
298895,0
298896,0
298897,0
298898,0
298899,0
298900,0
298901,0
298902,0
298903,0
298904,0
298905,0
298906,0
298907,0
298908,0
298909,0
298910,0
298911,0
298912,0
298913,0
298914,0
298915,0
298916,0
298917,0
298918,0
298919,0
298920,0
298921,0
298922,0
298923,0
298924,0
298925,0
298926,0
298927,0
298928,0
298929,0
298930,0
298931,0
298932,0
298933,0
298934,0
298935,0
298936,0
298937,0
298938,0
298939,0
298940,0
298941,0
298942,0
298943,0
298944,0
298945,0
298946,0
298947,0
298948,0
298949,0
298950,0
298951,0
298952,0
298953,0
298954,0
298955,0
298956,0
298957,0
298958,0
298959,0
298960,0
298961,0
298962,0
298963,0
298964,0
298965,0
298966,0
298967,0
298968,0
298969,0
298970,0
298971,0
298972,0
298973,0
298974,0
298975,0
298976,0
298977,0
298978,0
298979,0
298980,0
298981,0
298982,0
298983,0
298984,0
298985,0
298986,0
298987,0
298988,0
298989,0
298990,0
298991,0
298992,0
298993,0
298994,0
298995,0
298996,0
298997,0
298998,0
298999,0
299000,0
299001,0
299002,0
299003,0
299004,0
299005,0
299006,0
299007,0
299008,0
299009,0
299010,0
299011,0
299012,0
299013,0
299014,0
299015,0
299016,0
299017,0
299018,0
299019,0
299020,0
299021,0
299022,0
299023,0
299024,0
299025,0
299026,0
299027,0
299028,0
299029,0
299030,0
299031,0
299032,0
299033,0
299034,0
299035,0
299036,0
299037,0
299038,0
299039,0
299040,0
299041,0
299042,0
299043,0
299044,0
299045,0
299046,0
299047,0
299048,0
299049,0
299050,0
299051,0
299052,0
299053,0
299054,0
299055,0
299056,0
299057,0
299058,0
299059,0
299060,0
299061,0
299062,0
299063,0
299064,0
299065,0
299066,0
299067,0
299068,0
299069,0
299070,0
299071,0
299072,0
299073,0
299074,0
299075,0
299076,0
299077,0
299078,0
299079,0
299080,0
299081,0
299082,0
299083,0
299084,0
299085,0
299086,0
299087,0
299088,0
299089,0
299090,0
299091,0
299092,0
299093,0
299094,0
299095,0
299096,0
299097,0
299098,0
299099,0
299100,0
299101,0
299102,0
299103,0
299104,0
299105,0
299106,0
299107,0
299108,0
299109,0
299110,0
299111,0
299112,0
299113,0
299114,0
299115,0
299116,0
299117,0
299118,0
299119,0
299120,0
299121,0
299122,0
299123,0
299124,0
299125,0
299126,0
299127,0
299128,0
299129,0
299130,0
299131,0
299132,0
299133,0
299134,0
299135,0
299136,0
299137,0
299138,0
299139,0
299140,0
299141,0
299142,0
299143,0
299144,0
299145,0
299146,0
299147,0
299148,0
299149,0
299150,0
299151,0
299152,0
299153,0
299154,0
299155,0
299156,0
299157,0
299158,0
299159,0
299160,0
299161,0
299162,0
299163,0
299164,0
299165,0
299166,0
299167,0
299168,0
299169,0
299170,0
299171,0
299172,0
299173,0
299174,0
299175,0
299176,0
299177,0
299178,0
299179,0
299180,0
299181,0
299182,0
299183,0
299184,0
299185,0
299186,0
299187,0
299188,0
299189,0
299190,0
299191,0
299192,0
299193,0
299194,0
299195,0
299196,0
299197,0
299198,0
299199,0
299200,0
299201,0
299202,0
299203,0
299204,0
299205,0
299206,0
299207,0
299208,0
299209,0
299210,0
299211,0
299212,0
299213,0
299214,0
299215,0
299216,0
299217,0
299218,0
299219,0
299220,0
299221,0
299222,0
299223,0
299224,0
299225,0
299226,0
299227,0
299228,0
299229,0
299230,0
299231,0
299232,0
299233,0
299234,0
299235,0
299236,0
299237,0
299238,0
299239,0
299240,0
299241,0
299242,0
299243,0
299244,0
299245,0
299246,0
299247,0
299248,0
299249,0
299250,0
299251,0
299252,0
299253,0
299254,0
299255,0
299256,0
299257,0
299258,0
299259,0
299260,0
299261,0
299262,0
299263,0
299264,0
299265,0
299266,0
299267,0
299268,0
299269,0
299270,0
299271,0
299272,0
299273,0
299274,0
299275,0
299276,0
299277,0
299278,0
299279,0
299280,0
299281,0
299282,0
299283,0
299284,0
299285,0
299286,0
299287,0
299288,0
299289,0
299290,0
299291,0
299292,0
299293,0
299294,0
299295,0
299296,0
299297,0
299298,0
299299,0
299300,0
299301,0
299302,0
299303,0
299304,0
299305,0
299306,0
299307,0
299308,0
299309,0
299310,0
299311,0
299312,0
299313,0
299314,0
299315,0
299316,0
299317,0
299318,0
299319,0
299320,0
299321,0
299322,0
299323,0
299324,0
299325,0
299326,0
299327,0
299328,0
299329,0
299330,0
299331,0
299332,0
299333,0
299334,0
299335,0
299336,0
299337,0
299338,0
299339,0
299340,0
299341,0
299342,0
299343,0
299344,0
299345,0
299346,0
299347,0
299348,0
299349,0
299350,0
299351,0
299352,0
299353,0
299354,0
299355,0
299356,0
299357,0
299358,0
299359,0
299360,0
299361,0
299362,0
299363,0
299364,0
299365,0
299366,0
299367,0
299368,0
299369,0
299370,0
299371,0
299372,0
299373,0
299374,0
299375,0
299376,0
299377,0
299378,0
299379,0
299380,0
299381,0
299382,0
299383,0
299384,0
299385,0
299386,0
299387,0
299388,0
299389,0
299390,0
299391,0
299392,0
299393,0
299394,0
299395,0
299396,0
299397,0
299398,0
299399,0
299400,0
299401,0
299402,0
299403,0
299404,0
299405,0
299406,0
299407,0
299408,0
299409,0
299410,0
299411,0
299412,0
299413,0
299414,0
299415,0
299416,0
299417,0
299418,0
299419,0
299420,0
299421,0
299422,0
299423,0
299424,0
299425,0
299426,0
299427,0
299428,0
299429,0
299430,0
299431,0
299432,0
299433,0
299434,0
299435,0
299436,0
299437,0
299438,0
299439,0
299440,0
299441,0
299442,0
299443,0
299444,0
299445,0
299446,0
299447,0
299448,0
299449,0
299450,0
299451,0
299452,0
299453,0
299454,0
299455,0
299456,0
299457,0
299458,0
299459,0
299460,0
299461,0
299462,0
299463,0
299464,0
299465,0
299466,0
299467,0
299468,0
299469,0
299470,0
299471,0
299472,0
299473,0
299474,0
299475,0
299476,0
299477,0
299478,0
299479,0
299480,0
299481,0
299482,0
299483,0
299484,0
299485,0
299486,0
299487,0
299488,0
299489,0
299490,0
299491,0
299492,0
299493,0
299494,0
299495,0
299496,0
299497,0
299498,0
299499,0
299500,0
299501,0
299502,0
299503,0
299504,0
299505,0
299506,0
299507,0
299508,0
299509,0
299510,0
299511,0
299512,0
299513,0
299514,0
299515,0
299516,0
299517,0
299518,0
299519,0
299520,0
299521,0
299522,0
299523,0
299524,0
299525,0
299526,0
299527,0
299528,0
299529,0
299530,0
299531,0
299532,0
299533,0
299534,0
299535,0
299536,0
299537,0
299538,0
299539,0
299540,0
299541,0
299542,0
299543,0
299544,0
299545,0
299546,0
299547,0
299548,0
299549,0
299550,0
299551,0
299552,0
299553,0
299554,0
299555,0
299556,0
299557,0
299558,0
299559,0
299560,0
299561,0
299562,0
299563,0
299564,0
299565,0
299566,0
299567,0
299568,0
299569,0
299570,0
299571,0
299572,0
299573,0
299574,0
299575,0
299576,0
299577,0
299578,0
299579,0
299580,0
299581,0
299582,0
299583,0
299584,0
299585,0
299586,0
299587,0
299588,0
299589,0
299590,0
299591,0
299592,0
299593,0
299594,0
299595,0
299596,0
299597,0
299598,0
299599,0
299600,0
299601,0
299602,0
299603,0
299604,0
299605,0
299606,0
299607,0
299608,0
299609,0
299610,0
299611,0
299612,0
299613,0
299614,0
299615,0
299616,0
299617,0
299618,0
299619,0
299620,0
299621,0
299622,0
299623,0
299624,0
299625,0
299626,0
299627,0
299628,0
299629,0
299630,0
299631,0
299632,0
299633,0
299634,0
299635,0
299636,0
299637,0
299638,0
299639,0
299640,0
299641,0
299642,0
299643,0
299644,0
299645,0
299646,0
299647,0
299648,0
299649,0
299650,0
299651,0
299652,0
299653,0
299654,0
299655,0
299656,0
299657,0
299658,0
299659,0
299660,0
299661,0
299662,0
299663,0
299664,0
299665,0
299666,0
299667,0
299668,0
299669,0
299670,0
299671,0
299672,0
299673,0
299674,0
299675,0
299676,0
299677,0
299678,0
299679,0
299680,0
299681,0
299682,0
299683,0
299684,0
299685,0
299686,0
299687,0
299688,0
299689,0
299690,0
299691,0
299692,0
299693,0
299694,0
299695,0
299696,0
299697,0
299698,0
299699,0
299700,0
299701,0
299702,0
299703,0
299704,0
299705,0
299706,0
299707,0
299708,0
299709,0
299710,0
299711,0
299712,0
299713,0
299714,0
299715,0
299716,0
299717,0
299718,0
299719,0
299720,0
299721,0
299722,0
299723,0
299724,0
299725,0
299726,0
299727,0
299728,0
299729,0
299730,0
299731,0
299732,0
299733,0
299734,0
299735,0
299736,0
299737,0
299738,0
299739,0
299740,0
299741,0
299742,0
299743,0
299744,0
299745,0
299746,0
299747,0
299748,0
299749,0
299750,0
299751,0
299752,0
299753,0
299754,0
299755,0
299756,0
299757,0
299758,0
299759,0
299760,0
299761,0
299762,0
299763,0
299764,0
299765,0
299766,0
299767,0
299768,0
299769,0
299770,0
299771,0
299772,0
299773,0
299774,0
299775,0
299776,0
299777,0
299778,0
299779,0
299780,0
299781,0
299782,0
299783,0
299784,0
299785,0
299786,0
299787,0
299788,0
299789,0
299790,0
299791,0
299792,0
299793,0
299794,0
299795,0
299796,0
299797,0
299798,0
299799,0
299800,0
299801,0
299802,0
299803,0
299804,0
299805,0
299806,0
299807,0
299808,0
299809,0
299810,0
299811,0
299812,0
299813,0
299814,0
299815,0
299816,0
299817,0
299818,0
299819,0
299820,0
299821,0
299822,0
299823,0
299824,0
299825,0
299826,0
299827,0
299828,0
299829,0
299830,0
299831,0
299832,0
299833,0
299834,0
299835,0
299836,0
299837,0
299838,0
299839,0
299840,0
299841,0
299842,0
299843,0
299844,0
299845,0
299846,0
299847,0
299848,0
299849,0
299850,0
299851,0
299852,0
299853,0
299854,0
299855,0
299856,0
299857,0
299858,0
299859,0
299860,0
299861,0
299862,0
299863,0
299864,0
299865,0
299866,0
299867,0
299868,0
299869,0
299870,0
299871,0
299872,0
299873,0
299874,0
299875,0
299876,0
299877,0
299878,0
299879,0
299880,0
299881,0
299882,0
299883,0
299884,0
299885,0
299886,0
299887,0
299888,0
299889,0
299890,0
299891,0
299892,0
299893,0
299894,0
299895,0
299896,0
299897,0
299898,0
299899,0
299900,0
299901,0
299902,0
299903,0
299904,0
299905,0
299906,0
299907,0
299908,0
299909,0
299910,0
299911,0
299912,0
299913,0
299914,0
299915,0
299916,0
299917,0
299918,0
299919,0
299920,0
299921,0
299922,0
299923,0
299924,0
299925,0
299926,0
299927,0
299928,0
299929,0
299930,0
299931,0
299932,0
299933,0
299934,0
299935,0
299936,0
299937,0
299938,0
299939,0
299940,0
299941,0
299942,0
299943,0
299944,0
299945,0
299946,0
299947,0
299948,0
299949,0
299950,0
299951,0
299952,0
299953,0
299954,0
299955,0
299956,0
299957,0
299958,0
299959,0
299960,0
299961,0
299962,0
299963,0
299964,0
299965,0
299966,0
299967,0
299968,0
299969,0
299970,0
299971,0
299972,0
299973,0
299974,0
299975,0
299976,0
299977,0
299978,0
299979,0
299980,0
299981,0
299982,0
299983,0
299984,0
299985,0
299986,0
299987,0
299988,0
299989,0
299990,0
299991,0
299992,0
299993,0
299994,0
299995,0
299996,0
299997,0
299998,0
299999,0
300000,0
300001,0
300002,0
300003,0
300004,0
300005,0
300006,0
300007,0
300008,0
300009,0
300010,0
300011,0
300012,0
300013,0
300014,0
300015,0
300016,0
300017,0
300018,0
300019,0
300020,0
300021,0
300022,0
300023,0
300024,0
300025,0
300026,0
300027,0
300028,0
300029,0
300030,0
300031,0
300032,0
300033,0
300034,0
300035,0
300036,0
300037,0
300038,0
300039,0
300040,0
300041,0
300042,0
300043,0
300044,0
300045,0
300046,0
300047,0
300048,0
300049,0
300050,0
300051,0
300052,0
300053,0
300054,0
300055,0
300056,0
300057,0
300058,0
300059,0
300060,0
300061,0
300062,0
300063,0
300064,0
300065,0
300066,0
300067,0
300068,0
300069,0
300070,0
300071,0
300072,0
300073,0
300074,0
300075,0
300076,0
300077,0
300078,0
300079,0
300080,0
300081,0
300082,0
300083,0
300084,0
300085,0
300086,0
300087,0
300088,0
300089,0
300090,0
300091,0
300092,0
300093,0
300094,0
300095,0
300096,0
300097,0
300098,0
300099,0
300100,0
300101,0
300102,0
300103,0
300104,0
300105,0
300106,0
300107,0
300108,0
300109,0
300110,0
300111,0
300112,0
300113,0
300114,0
300115,0
300116,0
300117,0
300118,0
300119,0
300120,0
300121,0
300122,0
300123,0
300124,0
300125,0
300126,0
300127,0
300128,0
300129,0
300130,0
300131,0
300132,0
300133,0
300134,0
300135,0
300136,0
300137,0
300138,0
300139,0
300140,0
300141,0
300142,0
300143,0
300144,0
300145,0
300146,0
300147,0
300148,0
300149,0
300150,0
300151,0
300152,0
300153,0
300154,0
300155,0
300156,0
300157,0
300158,0
300159,0
300160,0
300161,0
300162,0
300163,0
300164,0
300165,0
300166,0
300167,0
300168,0
300169,0
300170,0
300171,0
300172,0
300173,0
300174,0
300175,0
300176,0
300177,0
300178,0
300179,0
300180,0
300181,0
300182,0
300183,0
300184,0
300185,0
300186,0
300187,0
300188,0
300189,0
300190,0
300191,0
300192,0
300193,0
300194,0
300195,0
300196,0
300197,0
300198,0
300199,0
300200,0
300201,0
300202,0
300203,0
300204,0
300205,0
300206,0
300207,0
300208,0
300209,0
300210,0
300211,0
300212,0
300213,0
300214,0
300215,0
300216,0
300217,0
300218,0
300219,0
300220,0
300221,0
300222,0
300223,0
300224,0
300225,0
300226,0
300227,0
300228,0
300229,0
300230,0
300231,0
300232,0
300233,0
300234,0
300235,0
300236,0
300237,0
300238,0
300239,0
300240,0
300241,0
300242,0
300243,0
300244,0
300245,0
300246,0
300247,0
300248,0
300249,0
300250,0
300251,0
300252,0
300253,0
300254,0
300255,0
300256,0
300257,0
300258,0
300259,0
300260,0
300261,0
300262,0
300263,0
300264,0
300265,0
300266,0
300267,0
300268,0
300269,0
300270,0
300271,0
300272,0
300273,0
300274,0
300275,0
300276,0
300277,0
300278,0
300279,0
300280,0
300281,0
300282,0
300283,0
300284,0
300285,0
300286,0
300287,0
300288,0
300289,0
300290,0
300291,0
300292,0
300293,0
300294,0
300295,0
300296,0
300297,0
300298,0
300299,0
300300,0
300301,0
300302,0
300303,0
300304,0
300305,0
300306,0
300307,0
300308,0
300309,0
300310,0
300311,0
300312,0
300313,0
300314,0
300315,0
300316,0
300317,0
300318,0
300319,0
300320,0
300321,0
300322,0
300323,0
300324,0
300325,0
300326,0
300327,0
300328,0
300329,0
300330,0
300331,0
300332,0
300333,0
300334,0
300335,0
300336,0
300337,0
300338,0
300339,0
300340,0
300341,0
300342,0
300343,0
300344,0
300345,0
300346,0
300347,0
300348,0
300349,0
300350,0
300351,0
300352,0
300353,0
300354,0
300355,0
300356,0
300357,0
300358,0
300359,0
300360,0
300361,0
300362,0
300363,0
300364,0
300365,0
300366,0
300367,0
300368,0
300369,0
300370,0
300371,0
300372,0
300373,0
300374,0
300375,0
300376,0
300377,0
300378,0
300379,0
300380,0
300381,0
300382,0
300383,0
300384,0
300385,0
300386,0
300387,0
300388,0
300389,0
300390,0
300391,0
300392,0
300393,0
300394,0
300395,0
300396,0
300397,0
300398,0
300399,0
300400,0
300401,0
300402,0
300403,0
300404,0
300405,0
300406,0
300407,0
300408,0
300409,0
300410,0
300411,0
300412,0
300413,0
300414,0
300415,0
300416,0
300417,0
300418,0
300419,0
300420,0
300421,0
300422,0
300423,0
300424,0
300425,0
300426,0
300427,0
300428,0
300429,0
300430,0
300431,0
300432,0
300433,0
300434,0
300435,0
300436,0
300437,0
300438,0
300439,0
300440,0
300441,0
300442,0
300443,0
300444,0
300445,0
300446,0
300447,0
300448,0
300449,0
300450,0
300451,0
300452,0
300453,0
300454,0
300455,0
300456,0
300457,0
300458,0
300459,0
300460,0
300461,0
300462,0
300463,0
300464,0
300465,0
300466,0
300467,0
300468,0
300469,0
300470,0
300471,0
300472,0
300473,0
300474,0
300475,0
300476,0
300477,0
300478,0
300479,0
300480,0
300481,0
300482,0
300483,0
300484,0
300485,0
300486,0
300487,0
300488,0
300489,0
300490,0
300491,0
300492,0
300493,0
300494,0
300495,0
300496,0
300497,0
300498,0
300499,0
300500,0
300501,0
300502,0
300503,0
300504,0
300505,0
300506,0
300507,0
300508,0
300509,0
300510,0
300511,0
300512,0
300513,0
300514,0
300515,0
300516,0
300517,0
300518,0
300519,0
300520,0
300521,0
300522,0
300523,0
300524,0
300525,0
300526,0
300527,0
300528,0
300529,0
300530,0
300531,0
300532,0
300533,0
300534,0
300535,0
300536,0
300537,0
300538,0
300539,0
300540,0
300541,0
300542,0
300543,0
300544,0
300545,0
300546,0
300547,0
300548,0
300549,0
300550,0
300551,0
300552,0
300553,0
300554,0
300555,0
300556,0
300557,0
300558,0
300559,0
300560,0
300561,0
300562,0
300563,0
300564,0
300565,0
300566,0
300567,0
300568,0
300569,0
300570,0
300571,0
300572,0
300573,0
300574,0
300575,0
300576,0
300577,0
300578,0
300579,0
300580,0
300581,0
300582,0
300583,0
300584,0
300585,0
300586,0
300587,0
300588,0
300589,0
300590,0
300591,0
300592,0
300593,0
300594,0
300595,0
300596,0
300597,0
300598,0
300599,0
300600,0
300601,0
300602,0
300603,0
300604,0
300605,0
300606,0
300607,0
300608,0
300609,0
300610,0
300611,0
300612,0
300613,0
300614,0
300615,0
300616,0
300617,0
300618,0
300619,0
300620,0
300621,0
300622,0
300623,0
300624,0
300625,0
300626,0
300627,0
300628,0
300629,0
300630,0
300631,0
300632,0
300633,0
300634,0
300635,0
300636,0
300637,0
300638,0
300639,0
300640,0
300641,0
300642,0
300643,0
300644,0
300645,0
300646,0
300647,0
300648,0
300649,0
300650,0
300651,0
300652,0
300653,0
300654,0
300655,0
300656,0
300657,0
300658,0
300659,0
300660,0
300661,0
300662,0
300663,0
300664,0
300665,0
300666,0
300667,0
300668,0
300669,0
300670,0
300671,0
300672,0
300673,0
300674,0
300675,0
300676,0
300677,0
300678,0
300679,0
300680,0
300681,0
300682,0
300683,0
300684,0
300685,0
300686,0
300687,0
300688,0
300689,0
300690,0
300691,0
300692,0
300693,0
300694,0
300695,0
300696,0
300697,0
300698,0
300699,0
300700,0
300701,0
300702,0
300703,0
300704,0
300705,0
300706,0
300707,0
300708,0
300709,0
300710,0
300711,0
300712,0
300713,0
300714,0
300715,0
300716,0
300717,0
300718,0
300719,0
300720,0
300721,0
300722,0
300723,0
300724,0
300725,0
300726,0
300727,0
300728,0
300729,0
300730,0
300731,0
300732,0
300733,0
300734,0
300735,0
300736,0
300737,0
300738,0
300739,0
300740,0
300741,0
300742,0
300743,0
300744,0
300745,0
300746,0
300747,0
300748,0
300749,0
300750,0
300751,0
300752,0
300753,0
300754,0
300755,0
300756,0
300757,0
300758,0
300759,0
300760,0
300761,0
300762,0
300763,0
300764,0
300765,0
300766,0
300767,0
300768,0
300769,0
300770,0
300771,0
300772,0
300773,0
300774,0
300775,0
300776,0
300777,0
300778,0
300779,0
300780,0
300781,0
300782,0
300783,0
300784,0
300785,0
300786,0
300787,0
300788,0
300789,0
300790,0
300791,0
300792,0
300793,0
300794,0
300795,0
300796,0
300797,0
300798,0
300799,0
300800,0
300801,0
300802,0
300803,0
300804,0
300805,0
300806,0
300807,0
300808,0
300809,0
300810,0
300811,0
300812,0
300813,0
300814,0
300815,0
300816,0
300817,0
300818,0
300819,0
300820,0
300821,0
300822,0
300823,0
300824,0
300825,0
300826,0
300827,0
300828,0
300829,0
300830,0
300831,0
300832,0
300833,0
300834,0
300835,0
300836,0
300837,0
300838,0
300839,0
300840,0
300841,0
300842,0
300843,0
300844,0
300845,0
300846,0
300847,0
300848,0
300849,0
300850,0
300851,0
300852,0
300853,0
300854,0
300855,0
300856,0
300857,0
300858,0
300859,0
300860,0
300861,0
300862,0
300863,0
300864,0
300865,0
300866,0
300867,0
300868,0
300869,0
300870,0
300871,0
300872,0
300873,0
300874,0
300875,0
300876,0
300877,0
300878,0
300879,0
300880,0
300881,0
300882,0
300883,0
300884,0
300885,0
300886,0
300887,0
300888,0
300889,0
300890,0
300891,0
300892,0
300893,0
300894,0
300895,0
300896,0
300897,0
300898,0
300899,0
300900,0
300901,0
300902,0
300903,0
300904,0
300905,0
300906,0
300907,0
300908,0
300909,0
300910,0
300911,0
300912,0
300913,0
300914,0
300915,0
300916,0
300917,0
300918,0
300919,0
300920,0
300921,0
300922,0
300923,0
300924,0
300925,0
300926,0
300927,0
300928,0
300929,0
300930,0
300931,0
300932,0
300933,0
300934,0
300935,0
300936,0
300937,0
300938,0
300939,0
300940,0
300941,0
300942,0
300943,0
300944,0
300945,0
300946,0
300947,0
300948,0
300949,0
300950,0
300951,0
300952,0
300953,0
300954,0
300955,0
300956,0
300957,0
300958,0
300959,0
300960,0
300961,0
300962,0
300963,0
300964,0
300965,0
300966,0
300967,0
300968,0
300969,0
300970,0
300971,0
300972,0
300973,0
300974,0
300975,0
300976,0
300977,0
300978,0
300979,0
300980,0
300981,0
300982,0
300983,0
300984,0
300985,0
300986,0
300987,0
300988,0
300989,0
300990,0
300991,0
300992,0
300993,0
300994,0
300995,0
300996,0
300997,0
300998,0
300999,0
301000,0
301001,0
301002,0
301003,0
301004,0
301005,0
301006,0
301007,0
301008,0
301009,0
301010,0
301011,0
301012,0
301013,0
301014,0
301015,0
301016,0
301017,0
301018,0
301019,0
301020,0
301021,0
301022,0
301023,0
301024,0
301025,0
301026,0
301027,0
301028,0
301029,0
301030,0
301031,0
301032,0
301033,0
301034,0
301035,0
301036,0
301037,0
301038,0
301039,0
301040,0
301041,0
301042,0
301043,0
301044,0
301045,0
301046,0
301047,0
301048,0
301049,0
301050,0
301051,0
301052,0
301053,0
301054,0
301055,0
301056,0
301057,0
301058,0
301059,0
301060,0
301061,0
301062,0
301063,0
301064,0
301065,0
301066,0
301067,0
301068,0
301069,0
301070,0
301071,0
301072,0
301073,0
301074,0
301075,0
301076,0
301077,0
301078,0
301079,0
301080,0
301081,0
301082,0
301083,0
301084,0
301085,0
301086,0
301087,0
301088,0
301089,0
301090,0
301091,0
301092,0
301093,0
301094,0
301095,0
301096,0
301097,0
301098,0
301099,0
301100,0
301101,0
301102,0
301103,0
301104,0
301105,0
301106,0
301107,0
301108,0
301109,0
301110,0
301111,0
301112,0
301113,0
301114,0
301115,0
301116,0
301117,0
301118,0
301119,0
301120,0
301121,0
301122,0
301123,0
301124,0
301125,0
301126,0
301127,0
301128,0
301129,0
301130,0
301131,0
301132,0
301133,0
301134,0
301135,0
301136,0
301137,0
301138,0
301139,0
301140,0
301141,0
301142,0
301143,0
301144,0
301145,0
301146,0
301147,0
301148,0
301149,0
301150,0
301151,0
301152,0
301153,0
301154,0
301155,0
301156,0
301157,0
301158,0
301159,0
301160,0
301161,0
301162,0
301163,0
301164,0
301165,0
301166,0
301167,0
301168,0
301169,0
301170,0
301171,0
301172,0
301173,0
301174,0
301175,0
301176,0
301177,0
301178,0
301179,0
301180,0
301181,0
301182,0
301183,0
301184,0
301185,0
301186,0
301187,0
301188,0
301189,0
301190,0
301191,0
301192,0
301193,0
301194,0
301195,0
301196,0
301197,0
301198,0
301199,0
301200,0
301201,0
301202,0
301203,0
301204,0
301205,0
301206,0
301207,0
301208,0
301209,0
301210,0
301211,0
301212,0
301213,0
301214,0
301215,0
301216,0
301217,0
301218,0
301219,0
301220,0
301221,0
301222,0
301223,0
301224,0
301225,0
301226,0
301227,0
301228,0
301229,0
301230,0
301231,0
301232,0
301233,0
301234,0
301235,0
301236,0
301237,0
301238,0
301239,0
301240,0
301241,0
301242,0
301243,0
301244,0
301245,0
301246,0
301247,0
301248,0
301249,0
301250,0
301251,0
301252,0
301253,0
301254,0
301255,0
301256,0
301257,0
301258,0
301259,0
301260,0
301261,0
301262,0
301263,0
301264,0
301265,0
301266,0
301267,0
301268,0
301269,0
301270,0
301271,0
301272,0
301273,0
301274,0
301275,0
301276,0
301277,0
301278,0
301279,0
301280,0
301281,0
301282,0
301283,0
301284,0
301285,0
301286,0
301287,0
301288,0
301289,0
301290,0
301291,0
301292,0
301293,0
301294,0
301295,0
301296,0
301297,0
301298,0
301299,0
301300,0
301301,0
301302,0
301303,0
301304,0
301305,0
301306,0
301307,0
301308,0
301309,0
301310,0
301311,0
301312,0
301313,0
301314,0
301315,0
301316,0
301317,0
301318,0
301319,0
301320,0
301321,0
301322,0
301323,0
301324,0
301325,0
301326,0
301327,0
301328,0
301329,0
301330,0
301331,0
301332,0
301333,0
301334,0
301335,0
301336,0
301337,0
301338,0
301339,0
301340,0
301341,0
301342,0
301343,0
301344,0
301345,0
301346,0
301347,0
301348,0
301349,0
301350,0
301351,0
301352,0
301353,0
301354,0
301355,0
301356,0
301357,0
301358,0
301359,0
301360,0
301361,0
301362,0
301363,0
301364,0
301365,0
301366,0
301367,0
301368,0
301369,0
301370,0
301371,0
301372,0
301373,0
301374,0
301375,0
301376,0
301377,0
301378,0
301379,0
301380,0
301381,0
301382,0
301383,0
301384,0
301385,0
301386,0
301387,0
301388,0
301389,0
301390,0
301391,0
301392,0
301393,0
301394,0
301395,0
301396,0
301397,0
301398,0
301399,0
301400,0
301401,0
301402,0
301403,0
301404,0
301405,0
301406,0
301407,0
301408,0
301409,0
301410,0
301411,0
301412,0
301413,0
301414,0
301415,0
301416,0
301417,0
301418,0
301419,0
301420,0
301421,0
301422,0
301423,0
301424,0
301425,0
301426,0
301427,0
301428,0
301429,0
301430,0
301431,0
301432,0
301433,0
301434,0
301435,0
301436,0
301437,0
301438,0
301439,0
301440,0
301441,0
301442,0
301443,0
301444,0
301445,0
301446,0
301447,0
301448,0
301449,0
301450,0
301451,0
301452,0
301453,0
301454,0
301455,0
301456,0
301457,0
301458,0
301459,0
301460,0
301461,0
301462,0
301463,0
301464,0
301465,0
301466,0
301467,0
301468,0
301469,0
301470,0
301471,0
301472,0
301473,0
301474,0
301475,0
301476,0
301477,0
301478,0
301479,0
301480,0
301481,0
301482,0
301483,0
301484,0
301485,0
301486,0
301487,0
301488,0
301489,0
301490,0
301491,0
301492,0
301493,0
301494,0
301495,0
301496,0
301497,0
301498,0
301499,0
301500,0
301501,0
301502,0
301503,0
301504,0
301505,0
301506,0
301507,0
301508,0
301509,0
301510,0
301511,0
301512,0
301513,0
301514,0
301515,0
301516,0
301517,0
301518,0
301519,0
301520,0
301521,0
301522,0
301523,0
301524,0
301525,0
301526,0
301527,0
301528,0
301529,0
301530,0
301531,0
301532,0
301533,0
301534,0
301535,0
301536,0
301537,0
301538,0
301539,0
301540,0
301541,0
301542,0
301543,0
301544,0
301545,0
301546,0
301547,0
301548,0
301549,0
301550,0
301551,0
301552,0
301553,0
301554,0
301555,0
301556,0
301557,0
301558,0
301559,0
301560,0
301561,0
301562,0
301563,0
301564,0
301565,0
301566,0
301567,0
301568,0
301569,0
301570,0
301571,0
301572,0
301573,0
301574,0
301575,0
301576,0
301577,0
301578,0
301579,0
301580,0
301581,0
301582,0
301583,0
301584,0
301585,0
301586,0
301587,0
301588,0
301589,0
301590,0
301591,0
301592,0
301593,0
301594,0
301595,0
301596,0
301597,0
301598,0
301599,0
301600,0
301601,0
301602,0
301603,0
301604,0
301605,0
301606,0
301607,0
301608,0
301609,0
301610,0
301611,0
301612,0
301613,0
301614,0
301615,0
301616,0
301617,0
301618,0
301619,0
301620,0
301621,0
301622,0
301623,0
301624,0
301625,0
301626,0
301627,0
301628,0
301629,0
301630,0
301631,0
301632,0
301633,0
301634,0
301635,0
301636,0
301637,0
301638,0
301639,0
301640,0
301641,0
301642,0
301643,0
301644,0
301645,0
301646,0
301647,0
301648,0
301649,0
301650,0
301651,0
301652,0
301653,0
301654,0
301655,0
301656,0
301657,0
301658,0
301659,0
301660,0
301661,0
301662,0
301663,0
301664,0
301665,0
301666,0
301667,0
301668,0
301669,0
301670,0
301671,0
301672,0
301673,0
301674,0
301675,0
301676,0
301677,0
301678,0
301679,0
301680,0
301681,0
301682,0
301683,0
301684,0
301685,0
301686,0
301687,0
301688,0
301689,0
301690,0
301691,0
301692,0
301693,0
301694,0
301695,0
301696,0
301697,0
301698,0
301699,0
301700,0
301701,0
301702,0
301703,0
301704,0
301705,0
301706,0
301707,0
301708,0
301709,0
301710,0
301711,0
301712,0
301713,0
301714,0
301715,0
301716,0
301717,0
301718,0
301719,0
301720,0
301721,0
301722,0
301723,0
301724,0
301725,0
301726,0
301727,0
301728,0
301729,0
301730,0
301731,0
301732,0
301733,0
301734,0
301735,0
301736,0
301737,0
301738,0
301739,0
301740,0
301741,0
301742,0
301743,0
301744,0
301745,0
301746,0
301747,0
301748,0
301749,0
301750,0
301751,0
301752,0
301753,0
301754,0
301755,0
301756,0
301757,0
301758,0
301759,0
301760,0
301761,0
301762,0
301763,0
301764,0
301765,0
301766,0
301767,0
301768,0
301769,0
301770,0
301771,0
301772,0
301773,0
301774,0
301775,0
301776,0
301777,0
301778,0
301779,0
301780,0
301781,0
301782,0
301783,0
301784,0
301785,0
301786,0
301787,0
301788,0
301789,0
301790,0
301791,0
301792,0
301793,0
301794,0
301795,0
301796,0
301797,0
301798,0
301799,0
301800,0
301801,0
301802,0
301803,0
301804,0
301805,0
301806,0
301807,0
301808,0
301809,0
301810,0
301811,0
301812,0
301813,0
301814,0
301815,0
301816,0
301817,0
301818,0
301819,0
301820,0
301821,0
301822,0
301823,0
301824,0
301825,0
301826,0
301827,0
301828,0
301829,0
301830,0
301831,0
301832,0
301833,0
301834,0
301835,0
301836,0
301837,0
301838,0
301839,0
301840,0
301841,0
301842,0
301843,0
301844,0
301845,0
301846,0
301847,0
301848,0
301849,0
301850,0
301851,0
301852,0
301853,0
301854,0
301855,0
301856,0
301857,0
301858,0
301859,0
301860,0
301861,0
301862,0
301863,0
301864,0
301865,0
301866,0
301867,0
301868,0
301869,0
301870,0
301871,0
301872,0
301873,0
301874,0
301875,0
301876,0
301877,0
301878,0
301879,0
301880,0
301881,0
301882,0
301883,0
301884,0
301885,0
301886,0
301887,0
301888,0
301889,0
301890,0
301891,0
301892,0
301893,0
301894,0
301895,0
301896,0
301897,0
301898,0
301899,0
301900,0
301901,0
301902,0
301903,0
301904,0
301905,0
301906,0
301907,0
301908,0
301909,0
301910,0
301911,0
301912,0
301913,0
301914,0
301915,0
301916,0
301917,0
301918,0
301919,0
301920,0
301921,0
301922,0
301923,0
301924,0
301925,0
301926,0
301927,0
301928,0
301929,0
301930,0
301931,0
301932,0
301933,0
301934,0
301935,0
301936,0
301937,0
301938,0
301939,0
301940,0
301941,0
301942,0
301943,0
301944,0
301945,0
301946,0
301947,0
301948,0
301949,0
301950,0
301951,0
301952,0
301953,0
301954,0
301955,0
301956,0
301957,0
301958,0
301959,0
301960,0
301961,0
301962,0
301963,0
301964,0
301965,0
301966,0
301967,0
301968,0
301969,0
301970,0
301971,0
301972,0
301973,0
301974,0
301975,0
301976,0
301977,0
301978,0
301979,0
301980,0
301981,0
301982,0
301983,0
301984,0
301985,0
301986,0
301987,0
301988,0
301989,0
301990,0
301991,0
301992,0
301993,0
301994,0
301995,0
301996,0
301997,0
301998,0
301999,0
302000,0
302001,0
302002,0
302003,0
302004,0
302005,0
302006,0
302007,0
302008,0
302009,0
302010,0
302011,0
302012,0
302013,0
302014,0
302015,0
302016,0
302017,0
302018,0
302019,0
302020,0
302021,0
302022,0
302023,0
302024,0
302025,0
302026,0
302027,0
302028,0
302029,0
302030,0
302031,0
302032,0
302033,0
302034,0
302035,0
302036,0
302037,0
302038,0
302039,0
302040,0
302041,0
302042,0
302043,0
302044,0
302045,0
302046,0
302047,0
302048,0
302049,0
302050,0
302051,0
302052,0
302053,0
302054,0
302055,0
302056,0
302057,0
302058,0
302059,0
302060,0
302061,0
302062,0
302063,0
302064,0
302065,0
302066,0
302067,0
302068,0
302069,0
302070,0
302071,0
302072,0
302073,0
302074,0
302075,0
302076,0
302077,0
302078,0
302079,0
302080,0
302081,0
302082,0
302083,0
302084,0
302085,0
302086,0
302087,0
302088,0
302089,0
302090,0
302091,0
302092,0
302093,0
302094,0
302095,0
302096,0
302097,0
302098,0
302099,0
302100,0
302101,0
302102,0
302103,0
302104,0
302105,0
302106,0
302107,0
302108,0
302109,0
302110,0
302111,0
302112,0
302113,0
302114,0
302115,0
302116,0
302117,0
302118,0
302119,0
302120,0
302121,0
302122,0
302123,0
302124,0
302125,0
302126,0
302127,0
302128,0
302129,0
302130,0
302131,0
302132,0
302133,0
302134,0
302135,0
302136,0
302137,0
302138,0
302139,0
302140,0
302141,0
302142,0
302143,0
302144,0
302145,0
302146,0
302147,0
302148,0
302149,0
302150,0
302151,0
302152,0
302153,0
302154,0
302155,0
302156,0
302157,0
302158,0
302159,0
302160,0
302161,0
302162,0
302163,0
302164,0
302165,0
302166,0
302167,0
302168,0
302169,0
302170,0
302171,0
302172,0
302173,0
302174,0
302175,0
302176,0
302177,0
302178,0
302179,0
302180,0
302181,0
302182,0
302183,0
302184,0
302185,0
302186,0
302187,0
302188,0
302189,0
302190,0
302191,0
302192,0
302193,0
302194,0
302195,0
302196,0
302197,0
302198,0
302199,0
302200,0
302201,0
302202,0
302203,0
302204,0
302205,0
302206,0
302207,0
302208,0
302209,0
302210,0
302211,0
302212,0
302213,0
302214,0
302215,0
302216,0
302217,0
302218,0
302219,0
302220,0
302221,0
302222,0
302223,0
302224,0
302225,0
302226,0
302227,0
302228,0
302229,0
302230,0
302231,0
302232,0
302233,0
302234,0
302235,0
302236,0
302237,0
302238,0
302239,0
302240,0
302241,0
302242,0
302243,0
302244,0
302245,0
302246,0
302247,0
302248,0
302249,0
302250,0
302251,0
302252,0
302253,0
302254,0
302255,0
302256,0
302257,0
302258,0
302259,0
302260,0
302261,0
302262,0
302263,0
302264,0
302265,0
302266,0
302267,0
302268,0
302269,0
302270,0
302271,0
302272,0
302273,0
302274,0
302275,0
302276,0
302277,0
302278,0
302279,0
302280,0
302281,0
302282,0
302283,0
302284,0
302285,0
302286,0
302287,0
302288,0
302289,0
302290,0
302291,0
302292,0
302293,0
302294,0
302295,0
302296,0
302297,0
302298,0
302299,0
302300,0
302301,0
302302,0
302303,0
302304,0
302305,0
302306,0
302307,0
302308,0
302309,0
302310,0
302311,0
302312,0
302313,0
302314,0
302315,0
302316,0
302317,0
302318,0
302319,0
302320,0
302321,0
302322,0
302323,0
302324,0
302325,0
302326,0
302327,0
302328,0
302329,0
302330,0
302331,0
302332,0
302333,0
302334,0
302335,0
302336,0
302337,0
302338,0
302339,0
302340,0
302341,0
302342,0
302343,0
302344,0
302345,0
302346,0
302347,0
302348,0
302349,0
302350,0
302351,0
302352,0
302353,0
302354,0
302355,0
302356,0
302357,0
302358,0
302359,0
302360,0
302361,0
302362,0
302363,0
302364,0
302365,0
302366,0
302367,0
302368,0
302369,0
302370,0
302371,0
302372,0
302373,0
302374,0
302375,0
302376,0
302377,0
302378,0
302379,0
302380,0
302381,0
302382,0
302383,0
302384,0
302385,0
302386,0
302387,0
302388,0
302389,0
302390,0
302391,0
302392,0
302393,0
302394,0
302395,0
302396,0
302397,0
302398,0
302399,0
302400,0
302401,0
302402,0
302403,0
302404,0
302405,0
302406,0
302407,0
302408,0
302409,0
302410,0
302411,0
302412,0
302413,0
302414,0
302415,0
302416,0
302417,0
302418,0
302419,0
302420,0
302421,0
302422,0
302423,0
302424,0
302425,0
302426,0
302427,0
302428,0
302429,0
302430,0
302431,0
302432,0
302433,0
302434,0
302435,0
302436,0
302437,0
302438,0
302439,0
302440,0
302441,0
302442,0
302443,0
302444,0
302445,0
302446,0
302447,0
302448,0
302449,0
302450,0
302451,0
302452,0
302453,0
302454,0
302455,0
302456,0
302457,0
302458,0
302459,0
302460,0
302461,0
302462,0
302463,0
302464,0
302465,0
302466,0
302467,0
302468,0
302469,0
302470,0
302471,0
302472,0
302473,0
302474,0
302475,0
302476,0
302477,0
302478,0
302479,0
302480,0
302481,0
302482,0
302483,0
302484,0
302485,0
302486,0
302487,0
302488,0
302489,0
302490,0
302491,0
302492,0
302493,0
302494,0
302495,0
302496,0
302497,0
302498,0
302499,0
302500,0
302501,0
302502,0
302503,0
302504,0
302505,0
302506,0
302507,0
302508,0
302509,0
302510,0
302511,0
302512,0
302513,0
302514,0
302515,0
302516,0
302517,0
302518,0
302519,0
302520,0
302521,0
302522,0
302523,0
302524,0
302525,0
302526,0
302527,0
302528,0
302529,0
302530,0
302531,0
302532,0
302533,0
302534,0
302535,0
302536,0
302537,0
302538,0
302539,0
302540,0
302541,0
302542,0
302543,0
302544,0
302545,0
302546,0
302547,0
302548,0
302549,0
302550,0
302551,0
302552,0
302553,0
302554,0
302555,0
302556,0
302557,0
302558,0
302559,0
302560,0
302561,0
302562,0
302563,0
302564,0
302565,0
302566,0
302567,0
302568,0
302569,0
302570,0
302571,0
302572,0
302573,0
302574,0
302575,0
302576,0
302577,0
302578,0
302579,0
302580,0
302581,0
302582,0
302583,0
302584,0
302585,0
302586,0
302587,0
302588,0
302589,0
302590,0
302591,0
302592,0
302593,0
302594,0
302595,0
302596,0
302597,0
302598,0
302599,0
302600,0
302601,0
302602,0
302603,0
302604,0
302605,0
302606,0
302607,0
302608,0
302609,0
302610,0
302611,0
302612,0
302613,0
302614,0
302615,0
302616,0
302617,0
302618,0
302619,0
302620,0
302621,0
302622,0
302623,0
302624,0
302625,0
302626,0
302627,0
302628,0
302629,0
302630,0
302631,0
302632,0
302633,0
302634,0
302635,0
302636,0
302637,0
302638,0
302639,0
302640,0
302641,0
302642,0
302643,0
302644,0
302645,0
302646,0
302647,0
302648,0
302649,0
302650,0
302651,0
302652,0
302653,0
302654,0
302655,0
302656,0
302657,0
302658,0
302659,0
302660,0
302661,0
302662,0
302663,0
302664,0
302665,0
302666,0
302667,0
302668,0
302669,0
302670,0
302671,0
302672,0
302673,0
302674,0
302675,0
302676,0
302677,0
302678,0
302679,0
302680,0
302681,0
302682,0
302683,0
302684,0
302685,0
302686,0
302687,0
302688,0
302689,0
302690,0
302691,0
302692,0
302693,0
302694,0
302695,0
302696,0
302697,0
302698,0
302699,0
302700,0
302701,0
302702,0
302703,0
302704,0
302705,0
302706,0
302707,0
302708,0
302709,0
302710,0
302711,0
302712,0
302713,0
302714,0
302715,0
302716,0
302717,0
302718,0
302719,0
302720,0
302721,0
302722,0
302723,0
302724,0
302725,0
302726,0
302727,0
302728,0
302729,0
302730,0
302731,0
302732,0
302733,0
302734,0
302735,0
302736,0
302737,0
302738,0
302739,0
302740,0
302741,0
302742,0
302743,0
302744,0
302745,0
302746,0
302747,0
302748,0
302749,0
302750,0
302751,0
302752,0
302753,0
302754,0
302755,0
302756,0
302757,0
302758,0
302759,0
302760,0
302761,0
302762,0
302763,0
302764,0
302765,0
302766,0
302767,0
302768,0
302769,0
302770,0
302771,0
302772,0
302773,0
302774,0
302775,0
302776,0
302777,0
302778,0
302779,0
302780,0
302781,0
302782,0
302783,0
302784,0
302785,0
302786,0
302787,0
302788,0
302789,0
302790,0
302791,0
302792,0
302793,0
302794,0
302795,0
302796,0
302797,0
302798,0
302799,0
302800,0
302801,0
302802,0
302803,0
302804,0
302805,0
302806,0
302807,0
302808,0
302809,0
302810,0
302811,0
302812,0
302813,0
302814,0
302815,0
302816,0
302817,0
302818,0
302819,0
302820,0
302821,0
302822,0
302823,0
302824,0
302825,0
302826,0
302827,0
302828,0
302829,0
302830,0
302831,0
302832,0
302833,0
302834,0
302835,0
302836,0
302837,0
302838,0
302839,0
302840,0
302841,0
302842,0
302843,0
302844,0
302845,0
302846,0
302847,0
302848,0
302849,0
302850,0
302851,0
302852,0
302853,0
302854,0
302855,0
302856,0
302857,0
302858,0
302859,0
302860,0
302861,0
302862,0
302863,0
302864,0
302865,0
302866,0
302867,0
302868,0
302869,0
302870,0
302871,0
302872,0
302873,0
302874,0
302875,0
302876,0
302877,0
302878,0
302879,0
302880,0
302881,0
302882,0
302883,0
302884,0
302885,0
302886,0
302887,0
302888,0
302889,0
302890,0
302891,0
302892,0
302893,0
302894,0
302895,0
302896,0
302897,0
302898,0
302899,0
302900,0
302901,0
302902,0
302903,0
302904,0
302905,0
302906,0
302907,0
302908,0
302909,0
302910,0
302911,0
302912,0
302913,0
302914,0
302915,0
302916,0
302917,0
302918,0
302919,0
302920,0
302921,0
302922,0
302923,0
302924,0
302925,0
302926,0
302927,0
302928,0
302929,0
302930,0
302931,0
302932,0
302933,0
302934,0
302935,0
302936,0
302937,0
302938,0
302939,0
302940,0
302941,0
302942,0
302943,0
302944,0
302945,0
302946,0
302947,0
302948,0
302949,0
302950,0
302951,0
302952,0
302953,0
302954,0
302955,0
302956,0
302957,0
302958,0
302959,0
302960,0
302961,0
302962,0
302963,0
302964,0
302965,0
302966,0
302967,0
302968,0
302969,0
302970,0
302971,0
302972,0
302973,0
302974,0
302975,0
302976,0
302977,0
302978,0
302979,0
302980,0
302981,0
302982,0
302983,0
302984,0
302985,0
302986,0
302987,0
302988,0
302989,0
302990,0
302991,0
302992,0
302993,0
302994,0
302995,0
302996,0
302997,0
302998,0
302999,0
303000,0
303001,0
303002,0
303003,0
303004,0
303005,0
303006,0
303007,0
303008,0
303009,0
303010,0
303011,0
303012,0
303013,0
303014,0
303015,0
303016,0
303017,0
303018,0
303019,0
303020,0
303021,0
303022,0
303023,0
303024,0
303025,0
303026,0
303027,0
303028,0
303029,0
303030,0
303031,0
303032,0
303033,0
303034,0
303035,0
303036,0
303037,0
303038,0
303039,0
303040,0
303041,0
303042,0
303043,0
303044,0
303045,0
303046,0
303047,0
303048,0
303049,0
303050,0
303051,0
303052,0
303053,0
303054,0
303055,0
303056,0
303057,0
303058,0
303059,0
303060,0
303061,0
303062,0
303063,0
303064,0
303065,0
303066,0
303067,0
303068,0
303069,0
303070,0
303071,0
303072,0
303073,0
303074,0
303075,0
303076,0
303077,0
303078,0
303079,0
303080,0
303081,0
303082,0
303083,0
303084,0
303085,0
303086,0
303087,0
303088,0
303089,0
303090,0
303091,0
303092,0
303093,0
303094,0
303095,0
303096,0
303097,0
303098,0
303099,0
303100,0
303101,0
303102,0
303103,0
303104,0
303105,0
303106,0
303107,0
303108,0
303109,0
303110,0
303111,0
303112,0
303113,0
303114,0
303115,0
303116,0
303117,0
303118,0
303119,0
303120,0
303121,0
303122,0
303123,0
303124,0
303125,0
303126,0
303127,0
303128,0
303129,0
303130,0
303131,0
303132,0
303133,0
303134,0
303135,0
303136,0
303137,0
303138,0
303139,0
303140,0
303141,0
303142,0
303143,0
303144,0
303145,0
303146,0
303147,0
303148,0
303149,0
303150,0
303151,0
303152,0
303153,0
303154,0
303155,0
303156,0
303157,0
303158,0
303159,0
303160,0
303161,0
303162,0
303163,0
303164,0
303165,0
303166,0
303167,0
303168,0
303169,0
303170,0
303171,0
303172,0
303173,0
303174,0
303175,0
303176,0
303177,0
303178,0
303179,0
303180,0
303181,0
303182,0
303183,0
303184,0
303185,0
303186,0
303187,0
303188,0
303189,0
303190,0
303191,0
303192,0
303193,0
303194,0
303195,0
303196,0
303197,0
303198,0
303199,0
303200,0
303201,0
303202,0
303203,0
303204,0
303205,0
303206,0
303207,0
303208,0
303209,0
303210,0
303211,0
303212,0
303213,0
303214,0
303215,0
303216,0
303217,0
303218,0
303219,0
303220,0
303221,0
303222,0
303223,0
303224,0
303225,0
303226,0
303227,0
303228,0
303229,0
303230,0
303231,0
303232,0
303233,0
303234,0
303235,0
303236,0
303237,0
303238,0
303239,0
303240,0
303241,0
303242,0
303243,0
303244,0
303245,0
303246,0
303247,0
303248,0
303249,0
303250,0
303251,0
303252,0
303253,0
303254,0
303255,0
303256,0
303257,0
303258,0
303259,0
303260,0
303261,0
303262,0
303263,0
303264,0
303265,0
303266,0
303267,0
303268,0
303269,0
303270,0
303271,0
303272,0
303273,0
303274,0
303275,0
303276,0
303277,0
303278,0
303279,0
303280,0
303281,0
303282,0
303283,0
303284,0
303285,0
303286,0
303287,0
303288,0
303289,0
303290,0
303291,0
303292,0
303293,0
303294,0
303295,0
303296,0
303297,0
303298,0
303299,0
303300,0
303301,0
303302,0
303303,0
303304,0
303305,0
303306,0
303307,0
303308,0
303309,0
303310,0
303311,0
303312,0
303313,0
303314,0
303315,0
303316,0
303317,0
303318,0
303319,0
303320,0
303321,0
303322,0
303323,0
303324,0
303325,0
303326,0
303327,0
303328,0
303329,0
303330,0
303331,0
303332,0
303333,0
303334,0
303335,0
303336,0
303337,0
303338,0
303339,0
303340,0
303341,0
303342,0
303343,0
303344,0
303345,0
303346,0
303347,0
303348,0
303349,0
303350,0
303351,0
303352,0
303353,0
303354,0
303355,0
303356,0
303357,0
303358,0
303359,0
303360,0
303361,0
303362,0
303363,0
303364,0
303365,0
303366,0
303367,0
303368,0
303369,0
303370,0
303371,0
303372,0
303373,0
303374,0
303375,0
303376,0
303377,0
303378,0
303379,0
303380,0
303381,0
303382,0
303383,0
303384,0
303385,0
303386,0
303387,0
303388,0
303389,0
303390,0
303391,0
303392,0
303393,0
303394,0
303395,0
303396,0
303397,0
303398,0
303399,0
303400,0
303401,0
303402,0
303403,0
303404,0
303405,0
303406,0
303407,0
303408,0
303409,0
303410,0
303411,0
303412,0
303413,0
303414,0
303415,0
303416,0
303417,0
303418,0
303419,0
303420,0
303421,0
303422,0
303423,0
303424,0
303425,0
303426,0
303427,0
303428,0
303429,0
303430,0
303431,0
303432,0
303433,0
303434,0
303435,0
303436,0
303437,0
303438,0
303439,0
303440,0
303441,0
303442,0
303443,0
303444,0
303445,0
303446,0
303447,0
303448,0
303449,0
303450,0
303451,0
303452,0
303453,0
303454,0
303455,0
303456,0
303457,0
303458,0
303459,0
303460,0
303461,0
303462,0
303463,0
303464,0
303465,0
303466,0
303467,0
303468,0
303469,0
303470,0
303471,0
303472,0
303473,0
303474,0
303475,0
303476,0
303477,0
303478,0
303479,0
303480,0
303481,0
303482,0
303483,0
303484,0
303485,0
303486,0
303487,0
303488,0
303489,0
303490,0
303491,0
303492,0
303493,0
303494,0
303495,0
303496,0
303497,0
303498,0
303499,0
303500,0
303501,0
303502,0
303503,0
303504,0
303505,0
303506,0
303507,0
303508,0
303509,0
303510,0
303511,0
303512,0
303513,0
303514,0
303515,0
303516,0
303517,0
303518,0
303519,0
303520,0
303521,0
303522,0
303523,0
303524,0
303525,0
303526,0
303527,0
303528,0
303529,0
303530,0
303531,0
303532,0
303533,0
303534,0
303535,0
303536,0
303537,0
303538,0
303539,0
303540,0
303541,0
303542,0
303543,0
303544,0
303545,0
303546,0
303547,0
303548,0
303549,0
303550,0
303551,0
303552,0
303553,0
303554,0
303555,0
303556,0
303557,0
303558,0
303559,0
303560,0
303561,0
303562,0
303563,0
303564,0
303565,0
303566,0
303567,0
303568,0
303569,0
303570,0
303571,0
303572,0
303573,0
303574,0
303575,0
303576,0
303577,0
303578,0
303579,0
303580,0
303581,0
303582,0
303583,0
303584,0
303585,0
303586,0
303587,0
303588,0
303589,0
303590,0
303591,0
303592,0
303593,0
303594,0
303595,0
303596,0
303597,0
303598,0
303599,0
303600,0
303601,0
303602,0
303603,0
303604,0
303605,0
303606,0
303607,0
303608,0
303609,0
303610,0
303611,0
303612,0
303613,0
303614,0
303615,0
303616,0
303617,0
303618,0
303619,0
303620,0
303621,0
303622,0
303623,0
303624,0
303625,0
303626,0
303627,0
303628,0
303629,0
303630,0
303631,0
303632,0
303633,0
303634,0
303635,0
303636,0
303637,0
303638,0
303639,0
303640,0
303641,0
303642,0
303643,0
303644,0
303645,0
303646,0
303647,0
303648,0
303649,0
303650,0
303651,0
303652,0
303653,0
303654,0
303655,0
303656,0
303657,0
303658,0
303659,0
303660,0
303661,0
303662,0
303663,0
303664,0
303665,0
303666,0
303667,0
303668,0
303669,0
303670,0
303671,0
303672,0
303673,0
303674,0
303675,0
303676,0
303677,0
303678,0
303679,0
303680,0
303681,0
303682,0
303683,0
303684,0
303685,0
303686,0
303687,0
303688,0
303689,0
303690,0
303691,0
303692,0
303693,0
303694,0
303695,0
303696,0
303697,0
303698,0
303699,0
303700,0
303701,0
303702,0
303703,0
303704,0
303705,0
303706,0
303707,0
303708,0
303709,0
303710,0
303711,0
303712,0
303713,0
303714,0
303715,0
303716,0
303717,0
303718,0
303719,0
303720,0
303721,0
303722,0
303723,0
303724,0
303725,0
303726,0
303727,0
303728,0
303729,0
303730,0
303731,0
303732,0
303733,0
303734,0
303735,0
303736,0
303737,0
303738,0
303739,0
303740,0
303741,0
303742,0
303743,0
303744,0
303745,0
303746,0
303747,0
303748,0
303749,0
303750,0
303751,0
303752,0
303753,0
303754,0
303755,0
303756,0
303757,0
303758,0
303759,0
303760,0
303761,0
303762,0
303763,0
303764,0
303765,0
303766,0
303767,0
303768,0
303769,0
303770,0
303771,0
303772,0
303773,0
303774,0
303775,0
303776,0
303777,0
303778,0
303779,0
303780,0
303781,0
303782,0
303783,0
303784,0
303785,0
303786,0
303787,0
303788,0
303789,0
303790,0
303791,0
303792,0
303793,0
303794,0
303795,0
303796,0
303797,0
303798,0
303799,0
303800,0
303801,0
303802,0
303803,0
303804,0
303805,0
303806,0
303807,0
303808,0
303809,0
303810,0
303811,0
303812,0
303813,0
303814,0
303815,0
303816,0
303817,0
303818,0
303819,0
303820,0
303821,0
303822,0
303823,0
303824,0
303825,0
303826,0
303827,0
303828,0
303829,0
303830,0
303831,0
303832,0
303833,0
303834,0
303835,0
303836,0
303837,0
303838,0
303839,0
303840,0
303841,0
303842,0
303843,0
303844,0
303845,0
303846,0
303847,0
303848,0
303849,0
303850,0
303851,0
303852,0
303853,0
303854,0
303855,0
303856,0
303857,0
303858,0
303859,0
303860,0
303861,0
303862,0
303863,0
303864,0
303865,0
303866,0
303867,0
303868,0
303869,0
303870,0
303871,0
303872,0
303873,0
303874,0
303875,0
303876,0
303877,0
303878,0
303879,0
303880,0
303881,0
303882,0
303883,0
303884,0
303885,0
303886,0
303887,0
303888,0
303889,0
303890,0
303891,0
303892,0
303893,0
303894,0
303895,0
303896,0
303897,0
303898,0
303899,0
303900,0
303901,0
303902,0
303903,0
303904,0
303905,0
303906,0
303907,0
303908,0
303909,0
303910,0
303911,0
303912,0
303913,0
303914,0
303915,0
303916,0
303917,0
303918,0
303919,0
303920,0
303921,0
303922,0
303923,0
303924,0
303925,0
303926,0
303927,0
303928,0
303929,0
303930,0
303931,0
303932,0
303933,0
303934,0
303935,0
303936,0
303937,0
303938,0
303939,0
303940,0
303941,0
303942,0
303943,0
303944,0
303945,0
303946,0
303947,0
303948,0
303949,0
303950,0
303951,0
303952,0
303953,0
303954,0
303955,0
303956,0
303957,0
303958,0
303959,0
303960,0
303961,0
303962,0
303963,0
303964,0
303965,0
303966,0
303967,0
303968,0
303969,0
303970,0
303971,0
303972,0
303973,0
303974,0
303975,0
303976,0
303977,0
303978,0
303979,0
303980,0
303981,0
303982,0
303983,0
303984,0
303985,0
303986,0
303987,0
303988,0
303989,0
303990,0
303991,0
303992,0
303993,0
303994,0
303995,0
303996,0
303997,0
303998,0
303999,0
304000,0
304001,0
304002,0
304003,0
304004,0
304005,0
304006,0
304007,0
304008,0
304009,0
304010,0
304011,0
304012,0
304013,0
304014,0
304015,0
304016,0
304017,0
304018,0
304019,0
304020,0
304021,0
304022,0
304023,0
304024,0
304025,0
304026,0
304027,0
304028,0
304029,0
304030,0
304031,0
304032,0
304033,0
304034,0
304035,0
304036,0
304037,0
304038,0
304039,0
304040,0
304041,0
304042,0
304043,0
304044,0
304045,0
304046,0
304047,0
304048,0
304049,0
304050,0
304051,0
304052,0
304053,0
304054,0
304055,0
304056,0
304057,0
304058,0
304059,0
304060,0
304061,0
304062,0
304063,0
304064,0
304065,0
304066,0
304067,0
304068,0
304069,0
304070,0
304071,0
304072,0
304073,0
304074,0
304075,0
304076,0
304077,0
304078,0
304079,0
304080,0
304081,0
304082,0
304083,0
304084,0
304085,0
304086,0
304087,0
304088,0
304089,0
304090,0
304091,0
304092,0
304093,0
304094,0
304095,0
304096,0
304097,0
304098,0
304099,0
304100,0
304101,0
304102,0
304103,0
304104,0
304105,0
304106,0
304107,0
304108,0
304109,0
304110,0
304111,0
304112,0
304113,0
304114,0
304115,0
304116,0
304117,0
304118,0
304119,0
304120,0
304121,0
304122,0
304123,0
304124,0
304125,0
304126,0
304127,0
304128,0
304129,0
304130,0
304131,0
304132,0
304133,0
304134,0
304135,0
304136,0
304137,0
304138,0
304139,0
304140,0
304141,0
304142,0
304143,0
304144,0
304145,0
304146,0
304147,0
304148,0
304149,0
304150,0
304151,0
304152,0
304153,0
304154,0
304155,0
304156,0
304157,0
304158,0
304159,0
304160,0
304161,0
304162,0
304163,0
304164,0
304165,0
304166,0
304167,0
304168,0
304169,0
304170,0
304171,0
304172,0
304173,0
304174,0
304175,0
304176,0
304177,0
304178,0
304179,0
304180,0
304181,0
304182,0
304183,0
304184,0
304185,0
304186,0
304187,0
304188,0
304189,0
304190,0
304191,0
304192,0
304193,0
304194,0
304195,0
304196,0
304197,0
304198,0
304199,0
304200,0
304201,0
304202,0
304203,0
304204,0
304205,0
304206,0
304207,0
304208,0
304209,0
304210,0
304211,0
304212,0
304213,0
304214,0
304215,0
304216,0
304217,0
304218,0
304219,0
304220,0
304221,0
304222,0
304223,0
304224,0
304225,0
304226,0
304227,0
304228,0
304229,0
304230,0
304231,0
304232,0
304233,0
304234,0
304235,0
304236,0
304237,0
304238,0
304239,0
304240,0
304241,0
304242,0
304243,0
304244,0
304245,0
304246,0
304247,0
304248,0
304249,0
304250,0
304251,0
304252,0
304253,0
304254,0
304255,0
304256,0
304257,0
304258,0
304259,0
304260,0
304261,0
304262,0
304263,0
304264,0
304265,0
304266,0
304267,0
304268,0
304269,0
304270,0
304271,0
304272,0
304273,0
304274,0
304275,0
304276,0
304277,0
304278,0
304279,0
304280,0
304281,0
304282,0
304283,0
304284,0
304285,0
304286,0
304287,0
304288,0
304289,0
304290,0
304291,0
304292,0
304293,0
304294,0
304295,0
304296,0
304297,0
304298,0
304299,0
304300,0
304301,0
304302,0
304303,0
304304,0
304305,0
304306,0
304307,0
304308,0
304309,0
304310,0
304311,0
304312,0
304313,0
304314,0
304315,0
304316,0
304317,0
304318,0
304319,0
304320,0
304321,0
304322,0
304323,0
304324,0
304325,0
304326,0
304327,0
304328,0
304329,0
304330,0
304331,0
304332,0
304333,0
304334,0
304335,0
304336,0
304337,0
304338,0
304339,0
304340,0
304341,0
304342,0
304343,0
304344,0
304345,0
304346,0
304347,0
304348,0
304349,0
304350,0
304351,0
304352,0
304353,0
304354,0
304355,0
304356,0
304357,0
304358,0
304359,0
304360,0
304361,0
304362,0
304363,0
304364,0
304365,0
304366,0
304367,0
304368,0
304369,0
304370,0
304371,0
304372,0
304373,0
304374,0
304375,0
304376,0
304377,0
304378,0
304379,0
304380,0
304381,0
304382,0
304383,0
304384,0
304385,0
304386,0
304387,0
304388,0
304389,0
304390,0
304391,0
304392,0
304393,0
304394,0
304395,0
304396,0
304397,0
304398,0
304399,0
304400,0
304401,0
304402,0
304403,0
304404,0
304405,0
304406,0
304407,0
304408,0
304409,0
304410,0
304411,0
304412,0
304413,0
304414,0
304415,0
304416,0
304417,0
304418,0
304419,0
304420,0
304421,0
304422,0
304423,0
304424,0
304425,0
304426,0
304427,0
304428,0
304429,0
304430,0
304431,0
304432,0
304433,0
304434,0
304435,0
304436,0
304437,0
304438,0
304439,0
304440,0
304441,0
304442,0
304443,0
304444,0
304445,0
304446,0
304447,0
304448,0
304449,0
304450,0
304451,0
304452,0
304453,0
304454,0
304455,0
304456,0
304457,0
304458,0
304459,0
304460,0
304461,0
304462,0
304463,0
304464,0
304465,0
304466,0
304467,0
304468,0
304469,0
304470,0
304471,0
304472,0
304473,0
304474,0
304475,0
304476,0
304477,0
304478,0
304479,0
304480,0
304481,0
304482,0
304483,0
304484,0
304485,0
304486,0
304487,0
304488,0
304489,0
304490,0
304491,0
304492,0
304493,0
304494,0
304495,0
304496,0
304497,0
304498,0
304499,0
304500,0
304501,0
304502,0
304503,0
304504,0
304505,0
304506,0
304507,0
304508,0
304509,0
304510,0
304511,0
304512,0
304513,0
304514,0
304515,0
304516,0
304517,0
304518,0
304519,0
304520,0
304521,0
304522,0
304523,0
304524,0
304525,0
304526,0
304527,0
304528,0
304529,0
304530,0
304531,0
304532,0
304533,0
304534,0
304535,0
304536,0
304537,0
304538,0
304539,0
304540,0
304541,0
304542,0
304543,0
304544,0
304545,0
304546,0
304547,0
304548,0
304549,0
304550,0
304551,0
304552,0
304553,0
304554,0
304555,0
304556,0
304557,0
304558,0
304559,0
304560,0
304561,0
304562,0
304563,0
304564,0
304565,0
304566,0
304567,0
304568,0
304569,0
304570,0
304571,0
304572,0
304573,0
304574,0
304575,0
304576,0
304577,0
304578,0
304579,0
304580,0
304581,0
304582,0
304583,0
304584,0
304585,0
304586,0
304587,0
304588,0
304589,0
304590,0
304591,0
304592,0
304593,0
304594,0
304595,0
304596,0
304597,0
304598,0
304599,0
304600,0
304601,0
304602,0
304603,0
304604,0
304605,0
304606,0
304607,0
304608,0
304609,0
304610,0
304611,0
304612,0
304613,0
304614,0
304615,0
304616,0
304617,0
304618,0
304619,0
304620,0
304621,0
304622,0
304623,0
304624,0
304625,0
304626,0
304627,0
304628,0
304629,0
304630,0
304631,0
304632,0
304633,0
304634,0
304635,0
304636,0
304637,0
304638,0
304639,0
304640,0
304641,0
304642,0
304643,0
304644,0
304645,0
304646,0
304647,0
304648,0
304649,0
304650,0
304651,0
304652,0
304653,0
304654,0
304655,0
304656,0
304657,0
304658,0
304659,0
304660,0
304661,0
304662,0
304663,0
304664,0
304665,0
304666,0
304667,0
304668,0
304669,0
304670,0
304671,0
304672,0
304673,0
304674,0
304675,0
304676,0
304677,0
304678,0
304679,0
304680,0
304681,0
304682,0
304683,0
304684,0
304685,0
304686,0
304687,0
304688,0
304689,0
304690,0
304691,0
304692,0
304693,0
304694,0
304695,0
304696,0
304697,0
304698,0
304699,0
304700,0
304701,0
304702,0
304703,0
304704,0
304705,0
304706,0
304707,0
304708,0
304709,0
304710,0
304711,0
304712,0
304713,0
304714,0
304715,0
304716,0
304717,0
304718,0
304719,0
304720,0
304721,0
304722,0
304723,0
304724,0
304725,0
304726,0
304727,0
304728,0
304729,0
304730,0
304731,0
304732,0
304733,0
304734,0
304735,0
304736,0
304737,0
304738,0
304739,0
304740,0
304741,0
304742,0
304743,0
304744,0
304745,0
304746,0
304747,0
304748,0
304749,0
304750,0
304751,0
304752,0
304753,0
304754,0
304755,0
304756,0
304757,0
304758,0
304759,0
304760,0
304761,0
304762,0
304763,0
304764,0
304765,0
304766,0
304767,0
304768,0
304769,0
304770,0
304771,0
304772,0
304773,0
304774,0
304775,0
304776,0
304777,0
304778,0
304779,0
304780,0
304781,0
304782,0
304783,0
304784,0
304785,0
304786,0
304787,0
304788,0
304789,0
304790,0
304791,0
304792,0
304793,0
304794,0
304795,0
304796,0
304797,0
304798,0
304799,0
304800,0
304801,0
304802,0
304803,0
304804,0
304805,0
304806,0
304807,0
304808,0
304809,0
304810,0
304811,0
304812,0
304813,0
304814,0
304815,0
304816,0
304817,0
304818,0
304819,0
304820,0
304821,0
304822,0
304823,0
304824,0
304825,0
304826,0
304827,0
304828,0
304829,0
304830,0
304831,0
304832,0
304833,0
304834,0
304835,0
304836,0
304837,0
304838,0
304839,0
304840,0
304841,0
304842,0
304843,0
304844,0
304845,0
304846,0
304847,0
304848,0
304849,0
304850,0
304851,0
304852,0
304853,0
304854,0
304855,0
304856,0
304857,0
304858,0
304859,0
304860,0
304861,0
304862,0
304863,0
304864,0
304865,0
304866,0
304867,0
304868,0
304869,0
304870,0
304871,0
304872,0
304873,0
304874,0
304875,0
304876,0
304877,0
304878,0
304879,0
304880,0
304881,0
304882,0
304883,0
304884,0
304885,0
304886,0
304887,0
304888,0
304889,0
304890,0
304891,0
304892,0
304893,0
304894,0
304895,0
304896,0
304897,0
304898,0
304899,0
304900,0
304901,0
304902,0
304903,0
304904,0
304905,0
304906,0
304907,0
304908,0
304909,0
304910,0
304911,0
304912,0
304913,0
304914,0
304915,0
304916,0
304917,0
304918,0
304919,0
304920,0
304921,0
304922,0
304923,0
304924,0
304925,0
304926,0
304927,0
304928,0
304929,0
304930,0
304931,0
304932,0
304933,0
304934,0
304935,0
304936,0
304937,0
304938,0
304939,0
304940,0
304941,0
304942,0
304943,0
304944,0
304945,0
304946,0
304947,0
304948,0
304949,0
304950,0
304951,0
304952,0
304953,0
304954,0
304955,0
304956,0
304957,0
304958,0
304959,0
304960,0
304961,0
304962,0
304963,0
304964,0
304965,0
304966,0
304967,0
304968,0
304969,0
304970,0
304971,0
304972,0
304973,0
304974,0
304975,0
304976,0
304977,0
304978,0
304979,0
304980,0
304981,0
304982,0
304983,0
304984,0
304985,0
304986,0
304987,0
304988,0
304989,0
304990,0
304991,0
304992,0
304993,0
304994,0
304995,0
304996,0
304997,0
304998,0
304999,0
305000,0
305001,0
305002,0
305003,0
305004,0
305005,0
305006,0
305007,0
305008,0
305009,0
305010,0
305011,0
305012,0
305013,0
305014,0
305015,0
305016,0
305017,0
305018,0
305019,0
305020,0
305021,0
305022,0
305023,0
305024,0
305025,0
305026,0
305027,0
305028,0
305029,0
305030,0
305031,0
305032,0
305033,0
305034,0
305035,0
305036,0
305037,0
305038,0
305039,0
305040,0
305041,0
305042,0
305043,0
305044,0
305045,0
305046,0
305047,0
305048,0
305049,0
305050,0
305051,0
305052,0
305053,0
305054,0
305055,0
305056,0
305057,0
305058,0
305059,0
305060,0
305061,0
305062,0
305063,0
305064,0
305065,0
305066,0
305067,0
305068,0
305069,0
305070,0
305071,0
305072,0
305073,0
305074,0
305075,0
305076,0
305077,0
305078,0
305079,0
305080,0
305081,0
305082,0
305083,0
305084,0
305085,0
305086,0
305087,0
305088,0
305089,0
305090,0
305091,0
305092,0
305093,0
305094,0
305095,0
305096,0
305097,0
305098,0
305099,0
305100,0
305101,0
305102,0
305103,0
305104,0
305105,0
305106,0
305107,0
305108,0
305109,0
305110,0
305111,0
305112,0
305113,0
305114,0
305115,0
305116,0
305117,0
305118,0
305119,0
305120,0
305121,0
305122,0
305123,0
305124,0
305125,0
305126,0
305127,0
305128,0
305129,0
305130,0
305131,0
305132,0
305133,0
305134,0
305135,0
305136,0
305137,0
305138,0
305139,0
305140,0
305141,0
305142,0
305143,0
305144,0
305145,0
305146,0
305147,0
305148,0
305149,0
305150,0
305151,0
305152,0
305153,0
305154,0
305155,0
305156,0
305157,0
305158,0
305159,0
305160,0
305161,0
305162,0
305163,0
305164,0
305165,0
305166,0
305167,0
305168,0
305169,0
305170,0
305171,0
305172,0
305173,0
305174,0
305175,0
305176,0
305177,0
305178,0
305179,0
305180,0
305181,0
305182,0
305183,0
305184,0
305185,0
305186,0
305187,0
305188,0
305189,0
305190,0
305191,0
305192,0
305193,0
305194,0
305195,0
305196,0
305197,0
305198,0
305199,0
305200,0
305201,0
305202,0
305203,0
305204,0
305205,0
305206,0
305207,0
305208,0
305209,0
305210,0
305211,0
305212,0
305213,0
305214,0
305215,0
305216,0
305217,0
305218,0
305219,0
305220,0
305221,0
305222,0
305223,0
305224,0
305225,0
305226,0
305227,0
305228,0
305229,0
305230,0
305231,0
305232,0
305233,0
305234,0
305235,0
305236,0
305237,0
305238,0
305239,0
305240,0
305241,0
305242,0
305243,0
305244,0
305245,0
305246,0
305247,0
305248,0
305249,0
305250,0
305251,0
305252,0
305253,0
305254,0
305255,0
305256,0
305257,0
305258,0
305259,0
305260,0
305261,0
305262,0
305263,0
305264,0
305265,0
305266,0
305267,0
305268,0
305269,0
305270,0
305271,0
305272,0
305273,0
305274,0
305275,0
305276,0
305277,0
305278,0
305279,0
305280,0
305281,0
305282,0
305283,0
305284,0
305285,0
305286,0
305287,0
305288,0
305289,0
305290,0
305291,0
305292,0
305293,0
305294,0
305295,0
305296,0
305297,0
305298,0
305299,0
305300,0
305301,0
305302,0
305303,0
305304,0
305305,0
305306,0
305307,0
305308,0
305309,0
305310,0
305311,0
305312,0
305313,0
305314,0
305315,0
305316,0
305317,0
305318,0
305319,0
305320,0
305321,0
305322,0
305323,0
305324,0
305325,0
305326,0
305327,0
305328,0
305329,0
305330,0
305331,0
305332,0
305333,0
305334,0
305335,0
305336,0
305337,0
305338,0
305339,0
305340,0
305341,0
305342,0
305343,0
305344,0
305345,0
305346,0
305347,0
305348,0
305349,0
305350,0
305351,0
305352,0
305353,0
305354,0
305355,0
305356,0
305357,0
305358,0
305359,0
305360,0
305361,0
305362,0
305363,0
305364,0
305365,0
305366,0
305367,0
305368,0
305369,0
305370,0
305371,0
305372,0
305373,0
305374,0
305375,0
305376,0
305377,0
305378,0
305379,0
305380,0
305381,0
305382,0
305383,0
305384,0
305385,0
305386,0
305387,0
305388,0
305389,0
305390,0
305391,0
305392,0
305393,0
305394,0
305395,0
305396,0
305397,0
305398,0
305399,0
305400,0
305401,0
305402,0
305403,0
305404,0
305405,0
305406,0
305407,0
305408,0
305409,0
305410,0
305411,0
305412,0
305413,0
305414,0
305415,0
305416,0
305417,0
305418,0
305419,0
305420,0
305421,0
305422,0
305423,0
305424,0
305425,0
305426,0
305427,0
305428,0
305429,0
305430,0
305431,0
305432,0
305433,0
305434,0
305435,0
305436,0
305437,0
305438,0
305439,0
305440,0
305441,0
305442,0
305443,0
305444,0
305445,0
305446,0
305447,0
305448,0
305449,0
305450,0
305451,0
305452,0
305453,0
305454,0
305455,0
305456,0
305457,0
305458,0
305459,0
305460,0
305461,0
305462,0
305463,0
305464,0
305465,0
305466,0
305467,0
305468,0
305469,0
305470,0
305471,0
305472,0
305473,0
305474,0
305475,0
305476,0
305477,0
305478,0
305479,0
305480,0
305481,0
305482,0
305483,0
305484,0
305485,0
305486,0
305487,0
305488,0
305489,0
305490,0
305491,0
305492,0
305493,0
305494,0
305495,0
305496,0
305497,0
305498,0
305499,0
305500,0
305501,0
305502,0
305503,0
305504,0
305505,0
305506,0
305507,0
305508,0
305509,0
305510,0
305511,0
305512,0
305513,0
305514,0
305515,0
305516,0
305517,0
305518,0
305519,0
305520,0
305521,0
305522,0
305523,0
305524,0
305525,0
305526,0
305527,0
305528,0
305529,0
305530,0
305531,0
305532,0
305533,0
305534,0
305535,0
305536,0
305537,0
305538,0
305539,0
305540,0
305541,0
305542,0
305543,0
305544,0
305545,0
305546,0
305547,0
305548,0
305549,0
305550,0
305551,0
305552,0
305553,0
305554,0
305555,0
305556,0
305557,0
305558,0
305559,0
305560,0
305561,0
305562,0
305563,0
305564,0
305565,0
305566,0
305567,0
305568,0
305569,0
305570,0
305571,0
305572,0
305573,0
305574,0
305575,0
305576,0
305577,0
305578,0
305579,0
305580,0
305581,0
305582,0
305583,0
305584,0
305585,0
305586,0
305587,0
305588,0
305589,0
305590,0
305591,0
305592,0
305593,0
305594,0
305595,0
305596,0
305597,0
305598,0
305599,0
305600,0
305601,0
305602,0
305603,0
305604,0
305605,0
305606,0
305607,0
305608,0
305609,0
305610,0
305611,0
305612,0
305613,0
305614,0
305615,0
305616,0
305617,0
305618,0
305619,0
305620,0
305621,0
305622,0
305623,0
305624,0
305625,0
305626,0
305627,0
305628,0
305629,0
305630,0
305631,0
305632,0
305633,0
305634,0
305635,0
305636,0
305637,0
305638,0
305639,0
305640,0
305641,0
305642,0
305643,0
305644,0
305645,0
305646,0
305647,0
305648,0
305649,0
305650,0
305651,0
305652,0
305653,0
305654,0
305655,0
305656,0
305657,0
305658,0
305659,0
305660,0
305661,0
305662,0
305663,0
305664,0
305665,0
305666,0
305667,0
305668,0
305669,0
305670,0
305671,0
305672,0
305673,0
305674,0
305675,0
305676,0
305677,0
305678,0
305679,0
305680,0
305681,0
305682,0
305683,0
305684,0
305685,0
305686,0
305687,0
305688,0
305689,0
305690,0
305691,0
305692,0
305693,0
305694,0
305695,0
305696,0
305697,0
305698,0
305699,0
305700,0
305701,0
305702,0
305703,0
305704,0
305705,0
305706,0
305707,0
305708,0
305709,0
305710,0
305711,0
305712,0
305713,0
305714,0
305715,0
305716,0
305717,0
305718,0
305719,0
305720,0
305721,0
305722,0
305723,0
305724,0
305725,0
305726,0
305727,0
305728,0
305729,0
305730,0
305731,0
305732,0
305733,0
305734,0
305735,0
305736,0
305737,0
305738,0
305739,0
305740,0
305741,0
305742,0
305743,0
305744,0
305745,0
305746,0
305747,0
305748,0
305749,0
305750,0
305751,0
305752,0
305753,0
305754,0
305755,0
305756,0
305757,0
305758,0
305759,0
305760,0
305761,0
305762,0
305763,0
305764,0
305765,0
305766,0
305767,0
305768,0
305769,0
305770,0
305771,0
305772,0
305773,0
305774,0
305775,0
305776,0
305777,0
305778,0
305779,0
305780,0
305781,0
305782,0
305783,0
305784,0
305785,0
305786,0
305787,0
305788,0
305789,0
305790,0
305791,0
305792,0
305793,0
305794,0
305795,0
305796,0
305797,0
305798,0
305799,0
305800,0
305801,0
305802,0
305803,0
305804,0
305805,0
305806,0
305807,0
305808,0
305809,0
305810,0
305811,0
305812,0
305813,0
305814,0
305815,0
305816,0
305817,0
305818,0
305819,0
305820,0
305821,0
305822,0
305823,0
305824,0
305825,0
305826,0
305827,0
305828,0
305829,0
305830,0
305831,0
305832,0
305833,0
305834,0
305835,0
305836,0
305837,0
305838,0
305839,0
305840,0
305841,0
305842,0
305843,0
305844,0
305845,0
305846,0
305847,0
305848,0
305849,0
305850,0
305851,0
305852,0
305853,0
305854,0
305855,0
305856,0
305857,0
305858,0
305859,0
305860,0
305861,0
305862,0
305863,0
305864,0
305865,0
305866,0
305867,0
305868,0
305869,0
305870,0
305871,0
305872,0
305873,0
305874,0
305875,0
305876,0
305877,0
305878,0
305879,0
305880,0
305881,0
305882,0
305883,0
305884,0
305885,0
305886,0
305887,0
305888,0
305889,0
305890,0
305891,0
305892,0
305893,0
305894,0
305895,0
305896,0
305897,0
305898,0
305899,0
305900,0
305901,0
305902,0
305903,0
305904,0
305905,0
305906,0
305907,0
305908,0
305909,0
305910,0
305911,0
305912,0
305913,0
305914,0
305915,0
305916,0
305917,0
305918,0
305919,0
305920,0
305921,0
305922,0
305923,0
305924,0
305925,0
305926,0
305927,0
305928,0
305929,0
305930,0
305931,0
305932,0
305933,0
305934,0
305935,0
305936,0
305937,0
305938,0
305939,0
305940,0
305941,0
305942,0
305943,0
305944,0
305945,0
305946,0
305947,0
305948,0
305949,0
305950,0
305951,0
305952,0
305953,0
305954,0
305955,0
305956,0
305957,0
305958,0
305959,0
305960,0
305961,0
305962,0
305963,0
305964,0
305965,0
305966,0
305967,0
305968,0
305969,0
305970,0
305971,0
305972,0
305973,0
305974,0
305975,0
305976,0
305977,0
305978,0
305979,0
305980,0
305981,0
305982,0
305983,0
305984,0
305985,0
305986,0
305987,0
305988,0
305989,0
305990,0
305991,0
305992,0
305993,0
305994,0
305995,0
305996,0
305997,0
305998,0
305999,0
306000,0
306001,0
306002,0
306003,0
306004,0
306005,0
306006,0
306007,0
306008,0
306009,0
306010,0
306011,0
306012,0
306013,0
306014,0
306015,0
306016,0
306017,0
306018,0
306019,0
306020,0
306021,0
306022,0
306023,0
306024,0
306025,0
306026,0
306027,0
306028,0
306029,0
306030,0
306031,0
306032,0
306033,0
306034,0
306035,0
306036,0
306037,0
306038,0
306039,0
306040,0
306041,0
306042,0
306043,0
306044,0
306045,0
306046,0
306047,0
306048,0
306049,0
306050,0
306051,0
306052,0
306053,0
306054,0
306055,0
306056,0
306057,0
306058,0
306059,0
306060,0
306061,0
306062,0
306063,0
306064,0
306065,0
306066,0
306067,0
306068,0
306069,0
306070,0
306071,0
306072,0
306073,0
306074,0
306075,0
306076,0
306077,0
306078,0
306079,0
306080,0
306081,0
306082,0
306083,0
306084,0
306085,0
306086,0
306087,0
306088,0
306089,0
306090,0
306091,0
306092,0
306093,0
306094,0
306095,0
306096,0
306097,0
306098,0
306099,0
306100,0
306101,0
306102,0
306103,0
306104,0
306105,0
306106,0
306107,0
306108,0
306109,0
306110,0
306111,0
306112,0
306113,0
306114,0
306115,0
306116,0
306117,0
306118,0
306119,0
306120,0
306121,0
306122,0
306123,0
306124,0
306125,0
306126,0
306127,0
306128,0
306129,0
306130,0
306131,0
306132,0
306133,0
306134,0
306135,0
306136,0
306137,0
306138,0
306139,0
306140,0
306141,0
306142,0
306143,0
306144,0
306145,0
306146,0
306147,0
306148,0
306149,0
306150,0
306151,0
306152,0
306153,0
306154,0
306155,0
306156,0
306157,0
306158,0
306159,0
306160,0
306161,0
306162,0
306163,0
306164,0
306165,0
306166,0
306167,0
306168,0
306169,0
306170,0
306171,0
306172,0
306173,0
306174,0
306175,0
306176,0
306177,0
306178,0
306179,0
306180,0
306181,0
306182,0
306183,0
306184,0
306185,0
306186,0
306187,0
306188,0
306189,0
306190,0
306191,0
306192,0
306193,0
306194,0
306195,0
306196,0
306197,0
306198,0
306199,0
306200,0
306201,0
306202,0
306203,0
306204,0
306205,0
306206,0
306207,0
306208,0
306209,0
306210,0
306211,0
306212,0
306213,0
306214,0
306215,0
306216,0
306217,0
306218,0
306219,0
306220,0
306221,0
306222,0
306223,0
306224,0
306225,0
306226,0
306227,0
306228,0
306229,0
306230,0
306231,0
306232,0
306233,0
306234,0
306235,0
306236,0
306237,0
306238,0
306239,0
306240,0
306241,0
306242,0
306243,0
306244,0
306245,0
306246,0
306247,0
306248,0
306249,0
306250,0
306251,0
306252,0
306253,0
306254,0
306255,0
306256,0
306257,0
306258,0
306259,0
306260,0
306261,0
306262,0
306263,0
306264,0
306265,0
306266,0
306267,0
306268,0
306269,0
306270,0
306271,0
306272,0
306273,0
306274,0
306275,0
306276,0
306277,0
306278,0
306279,0
306280,0
306281,0
306282,0
306283,0
306284,0
306285,0
306286,0
306287,0
306288,0
306289,0
306290,0
306291,0
306292,0
306293,0
306294,0
306295,0
306296,0
306297,0
306298,0
306299,0
306300,0
306301,0
306302,0
306303,0
306304,0
306305,0
306306,0
306307,0
306308,0
306309,0
306310,0
306311,0
306312,0
306313,0
306314,0
306315,0
306316,0
306317,0
306318,0
306319,0
306320,0
306321,0
306322,0
306323,0
306324,0
306325,0
306326,0
306327,0
306328,0
306329,0
306330,0
306331,0
306332,0
306333,0
306334,0
306335,0
306336,0
306337,0
306338,0
306339,0
306340,0
306341,0
306342,0
306343,0
306344,0
306345,0
306346,0
306347,0
306348,0
306349,0
306350,0
306351,0
306352,0
306353,0
306354,0
306355,0
306356,0
306357,0
306358,0
306359,0
306360,0
306361,0
306362,0
306363,0
306364,0
306365,0
306366,0
306367,0
306368,0
306369,0
306370,0
306371,0
306372,0
306373,0
306374,0
306375,0
306376,0
306377,0
306378,0
306379,0
306380,0
306381,0
306382,0
306383,0
306384,0
306385,0
306386,0
306387,0
306388,0
306389,0
306390,0
306391,0
306392,0
306393,0
306394,0
306395,0
306396,0
306397,0
306398,0
306399,0
306400,0
306401,0
306402,0
306403,0
306404,0
306405,0
306406,0
306407,0
306408,0
306409,0
306410,0
306411,0
306412,0
306413,0
306414,0
306415,0
306416,0
306417,0
306418,0
306419,0
306420,0
306421,0
306422,0
306423,0
306424,0
306425,0
306426,0
306427,0
306428,0
306429,0
306430,0
306431,0
306432,0
306433,0
306434,0
306435,0
306436,0
306437,0
306438,0
306439,0
306440,0
306441,0
306442,0
306443,0
306444,0
306445,0
306446,0
306447,0
306448,0
306449,0
306450,0
306451,0
306452,0
306453,0
306454,0
306455,0
306456,0
306457,0
306458,0
306459,0
306460,0
306461,0
306462,0
306463,0
306464,0
306465,0
306466,0
306467,0
306468,0
306469,0
306470,0
306471,0
306472,0
306473,0
306474,0
306475,0
306476,0
306477,0
306478,0
306479,0
306480,0
306481,0
306482,0
306483,0
306484,0
306485,0
306486,0
306487,0
306488,0
306489,0
306490,0
306491,0
306492,0
306493,0
306494,0
306495,0
306496,0
306497,0
306498,0
306499,0
306500,0
306501,0
306502,0
306503,0
306504,0
306505,0
306506,0
306507,0
306508,0
306509,0
306510,0
306511,0
306512,0
306513,0
306514,0
306515,0
306516,0
306517,0
306518,0
306519,0
306520,0
306521,0
306522,0
306523,0
306524,0
306525,0
306526,0
306527,0
306528,0
306529,0
306530,0
306531,0
306532,0
306533,0
306534,0
306535,0
306536,0
306537,0
306538,0
306539,0
306540,0
306541,0
306542,0
306543,0
306544,0
306545,0
306546,0
306547,0
306548,0
306549,0
306550,0
306551,0
306552,0
306553,0
306554,0
306555,0
306556,0
306557,0
306558,0
306559,0
306560,0
306561,0
306562,0
306563,0
306564,0
306565,0
306566,0
306567,0
306568,0
306569,0
306570,0
306571,0
306572,0
306573,0
306574,0
306575,0
306576,0
306577,0
306578,0
306579,0
306580,0
306581,0
306582,0
306583,0
306584,0
306585,0
306586,0
306587,0
306588,0
306589,0
306590,0
306591,0
306592,0
306593,0
306594,0
306595,0
306596,0
306597,0
306598,0
306599,0
306600,0
306601,0
306602,0
306603,0
306604,0
306605,0
306606,0
306607,0
306608,0
306609,0
306610,0
306611,0
306612,0
306613,0
306614,0
306615,0
306616,0
306617,0
306618,0
306619,0
306620,0
306621,0
306622,0
306623,0
306624,0
306625,0
306626,0
306627,0
306628,0
306629,0
306630,0
306631,0
306632,0
306633,0
306634,0
306635,0
306636,0
306637,0
306638,0
306639,0
306640,0
306641,0
306642,0
306643,0
306644,0
306645,0
306646,0
306647,0
306648,0
306649,0
306650,0
306651,0
306652,0
306653,0
306654,0
306655,0
306656,0
306657,0
306658,0
306659,0
306660,0
306661,0
306662,0
306663,0
306664,0
306665,0
306666,0
306667,0
306668,0
306669,0
306670,0
306671,0
306672,0
306673,0
306674,0
306675,0
306676,0
306677,0
306678,0
306679,0
306680,0
306681,0
306682,0
306683,0
306684,0
306685,0
306686,0
306687,0
306688,0
306689,0
306690,0
306691,0
306692,0
306693,0
306694,0
306695,0
306696,0
306697,0
306698,0
306699,0
306700,0
306701,0
306702,0
306703,0
306704,0
306705,0
306706,0
306707,0
306708,0
306709,0
306710,0
306711,0
306712,0
306713,0
306714,0
306715,0
306716,0
306717,0
306718,0
306719,0
306720,0
306721,0
306722,0
306723,0
306724,0
306725,0
306726,0
306727,0
306728,0
306729,0
306730,0
306731,0
306732,0
306733,0
306734,0
306735,0
306736,0
306737,0
306738,0
306739,0
306740,0
306741,0
306742,0
306743,0
306744,0
306745,0
306746,0
306747,0
306748,0
306749,0
306750,0
306751,0
306752,0
306753,0
306754,0
306755,0
306756,0
306757,0
306758,0
306759,0
306760,0
306761,0
306762,0
306763,0
306764,0
306765,0
306766,0
306767,0
306768,0
306769,0
306770,0
306771,0
306772,0
306773,0
306774,0
306775,0
306776,0
306777,0
306778,0
306779,0
306780,0
306781,0
306782,0
306783,0
306784,0
306785,0
306786,0
306787,0
306788,0
306789,0
306790,0
306791,0
306792,0
306793,0
306794,0
306795,0
306796,0
306797,0
306798,0
306799,0
306800,0
306801,0
306802,0
306803,0
306804,0
306805,0
306806,0
306807,0
306808,0
306809,0
306810,0
306811,0
306812,0
306813,0
306814,0
306815,0
306816,0
306817,0
306818,0
306819,0
306820,0
306821,0
306822,0
306823,0
306824,0
306825,0
306826,0
306827,0
306828,0
306829,0
306830,0
306831,0
306832,0
306833,0
306834,0
306835,0
306836,0
306837,0
306838,0
306839,0
306840,0
306841,0
306842,0
306843,0
306844,0
306845,0
306846,0
306847,0
306848,0
306849,0
306850,0
306851,0
306852,0
306853,0
306854,0
306855,0
306856,0
306857,0
306858,0
306859,0
306860,0
306861,0
306862,0
306863,0
306864,0
306865,0
306866,0
306867,0
306868,0
306869,0
306870,0
306871,0
306872,0
306873,0
306874,0
306875,0
306876,0
306877,0
306878,0
306879,0
306880,0
306881,0
306882,0
306883,0
306884,0
306885,0
306886,0
306887,0
306888,0
306889,0
306890,0
306891,0
306892,0
306893,0
306894,0
306895,0
306896,0
306897,0
306898,0
306899,0
306900,0
306901,0
306902,0
306903,0
306904,0
306905,0
306906,0
306907,0
306908,0
306909,0
306910,0
306911,0
306912,0
306913,0
306914,0
306915,0
306916,0
306917,0
306918,0
306919,0
306920,0
306921,0
306922,0
306923,0
306924,0
306925,0
306926,0
306927,0
306928,0
306929,0
306930,0
306931,0
306932,0
306933,0
306934,0
306935,0
306936,0
306937,0
306938,0
306939,0
306940,0
306941,0
306942,0
306943,0
306944,0
306945,0
306946,0
306947,0
306948,0
306949,0
306950,0
306951,0
306952,0
306953,0
306954,0
306955,0
306956,0
306957,0
306958,0
306959,0
306960,0
306961,0
306962,0
306963,0
306964,0
306965,0
306966,0
306967,0
306968,0
306969,0
306970,0
306971,0
306972,0
306973,0
306974,0
306975,0
306976,0
306977,0
306978,0
306979,0
306980,0
306981,0
306982,0
306983,0
306984,0
306985,0
306986,0
306987,0
306988,0
306989,0
306990,0
306991,0
306992,0
306993,0
306994,0
306995,0
306996,0
306997,0
306998,0
306999,0
307000,0
307001,0
307002,0
307003,0
307004,0
307005,0
307006,0
307007,0
307008,0
307009,0
307010,0
307011,0
307012,0
307013,0
307014,0
307015,0
307016,0
307017,0
307018,0
307019,0
307020,0
307021,0
307022,0
307023,0
307024,0
307025,0
307026,0
307027,0
307028,0
307029,0
307030,0
307031,0
307032,0
307033,0
307034,0
307035,0
307036,0
307037,0
307038,0
307039,0
307040,0
307041,0
307042,0
307043,0
307044,0
307045,0
307046,0
307047,0
307048,0
307049,0
307050,0
307051,0
307052,0
307053,0
307054,0
307055,0
307056,0
307057,0
307058,0
307059,0
307060,0
307061,0
307062,0
307063,0
307064,0
307065,0
307066,0
307067,0
307068,0
307069,0
307070,0
307071,0
307072,0
307073,0
307074,0
307075,0
307076,0
307077,0
307078,0
307079,0
307080,0
307081,0
307082,0
307083,0
307084,0
307085,0
307086,0
307087,0
307088,0
307089,0
307090,0
307091,0
307092,0
307093,0
307094,0
307095,0
307096,0
307097,0
307098,0
307099,0
307100,0
307101,0
307102,0
307103,0
307104,0
307105,0
307106,0
307107,0
307108,0
307109,0
307110,0
307111,0
307112,0
307113,0
307114,0
307115,0
307116,0
307117,0
307118,0
307119,0
307120,0
307121,0
307122,0
307123,0
307124,0
307125,0
307126,0
307127,0
307128,0
307129,0
307130,0
307131,0
307132,0
307133,0
307134,0
307135,0
307136,0
307137,0
307138,0
307139,0
307140,0
307141,0
307142,0
307143,0
307144,0
307145,0
307146,0
307147,0
307148,0
307149,0
307150,0
307151,0
307152,0
307153,0
307154,0
307155,0
307156,0
307157,0
307158,0
307159,0
307160,0
307161,0
307162,0
307163,0
307164,0
307165,0
307166,0
307167,0
307168,0
307169,0
307170,0
307171,0
307172,0
307173,0
307174,0
307175,0
307176,0
307177,0
307178,0
307179,0
307180,0
307181,0
307182,0
307183,0
307184,0
307185,0
307186,0
307187,0
307188,0
307189,0
307190,0
307191,0
307192,0
307193,0
307194,0
307195,0
307196,0
307197,0
307198,0
307199,0
307200,0
307201,0
307202,0
307203,0
307204,0
307205,0
307206,0
307207,0
307208,0
307209,0
307210,0
307211,0
307212,0
307213,0
307214,0
307215,0
307216,0
307217,0
307218,0
307219,0
307220,0
307221,0
307222,0
307223,0
307224,0
307225,0
307226,0
307227,0
307228,0
307229,0
307230,0
307231,0
307232,0
307233,0
307234,0
307235,0
307236,0
307237,0
307238,0
307239,0
307240,0
307241,0
307242,0
307243,0
307244,0
307245,0
307246,0
307247,0
307248,0
307249,0
307250,0
307251,0
307252,0
307253,0
307254,0
307255,0
307256,0
307257,0
307258,0
307259,0
307260,0
307261,0
307262,0
307263,0
307264,0
307265,0
307266,0
307267,0
307268,0
307269,0
307270,0
307271,0
307272,0
307273,0
307274,0
307275,0
307276,0
307277,0
307278,0
307279,0
307280,0
307281,0
307282,0
307283,0
307284,0
307285,0
307286,0
307287,0
307288,0
307289,0
307290,0
307291,0
307292,0
307293,0
307294,0
307295,0
307296,0
307297,0
307298,0
307299,0
307300,0
307301,0
307302,0
307303,0
307304,0
307305,0
307306,0
307307,0
307308,0
307309,0
307310,0
307311,0
307312,0
307313,0
307314,0
307315,0
307316,0
307317,0
307318,0
307319,0
307320,0
307321,0
307322,0
307323,0
307324,0
307325,0
307326,0
307327,0
307328,0
307329,0
307330,0
307331,0
307332,0
307333,0
307334,0
307335,0
307336,0
307337,0
307338,0
307339,0
307340,0
307341,0
307342,0
307343,0
307344,0
307345,0
307346,0
307347,0
307348,0
307349,0
307350,0
307351,0
307352,0
307353,0
307354,0
307355,0
307356,0
307357,0
307358,0
307359,0
307360,0
307361,0
307362,0
307363,0
307364,0
307365,0
307366,0
307367,0
307368,0
307369,0
307370,0
307371,0
307372,0
307373,0
307374,0
307375,0
307376,0
307377,0
307378,0
307379,0
307380,0
307381,0
307382,0
307383,0
307384,0
307385,0
307386,0
307387,0
307388,0
307389,0
307390,0
307391,0
307392,0
307393,0
307394,0
307395,0
307396,0
307397,0
307398,0
307399,0
307400,0
307401,0
307402,0
307403,0
307404,0
307405,0
307406,0
307407,0
307408,0
307409,0
307410,0
307411,0
307412,0
307413,0
307414,0
307415,0
307416,0
307417,0
307418,0
307419,0
307420,0
307421,0
307422,0
307423,0
307424,0
307425,0
307426,0
307427,0
307428,0
307429,0
307430,0
307431,0
307432,0
307433,0
307434,0
307435,0
307436,0
307437,0
307438,0
307439,0
307440,0
307441,0
307442,0
307443,0
307444,0
307445,0
307446,0
307447,0
307448,0
307449,0
307450,0
307451,0
307452,0
307453,0
307454,0
307455,0
307456,0
307457,0
307458,0
307459,0
307460,0
307461,0
307462,0
307463,0
307464,0
307465,0
307466,0
307467,0
307468,0
307469,0
307470,0
307471,0
307472,0
307473,0
307474,0
307475,0
307476,0
307477,0
307478,0
307479,0
307480,0
307481,0
307482,0
307483,0
307484,0
307485,0
307486,0
307487,0
307488,0
307489,0
307490,0
307491,0
307492,0
307493,0
307494,0
307495,0
307496,0
307497,0
307498,0
307499,0
307500,0
307501,0
307502,0
307503,0
307504,0
307505,0
307506,0
307507,0
307508,0
307509,0
307510,0
307511,0
307512,0
307513,0
307514,0
307515,0
307516,0
307517,0
307518,0
307519,0
307520,0
307521,0
307522,0
307523,0
307524,0
307525,0
307526,0
307527,0
307528,0
307529,0
307530,0
307531,0
307532,0
307533,0
307534,0
307535,0
307536,0
307537,0
307538,0
307539,0
307540,0
307541,0
307542,0
307543,0
307544,0
307545,0
307546,0
307547,0
307548,0
307549,0
307550,0
307551,0
307552,0
307553,0
307554,0
307555,0
307556,0
307557,0
307558,0
307559,0
307560,0
307561,0
307562,0
307563,0
307564,0
307565,0
307566,0
307567,0
307568,0
307569,0
307570,0
307571,0
307572,0
307573,0
307574,0
307575,0
307576,0
307577,0
307578,0
307579,0
307580,0
307581,0
307582,0
307583,0
307584,0
307585,0
307586,0
307587,0
307588,0
307589,0
307590,0
307591,0
307592,0
307593,0
307594,0
307595,0
307596,0
307597,0
307598,0
307599,0
307600,0
307601,0
307602,0
307603,0
307604,0
307605,0
307606,0
307607,0
307608,0
307609,0
307610,0
307611,0
307612,0
307613,0
307614,0
307615,0
307616,0
307617,0
307618,0
307619,0
307620,0
307621,0
307622,0
307623,0
307624,0
307625,0
307626,0
307627,0
307628,0
307629,0
307630,0
307631,0
307632,0
307633,0
307634,0
307635,0
307636,0
307637,0
307638,0
307639,0
307640,0
307641,0
307642,0
307643,0
307644,0
307645,0
307646,0
307647,0
307648,0
307649,0
307650,0
307651,0
307652,0
307653,0
307654,0
307655,0
307656,0
307657,0
307658,0
307659,0
307660,0
307661,0
307662,0
307663,0
307664,0
307665,0
307666,0
307667,0
307668,0
307669,0
307670,0
307671,0
307672,0
307673,0
307674,0
307675,0
307676,0
307677,0
307678,0
307679,0
307680,0
307681,0
307682,0
307683,0
307684,0
307685,0
307686,0
307687,0
307688,0
307689,0
307690,0
307691,0
307692,0
307693,0
307694,0
307695,0
307696,0
307697,0
307698,0
307699,0
307700,0
307701,0
307702,0
307703,0
307704,0
307705,0
307706,0
307707,0
307708,0
307709,0
307710,0
307711,0
307712,0
307713,0
307714,0
307715,0
307716,0
307717,0
307718,0
307719,0
307720,0
307721,0
307722,0
307723,0
307724,0
307725,0
307726,0
307727,0
307728,0
307729,0
307730,0
307731,0
307732,0
307733,0
307734,0
307735,0
307736,0
307737,0
307738,0
307739,0
307740,0
307741,0
307742,0
307743,0
307744,0
307745,0
307746,0
307747,0
307748,0
307749,0
307750,0
307751,0
307752,0
307753,0
307754,0
307755,0
307756,0
307757,0
307758,0
307759,0
307760,0
307761,0
307762,0
307763,0
307764,0
307765,0
307766,0
307767,0
307768,0
307769,0
307770,0
307771,0
307772,0
307773,0
307774,0
307775,0
307776,0
307777,0
307778,0
307779,0
307780,0
307781,0
307782,0
307783,0
307784,0
307785,0
307786,0
307787,0
307788,0
307789,0
307790,0
307791,0
307792,0
307793,0
307794,0
307795,0
307796,0
307797,0
307798,0
307799,0
307800,0
307801,0
307802,0
307803,0
307804,0
307805,0
307806,0
307807,0
307808,0
307809,0
307810,0
307811,0
307812,0
307813,0
307814,0
307815,0
307816,0
307817,0
307818,0
307819,0
307820,0
307821,0
307822,0
307823,0
307824,0
307825,0
307826,0
307827,0
307828,0
307829,0
307830,0
307831,0
307832,0
307833,0
307834,0
307835,0
307836,0
307837,0
307838,0
307839,0
307840,0
307841,0
307842,0
307843,0
307844,0
307845,0
307846,0
307847,0
307848,0
307849,0
307850,0
307851,0
307852,0
307853,0
307854,0
307855,0
307856,0
307857,0
307858,0
307859,0
307860,0
307861,0
307862,0
307863,0
307864,0
307865,0
307866,0
307867,0
307868,0
307869,0
307870,0
307871,0
307872,0
307873,0
307874,0
307875,0
307876,0
307877,0
307878,0
307879,0
307880,0
307881,0
307882,0
307883,0
307884,0
307885,0
307886,0
307887,0
307888,0
307889,0
307890,0
307891,0
307892,0
307893,0
307894,0
307895,0
307896,0
307897,0
307898,0
307899,0
307900,0
307901,0
307902,0
307903,0
307904,0
307905,0
307906,0
307907,0
307908,0
307909,0
307910,0
307911,0
307912,0
307913,0
307914,0
307915,0
307916,0
307917,0
307918,0
307919,0
307920,0
307921,0
307922,0
307923,0
307924,0
307925,0
307926,0
307927,0
307928,0
307929,0
307930,0
307931,0
307932,0
307933,0
307934,0
307935,0
307936,0
307937,0
307938,0
307939,0
307940,0
307941,0
307942,0
307943,0
307944,0
307945,0
307946,0
307947,0
307948,0
307949,0
307950,0
307951,0
307952,0
307953,0
307954,0
307955,0
307956,0
307957,0
307958,0
307959,0
307960,0
307961,0
307962,0
307963,0
307964,0
307965,0
307966,0
307967,0
307968,0
307969,0
307970,0
307971,0
307972,0
307973,0
307974,0
307975,0
307976,0
307977,0
307978,0
307979,0
307980,0
307981,0
307982,0
307983,0
307984,0
307985,0
307986,0
307987,0
307988,0
307989,0
307990,0
307991,0
307992,0
307993,0
307994,0
307995,0
307996,0
307997,0
307998,0
307999,0
308000,0
308001,0
308002,0
308003,0
308004,0
308005,0
308006,0
308007,0
308008,0
308009,0
308010,0
308011,0
308012,0
308013,0
308014,0
308015,0
308016,0
308017,0
308018,0
308019,0
308020,0
308021,0
308022,0
308023,0
308024,0
308025,0
308026,0
308027,0
308028,0
308029,0
308030,0
308031,0
308032,0
308033,0
308034,0
308035,0
308036,0
308037,0
308038,0
308039,0
308040,0
308041,0
308042,0
308043,0
308044,0
308045,0
308046,0
308047,0
308048,0
308049,0
308050,0
308051,0
308052,0
308053,0
308054,0
308055,0
308056,0
308057,0
308058,0
308059,0
308060,0
308061,0
308062,0
308063,0
308064,0
308065,0
308066,0
308067,0
308068,0
308069,0
308070,0
308071,0
308072,0
308073,0
308074,0
308075,0
308076,0
308077,0
308078,0
308079,0
308080,0
308081,0
308082,0
308083,0
308084,0
308085,0
308086,0
308087,0
308088,0
308089,0
308090,0
308091,0
308092,0
308093,0
308094,0
308095,0
308096,0
308097,0
308098,0
308099,0
308100,0
308101,0
308102,0
308103,0
308104,0
308105,0
308106,0
308107,0
308108,0
308109,0
308110,0
308111,0
308112,0
308113,0
308114,0
308115,0
308116,0
308117,0
308118,0
308119,0
308120,0
308121,0
308122,0
308123,0
308124,0
308125,0
308126,0
308127,0
308128,0
308129,0
308130,0
308131,0
308132,0
308133,0
308134,0
308135,0
308136,0
308137,0
308138,0
308139,0
308140,0
308141,0
308142,0
308143,0
308144,0
308145,0
308146,0
308147,0
308148,0
308149,0
308150,0
308151,0
308152,0
308153,0
308154,0
308155,0
308156,0
308157,0
308158,0
308159,0
308160,0
308161,0
308162,0
308163,0
308164,0
308165,0
308166,0
308167,0
308168,0
308169,0
308170,0
308171,0
308172,0
308173,0
308174,0
308175,0
308176,0
308177,0
308178,0
308179,0
308180,0
308181,0
308182,0
308183,0
308184,0
308185,0
308186,0
308187,0
308188,0
308189,0
308190,0
308191,0
308192,0
308193,0
308194,0
308195,0
308196,0
308197,0
308198,0
308199,0
308200,0
308201,0
308202,0
308203,0
308204,0
308205,0
308206,0
308207,0
308208,0
308209,0
308210,0
308211,0
308212,0
308213,0
308214,0
308215,0
308216,0
308217,0
308218,0
308219,0
308220,0
308221,0
308222,0
308223,0
308224,0
308225,0
308226,0
308227,0
308228,0
308229,0
308230,0
308231,0
308232,0
308233,0
308234,0
308235,0
308236,0
308237,0
308238,0
308239,0
308240,0
308241,0
308242,0
308243,0
308244,0
308245,0
308246,0
308247,0
308248,0
308249,0
308250,0
308251,0
308252,0
308253,0
308254,0
308255,0
308256,0
308257,0
308258,0
308259,0
308260,0
308261,0
308262,0
308263,0
308264,0
308265,0
308266,0
308267,0
308268,0
308269,0
308270,0
308271,0
308272,0
308273,0
308274,0
308275,0
308276,0
308277,0
308278,0
308279,0
308280,0
308281,0
308282,0
308283,0
308284,0
308285,0
308286,0
308287,0
308288,0
308289,0
308290,0
308291,0
308292,0
308293,0
308294,0
308295,0
308296,0
308297,0
308298,0
308299,0
308300,0
308301,0
308302,0
308303,0
308304,0
308305,0
308306,0
308307,0
308308,0
308309,0
308310,0
308311,0
308312,0
308313,0
308314,0
308315,0
308316,0
308317,0
308318,0
308319,0
308320,0
308321,0
308322,0
308323,0
308324,0
308325,0
308326,0
308327,0
308328,0
308329,0
308330,0
308331,0
308332,0
308333,0
308334,0
308335,0
308336,0
308337,0
308338,0
308339,0
308340,0
308341,0
308342,0
308343,0
308344,0
308345,0
308346,0
308347,0
308348,0
308349,0
308350,0
308351,0
308352,0
308353,0
308354,0
308355,0
308356,0
308357,0
308358,0
308359,0
308360,0
308361,0
308362,0
308363,0
308364,0
308365,0
308366,0
308367,0
308368,0
308369,0
308370,0
308371,0
308372,0
308373,0
308374,0
308375,0
308376,0
308377,0
308378,0
308379,0
308380,0
308381,0
308382,0
308383,0
308384,0
308385,0
308386,0
308387,0
308388,0
308389,0
308390,0
308391,0
308392,0
308393,0
308394,0
308395,0
308396,0
308397,0
308398,0
308399,0
308400,0
308401,0
308402,0
308403,0
308404,0
308405,0
308406,0
308407,0
308408,0
308409,0
308410,0
308411,0
308412,0
308413,0
308414,0
308415,0
308416,0
308417,0
308418,0
308419,0
308420,0
308421,0
308422,0
308423,0
308424,0
308425,0
308426,0
308427,0
308428,0
308429,0
308430,0
308431,0
308432,0
308433,0
308434,0
308435,0
308436,0
308437,0
308438,0
308439,0
308440,0
308441,0
308442,0
308443,0
308444,0
308445,0
308446,0
308447,0
308448,0
308449,0
308450,0
308451,0
308452,0
308453,0
308454,0
308455,0
308456,0
308457,0
308458,0
308459,0
308460,0
308461,0
308462,0
308463,0
308464,0
308465,0
308466,0
308467,0
308468,0
308469,0
308470,0
308471,0
308472,0
308473,0
308474,0
308475,0
308476,0
308477,0
308478,0
308479,0
308480,0
308481,0
308482,0
308483,0
308484,0
308485,0
308486,0
308487,0
308488,0
308489,0
308490,0
308491,0
308492,0
308493,0
308494,0
308495,0
308496,0
308497,0
308498,0
308499,0
308500,0
308501,0
308502,0
308503,0
308504,0
308505,0
308506,0
308507,0
308508,0
308509,0
308510,0
308511,0
308512,0
308513,0
308514,0
308515,0
308516,0
308517,0
308518,0
308519,0
308520,0
308521,0
308522,0
308523,0
308524,0
308525,0
308526,0
308527,0
308528,0
308529,0
308530,0
308531,0
308532,0
308533,0
308534,0
308535,0
308536,0
308537,0
308538,0
308539,0
308540,0
308541,0
308542,0
308543,0
308544,0
308545,0
308546,0
308547,0
308548,0
308549,0
308550,0
308551,0
308552,0
308553,0
308554,0
308555,0
308556,0
308557,0
308558,0
308559,0
308560,0
308561,0
308562,0
308563,0
308564,0
308565,0
308566,0
308567,0
308568,0
308569,0
308570,0
308571,0
308572,0
308573,0
308574,0
308575,0
308576,0
308577,0
308578,0
308579,0
308580,0
308581,0
308582,0
308583,0
308584,0
308585,0
308586,0
308587,0
308588,0
308589,0
308590,0
308591,0
308592,0
308593,0
308594,0
308595,0
308596,0
308597,0
308598,0
308599,0
308600,0
308601,0
308602,0
308603,0
308604,0
308605,0
308606,0
308607,0
308608,0
308609,0
308610,0
308611,0
308612,0
308613,0
308614,0
308615,0
308616,0
308617,0
308618,0
308619,0
308620,0
308621,0
308622,0
308623,0
308624,0
308625,0
308626,0
308627,0
308628,0
308629,0
308630,0
308631,0
308632,0
308633,0
308634,0
308635,0
308636,0
308637,0
308638,0
308639,0
308640,0
308641,0
308642,0
308643,0
308644,0
308645,0
308646,0
308647,0
308648,0
308649,0
308650,0
308651,0
308652,0
308653,0
308654,0
308655,0
308656,0
308657,0
308658,0
308659,0
308660,0
308661,0
308662,0
308663,0
308664,0
308665,0
308666,0
308667,0
308668,0
308669,0
308670,0
308671,0
308672,0
308673,0
308674,0
308675,0
308676,0
308677,0
308678,0
308679,0
308680,0
308681,0
308682,0
308683,0
308684,0
308685,0
308686,0
308687,0
308688,0
308689,0
308690,0
308691,0
308692,0
308693,0
308694,0
308695,0
308696,0
308697,0
308698,0
308699,0
308700,0
308701,0
308702,0
308703,0
308704,0
308705,0
308706,0
308707,0
308708,0
308709,0
308710,0
308711,0
308712,0
308713,0
308714,0
308715,0
308716,0
308717,0
308718,0
308719,0
308720,0
308721,0
308722,0
308723,0
308724,0
308725,0
308726,0
308727,0
308728,0
308729,0
308730,0
308731,0
308732,0
308733,0
308734,0
308735,0
308736,0
308737,0
308738,0
308739,0
308740,0
308741,0
308742,0
308743,0
308744,0
308745,0
308746,0
308747,0
308748,0
308749,0
308750,0
308751,0
308752,0
308753,0
308754,0
308755,0
308756,0
308757,0
308758,0
308759,0
308760,0
308761,0
308762,0
308763,0
308764,0
308765,0
308766,0
308767,0
308768,0
308769,0
308770,0
308771,0
308772,0
308773,0
308774,0
308775,0
308776,0
308777,0
308778,0
308779,0
308780,0
308781,0
308782,0
308783,0
308784,0
308785,0
308786,0
308787,0
308788,0
308789,0
308790,0
308791,0
308792,0
308793,0
308794,0
308795,0
308796,0
308797,0
308798,0
308799,0
308800,0
308801,0
308802,0
308803,0
308804,0
308805,0
308806,0
308807,0
308808,0
308809,0
308810,0
308811,0
308812,0
308813,0
308814,0
308815,0
308816,0
308817,0
308818,0
308819,0
308820,0
308821,0
308822,0
308823,0
308824,0
308825,0
308826,0
308827,0
308828,0
308829,0
308830,0
308831,0
308832,0
308833,0
308834,0
308835,0
308836,0
308837,0
308838,0
308839,0
308840,0
308841,0
308842,0
308843,0
308844,0
308845,0
308846,0
308847,0
308848,0
308849,0
308850,0
308851,0
308852,0
308853,0
308854,0
308855,0
308856,0
308857,0
308858,0
308859,0
308860,0
308861,0
308862,0
308863,0
308864,0
308865,0
308866,0
308867,0
308868,0
308869,0
308870,0
308871,0
308872,0
308873,0
308874,0
308875,0
308876,0
308877,0
308878,0
308879,0
308880,0
308881,0
308882,0
308883,0
308884,0
308885,0
308886,0
308887,0
308888,0
308889,0
308890,0
308891,0
308892,0
308893,0
308894,0
308895,0
308896,0
308897,0
308898,0
308899,0
308900,0
308901,0
308902,0
308903,0
308904,0
308905,0
308906,0
308907,0
308908,0
308909,0
308910,0
308911,0
308912,0
308913,0
308914,0
308915,0
308916,0
308917,0
308918,0
308919,0
308920,0
308921,0
308922,0
308923,0
308924,0
308925,0
308926,0
308927,0
308928,0
308929,0
308930,0
308931,0
308932,0
308933,0
308934,0
308935,0
308936,0
308937,0
308938,0
308939,0
308940,0
308941,0
308942,0
308943,0
308944,0
308945,0
308946,0
308947,0
308948,0
308949,0
308950,0
308951,0
308952,0
308953,0
308954,0
308955,0
308956,0
308957,0
308958,0
308959,0
308960,0
308961,0
308962,0
308963,0
308964,0
308965,0
308966,0
308967,0
308968,0
308969,0
308970,0
308971,0
308972,0
308973,0
308974,0
308975,0
308976,0
308977,0
308978,0
308979,0
308980,0
308981,0
308982,0
308983,0
308984,0
308985,0
308986,0
308987,0
308988,0
308989,0
308990,0
308991,0
308992,0
308993,0
308994,0
308995,0
308996,0
308997,0
308998,0
308999,0
309000,0
309001,0
309002,0
309003,0
309004,0
309005,0
309006,0
309007,0
309008,0
309009,0
309010,0
309011,0
309012,0
309013,0
309014,0
309015,0
309016,0
309017,0
309018,0
309019,0
309020,0
309021,0
309022,0
309023,0
309024,0
309025,0
309026,0
309027,0
309028,0
309029,0
309030,0
309031,0
309032,0
309033,0
309034,0
309035,0
309036,0
309037,0
309038,0
309039,0
309040,0
309041,0
309042,0
309043,0
309044,0
309045,0
309046,0
309047,0
309048,0
309049,0
309050,0
309051,0
309052,0
309053,0
309054,0
309055,0
309056,0
309057,0
309058,0
309059,0
309060,0
309061,0
309062,0
309063,0
309064,0
309065,0
309066,0
309067,0
309068,0
309069,0
309070,0
309071,0
309072,0
309073,0
309074,0
309075,0
309076,0
309077,0
309078,0
309079,0
309080,0
309081,0
309082,0
309083,0
309084,0
309085,0
309086,0
309087,0
309088,0
309089,0
309090,0
309091,0
309092,0
309093,0
309094,0
309095,0
309096,0
309097,0
309098,0
309099,0
309100,0
309101,0
309102,0
309103,0
309104,0
309105,0
309106,0
309107,0
309108,0
309109,0
309110,0
309111,0
309112,0
309113,0
309114,0
309115,0
309116,0
309117,0
309118,0
309119,0
309120,0
309121,0
309122,0
309123,0
309124,0
309125,0
309126,0
309127,0
309128,0
309129,0
309130,0
309131,0
309132,0
309133,0
309134,0
309135,0
309136,0
309137,0
309138,0
309139,0
309140,0
309141,0
309142,0
309143,0
309144,0
309145,0
309146,0
309147,0
309148,0
309149,0
309150,0
309151,0
309152,0
309153,0
309154,0
309155,0
309156,0
309157,0
309158,0
309159,0
309160,0
309161,0
309162,0
309163,0
309164,0
309165,0
309166,0
309167,0
309168,0
309169,0
309170,0
309171,0
309172,0
309173,0
309174,0
309175,0
309176,0
309177,0
309178,0
309179,0
309180,0
309181,0
309182,0
309183,0
309184,0
309185,0
309186,0
309187,0
309188,0
309189,0
309190,0
309191,0
309192,0
309193,0
309194,0
309195,0
309196,0
309197,0
309198,0
309199,0
309200,0
309201,0
309202,0
309203,0
309204,0
309205,0
309206,0
309207,0
309208,0
309209,0
309210,0
309211,0
309212,0
309213,0
309214,0
309215,0
309216,0
309217,0
309218,0
309219,0
309220,0
309221,0
309222,0
309223,0
309224,0
309225,0
309226,0
309227,0
309228,0
309229,0
309230,0
309231,0
309232,0
309233,0
309234,0
309235,0
309236,0
309237,0
309238,0
309239,0
309240,0
309241,0
309242,0
309243,0
309244,0
309245,0
309246,0
309247,0
309248,0
309249,0
309250,0
309251,0
309252,0
309253,0
309254,0
309255,0
309256,0
309257,0
309258,0
309259,0
309260,0
309261,0
309262,0
309263,0
309264,0
309265,0
309266,0
309267,0
309268,0
309269,0
309270,0
309271,0
309272,0
309273,0
309274,0
309275,0
309276,0
309277,0
309278,0
309279,0
309280,0
309281,0
309282,0
309283,0
309284,0
309285,0
309286,0
309287,0
309288,0
309289,0
309290,0
309291,0
309292,0
309293,0
309294,0
309295,0
309296,0
309297,0
309298,0
309299,0
309300,0
309301,0
309302,0
309303,0
309304,0
309305,0
309306,0
309307,0
309308,0
309309,0
309310,0
309311,0
309312,0
309313,0
309314,0
309315,0
309316,0
309317,0
309318,0
309319,0
309320,0
309321,0
309322,0
309323,0
309324,0
309325,0
309326,0
309327,0
309328,0
309329,0
309330,0
309331,0
309332,0
309333,0
309334,0
309335,0
309336,0
309337,0
309338,0
309339,0
309340,0
309341,0
309342,0
309343,0
309344,0
309345,0
309346,0
309347,0
309348,0
309349,0
309350,0
309351,0
309352,0
309353,0
309354,0
309355,0
309356,0
309357,0
309358,0
309359,0
309360,0
309361,0
309362,0
309363,0
309364,0
309365,0
309366,0
309367,0
309368,0
309369,0
309370,0
309371,0
309372,0
309373,0
309374,0
309375,0
309376,0
309377,0
309378,0
309379,0
309380,0
309381,0
309382,0
309383,0
309384,0
309385,0
309386,0
309387,0
309388,0
309389,0
309390,0
309391,0
309392,0
309393,0
309394,0
309395,0
309396,0
309397,0
309398,0
309399,0
309400,0
309401,0
309402,0
309403,0
309404,0
309405,0
309406,0
309407,0
309408,0
309409,0
309410,0
309411,0
309412,0
309413,0
309414,0
309415,0
309416,0
309417,0
309418,0
309419,0
309420,0
309421,0
309422,0
309423,0
309424,0
309425,0
309426,0
309427,0
309428,0
309429,0
309430,0
309431,0
309432,0
309433,0
309434,0
309435,0
309436,0
309437,0
309438,0
309439,0
309440,0
309441,0
309442,0
309443,0
309444,0
309445,0
309446,0
309447,0
309448,0
309449,0
309450,0
309451,0
309452,0
309453,0
309454,0
309455,0
309456,0
309457,0
309458,0
309459,0
309460,0
309461,0
309462,0
309463,0
309464,0
309465,0
309466,0
309467,0
309468,0
309469,0
309470,0
309471,0
309472,0
309473,0
309474,0
309475,0
309476,0
309477,0
309478,0
309479,0
309480,0
309481,0
309482,0
309483,0
309484,0
309485,0
309486,0
309487,0
309488,0
309489,0
309490,0
309491,0
309492,0
309493,0
309494,0
309495,0
309496,0
309497,0
309498,0
309499,0
309500,0
309501,0
309502,0
309503,0
309504,0
309505,0
309506,0
309507,0
309508,0
309509,0
309510,0
309511,0
309512,0
309513,0
309514,0
309515,0
309516,0
309517,0
309518,0
309519,0
309520,0
309521,0
309522,0
309523,0
309524,0
309525,0
309526,0
309527,0
309528,0
309529,0
309530,0
309531,0
309532,0
309533,0
309534,0
309535,0
309536,0
309537,0
309538,0
309539,0
309540,0
309541,0
309542,0
309543,0
309544,0
309545,0
309546,0
309547,0
309548,0
309549,0
309550,0
309551,0
309552,0
309553,0
309554,0
309555,0
309556,0
309557,0
309558,0
309559,0
309560,0
309561,0
309562,0
309563,0
309564,0
309565,0
309566,0
309567,0
309568,0
309569,0
309570,0
309571,0
309572,0
309573,0
309574,0
309575,0
309576,0
309577,0
309578,0
309579,0
309580,0
309581,0
309582,0
309583,0
309584,0
309585,0
309586,0
309587,0
309588,0
309589,0
309590,0
309591,0
309592,0
309593,0
309594,0
309595,0
309596,0
309597,0
309598,0
309599,0
309600,0
309601,0
309602,0
309603,0
309604,0
309605,0
309606,0
309607,0
309608,0
309609,0
309610,0
309611,0
309612,0
309613,0
309614,0
309615,0
309616,0
309617,0
309618,0
309619,0
309620,0
309621,0
309622,0
309623,0
309624,0
309625,0
309626,0
309627,0
309628,0
309629,0
309630,0
309631,0
309632,0
309633,0
309634,0
309635,0
309636,0
309637,0
309638,0
309639,0
309640,0
309641,0
309642,0
309643,0
309644,0
309645,0
309646,0
309647,0
309648,0
309649,0
309650,0
309651,0
309652,0
309653,0
309654,0
309655,0
309656,0
309657,0
309658,0
309659,0
309660,0
309661,0
309662,0
309663,0
309664,0
309665,0
309666,0
309667,0
309668,0
309669,0
309670,0
309671,0
309672,0
309673,0
309674,0
309675,0
309676,0
309677,0
309678,0
309679,0
309680,0
309681,0
309682,0
309683,0
309684,0
309685,0
309686,0
309687,0
309688,0
309689,0
309690,0
309691,0
309692,0
309693,0
309694,0
309695,0
309696,0
309697,0
309698,0
309699,0
309700,0
309701,0
309702,0
309703,0
309704,0
309705,0
309706,0
309707,0
309708,0
309709,0
309710,0
309711,0
309712,0
309713,0
309714,0
309715,0
309716,0
309717,0
309718,0
309719,0
309720,0
309721,0
309722,0
309723,0
309724,0
309725,0
309726,0
309727,0
309728,0
309729,0
309730,0
309731,0
309732,0
309733,0
309734,0
309735,0
309736,0
309737,0
309738,0
309739,0
309740,0
309741,0
309742,0
309743,0
309744,0
309745,0
309746,0
309747,0
309748,0
309749,0
309750,0
309751,0
309752,0
309753,0
309754,0
309755,0
309756,0
309757,0
309758,0
309759,0
309760,0
309761,0
309762,0
309763,0
309764,0
309765,0
309766,0
309767,0
309768,0
309769,0
309770,0
309771,0
309772,0
309773,0
309774,0
309775,0
309776,0
309777,0
309778,0
309779,0
309780,0
309781,0
309782,0
309783,0
309784,0
309785,0
309786,0
309787,0
309788,0
309789,0
309790,0
309791,0
309792,0
309793,0
309794,0
309795,0
309796,0
309797,0
309798,0
309799,0
309800,0
309801,0
309802,0
309803,0
309804,0
309805,0
309806,0
309807,0
309808,0
309809,0
309810,0
309811,0
309812,0
309813,0
309814,0
309815,0
309816,0
309817,0
309818,0
309819,0
309820,0
309821,0
309822,0
309823,0
309824,0
309825,0
309826,0
309827,0
309828,0
309829,0
309830,0
309831,0
309832,0
309833,0
309834,0
309835,0
309836,0
309837,0
309838,0
309839,0
309840,0
309841,0
309842,0
309843,0
309844,0
309845,0
309846,0
309847,0
309848,0
309849,0
309850,0
309851,0
309852,0
309853,0
309854,0
309855,0
309856,0
309857,0
309858,0
309859,0
309860,0
309861,0
309862,0
309863,0
309864,0
309865,0
309866,0
309867,0
309868,0
309869,0
309870,0
309871,0
309872,0
309873,0
309874,0
309875,0
309876,0
309877,0
309878,0
309879,0
309880,0
309881,0
309882,0
309883,0
309884,0
309885,0
309886,0
309887,0
309888,0
309889,0
309890,0
309891,0
309892,0
309893,0
309894,0
309895,0
309896,0
309897,0
309898,0
309899,0
309900,0
309901,0
309902,0
309903,0
309904,0
309905,0
309906,0
309907,0
309908,0
309909,0
309910,0
309911,0
309912,0
309913,0
309914,0
309915,0
309916,0
309917,0
309918,0
309919,0
309920,0
309921,0
309922,0
309923,0
309924,0
309925,0
309926,0
309927,0
309928,0
309929,0
309930,0
309931,0
309932,0
309933,0
309934,0
309935,0
309936,0
309937,0
309938,0
309939,0
309940,0
309941,0
309942,0
309943,0
309944,0
309945,0
309946,0
309947,0
309948,0
309949,0
309950,0
309951,0
309952,0
309953,0
309954,0
309955,0
309956,0
309957,0
309958,0
309959,0
309960,0
309961,0
309962,0
309963,0
309964,0
309965,0
309966,0
309967,0
309968,0
309969,0
309970,0
309971,0
309972,0
309973,0
309974,0
309975,0
309976,0
309977,0
309978,0
309979,0
309980,0
309981,0
309982,0
309983,0
309984,0
309985,0
309986,0
309987,0
309988,0
309989,0
309990,0
309991,0
309992,0
309993,0
309994,0
309995,0
309996,0
309997,0
309998,0
309999,0
310000,0
310001,0
310002,0
310003,0
310004,0
310005,0
310006,0
310007,0
310008,0
310009,0
310010,0
310011,0
310012,0
310013,0
310014,0
310015,0
310016,0
310017,0
310018,0
310019,0
310020,0
310021,0
310022,0
310023,0
310024,0
310025,0
310026,0
310027,0
310028,0
310029,0
310030,0
310031,0
310032,0
310033,0
310034,0
310035,0
310036,0
310037,0
310038,0
310039,0
310040,0
310041,0
310042,0
310043,0
310044,0
310045,0
310046,0
310047,0
310048,0
310049,0
310050,0
310051,0
310052,0
310053,0
310054,0
310055,0
310056,0
310057,0
310058,0
310059,0
310060,0
310061,0
310062,0
310063,0
310064,0
310065,0
310066,0
310067,0
310068,0
310069,0
310070,0
310071,0
310072,0
310073,0
310074,0
310075,0
310076,0
310077,0
310078,0
310079,0
310080,0
310081,0
310082,0
310083,0
310084,0
310085,0
310086,0
310087,0
310088,0
310089,0
310090,0
310091,0
310092,0
310093,0
310094,0
310095,0
310096,0
310097,0
310098,0
310099,0
310100,0
310101,0
310102,0
310103,0
310104,0
310105,0
310106,0
310107,0
310108,0
310109,0
310110,0
310111,0
310112,0
310113,0
310114,0
310115,0
310116,0
310117,0
310118,0
310119,0
310120,0
310121,0
310122,0
310123,0
310124,0
310125,0
310126,0
310127,0
310128,0
310129,0
310130,0
310131,0
310132,0
310133,0
310134,0
310135,0
310136,0
310137,0
310138,0
310139,0
310140,0
310141,0
310142,0
310143,0
310144,0
310145,0
310146,0
310147,0
310148,0
310149,0
310150,0
310151,0
310152,0
310153,0
310154,0
310155,0
310156,0
310157,0
310158,0
310159,0
310160,0
310161,0
310162,0
310163,0
310164,0
310165,0
310166,0
310167,0
310168,0
310169,0
310170,0
310171,0
310172,0
310173,0
310174,0
310175,0
310176,0
310177,0
310178,0
310179,0
310180,0
310181,0
310182,0
310183,0
310184,0
310185,0
310186,0
310187,0
310188,0
310189,0
310190,0
310191,0
310192,0
310193,0
310194,0
310195,0
310196,0
310197,0
310198,0
310199,0
310200,0
310201,0
310202,0
310203,0
310204,0
310205,0
310206,0
310207,0
310208,0
310209,0
310210,0
310211,0
310212,0
310213,0
310214,0
310215,0
310216,0
310217,0
310218,0
310219,0
310220,0
310221,0
310222,0
310223,0
310224,0
310225,0
310226,0
310227,0
310228,0
310229,0
310230,0
310231,0
310232,0
310233,0
310234,0
310235,0
310236,0
310237,0
310238,0
310239,0
310240,0
310241,0
310242,0
310243,0
310244,0
310245,0
310246,0
310247,0
310248,0
310249,0
310250,0
310251,0
310252,0
310253,0
310254,0
310255,0
310256,0
310257,0
310258,0
310259,0
310260,0
310261,0
310262,0
310263,0
310264,0
310265,0
310266,0
310267,0
310268,0
310269,0
310270,0
310271,0
310272,0
310273,0
310274,0
310275,0
310276,0
310277,0
310278,0
310279,0
310280,0
310281,0
310282,0
310283,0
310284,0
310285,0
310286,0
310287,0
310288,0
310289,0
310290,0
310291,0
310292,0
310293,0
310294,0
310295,0
310296,0
310297,0
310298,0
310299,0
310300,0
310301,0
310302,0
310303,0
310304,0
310305,0
310306,0
310307,0
310308,0
310309,0
310310,0
310311,0
310312,0
310313,0
310314,0
310315,0
310316,0
310317,0
310318,0
310319,0
310320,0
310321,0
310322,0
310323,0
310324,0
310325,0
310326,0
310327,0
310328,0
310329,0
310330,0
310331,0
310332,0
310333,0
310334,0
310335,0
310336,0
310337,0
310338,0
310339,0
310340,0
310341,0
310342,0
310343,0
310344,0
310345,0
310346,0
310347,0
310348,0
310349,0
310350,0
310351,0
310352,0
310353,0
310354,0
310355,0
310356,0
310357,0
310358,0
310359,0
310360,0
310361,0
310362,0
310363,0
310364,0
310365,0
310366,0
310367,0
310368,0
310369,0
310370,0
310371,0
310372,0
310373,0
310374,0
310375,0
310376,0
310377,0
310378,0
310379,0
310380,0
310381,0
310382,0
310383,0
310384,0
310385,0
310386,0
310387,0
310388,0
310389,0
310390,0
310391,0
310392,0
310393,0
310394,0
310395,0
310396,0
310397,0
310398,0
310399,0
310400,0
310401,0
310402,0
310403,0
310404,0
310405,0
310406,0
310407,0
310408,0
310409,0
310410,0
310411,0
310412,0
310413,0
310414,0
310415,0
310416,0
310417,0
310418,0
310419,0
310420,0
310421,0
310422,0
310423,0
310424,0
310425,0
310426,0
310427,0
310428,0
310429,0
310430,0
310431,0
310432,0
310433,0
310434,0
310435,0
310436,0
310437,0
310438,0
310439,0
310440,0
310441,0
310442,0
310443,0
310444,0
310445,0
310446,0
310447,0
310448,0
310449,0
310450,0
310451,0
310452,0
310453,0
310454,0
310455,0
310456,0
310457,0
310458,0
310459,0
310460,0
310461,0
310462,0
310463,0
310464,0
310465,0
310466,0
310467,0
310468,0
310469,0
310470,0
310471,0
310472,0
310473,0
310474,0
310475,0
310476,0
310477,0
310478,0
310479,0
310480,0
310481,0
310482,0
310483,0
310484,0
310485,0
310486,0
310487,0
310488,0
310489,0
310490,0
310491,0
310492,0
310493,0
310494,0
310495,0
310496,0
310497,0
310498,0
310499,0
310500,0
310501,0
310502,0
310503,0
310504,0
310505,0
310506,0
310507,0
310508,0
310509,0
310510,0
310511,0
310512,0
310513,0
310514,0
310515,0
310516,0
310517,0
310518,0
310519,0
310520,0
310521,0
310522,0
310523,0
310524,0
310525,0
310526,0
310527,0
310528,0
310529,0
310530,0
310531,0
310532,0
310533,0
310534,0
310535,0
310536,0
310537,0
310538,0
310539,0
310540,0
310541,0
310542,0
310543,0
310544,0
310545,0
310546,0
310547,0
310548,0
310549,0
310550,0
310551,0
310552,0
310553,0
310554,0
310555,0
310556,0
310557,0
310558,0
310559,0
310560,0
310561,0
310562,0
310563,0
310564,0
310565,0
310566,0
310567,0
310568,0
310569,0
310570,0
310571,0
310572,0
310573,0
310574,0
310575,0
310576,0
310577,0
310578,0
310579,0
310580,0
310581,0
310582,0
310583,0
310584,0
310585,0
310586,0
310587,0
310588,0
310589,0
310590,0
310591,0
310592,0
310593,0
310594,0
310595,0
310596,0
310597,0
310598,0
310599,0
310600,0
310601,0
310602,0
310603,0
310604,0
310605,0
310606,0
310607,0
310608,0
310609,0
310610,0
310611,0
310612,0
310613,0
310614,0
310615,0
310616,0
310617,0
310618,0
310619,0
310620,0
310621,0
310622,0
310623,0
310624,0
310625,0
310626,0
310627,0
310628,0
310629,0
310630,0
310631,0
310632,0
310633,0
310634,0
310635,0
310636,0
310637,0
310638,0
310639,0
310640,0
310641,0
310642,0
310643,0
310644,0
310645,0
310646,0
310647,0
310648,0
310649,0
310650,0
310651,0
310652,0
310653,0
310654,0
310655,0
310656,0
310657,0
310658,0
310659,0
310660,0
310661,0
310662,0
310663,0
310664,0
310665,0
310666,0
310667,0
310668,0
310669,0
310670,0
310671,0
310672,0
310673,0
310674,0
310675,0
310676,0
310677,0
310678,0
310679,0
310680,0
310681,0
310682,0
310683,0
310684,0
310685,0
310686,0
310687,0
310688,0
310689,0
310690,0
310691,0
310692,0
310693,0
310694,0
310695,0
310696,0
310697,0
310698,0
310699,0
310700,0
310701,0
310702,0
310703,0
310704,0
310705,0
310706,0
310707,0
310708,0
310709,0
310710,0
310711,0
310712,0
310713,0
310714,0
310715,0
310716,0
310717,0
310718,0
310719,0
310720,0
310721,0
310722,0
310723,0
310724,0
310725,0
310726,0
310727,0
310728,0
310729,0
310730,0
310731,0
310732,0
310733,0
310734,0
310735,0
310736,0
310737,0
310738,0
310739,0
310740,0
310741,0
310742,0
310743,0
310744,0
310745,0
310746,0
310747,0
310748,0
310749,0
310750,0
310751,0
310752,0
310753,0
310754,0
310755,0
310756,0
310757,0
310758,0
310759,0
310760,0
310761,0
310762,0
310763,0
310764,0
310765,0
310766,0
310767,0
310768,0
310769,0
310770,0
310771,0
310772,0
310773,0
310774,0
310775,0
310776,0
310777,0
310778,0
310779,0
310780,0
310781,0
310782,0
310783,0
310784,0
310785,0
310786,0
310787,0
310788,0
310789,0
310790,0
310791,0
310792,0
310793,0
310794,0
310795,0
310796,0
310797,0
310798,0
310799,0
310800,0
310801,0
310802,0
310803,0
310804,0
310805,0
310806,0
310807,0
310808,0
310809,0
310810,0
310811,0
310812,0
310813,0
310814,0
310815,0
310816,0
310817,0
310818,0
310819,0
310820,0
310821,0
310822,0
310823,0
310824,0
310825,0
310826,0
310827,0
310828,0
310829,0
310830,0
310831,0
310832,0
310833,0
310834,0
310835,0
310836,0
310837,0
310838,0
310839,0
310840,0
310841,0
310842,0
310843,0
310844,0
310845,0
310846,0
310847,0
310848,0
310849,0
310850,0
310851,0
310852,0
310853,0
310854,0
310855,0
310856,0
310857,0
310858,0
310859,0
310860,0
310861,0
310862,0
310863,0
310864,0
310865,0
310866,0
310867,0
310868,0
310869,0
310870,0
310871,0
310872,0
310873,0
310874,0
310875,0
310876,0
310877,0
310878,0
310879,0
310880,0
310881,0
310882,0
310883,0
310884,0
310885,0
310886,0
310887,0
310888,0
310889,0
310890,0
310891,0
310892,0
310893,0
310894,0
310895,0
310896,0
310897,0
310898,0
310899,0
310900,0
310901,0
310902,0
310903,0
310904,0
310905,0
310906,0
310907,0
310908,0
310909,0
310910,0
310911,0
310912,0
310913,0
310914,0
310915,0
310916,0
310917,0
310918,0
310919,0
310920,0
310921,0
310922,0
310923,0
310924,0
310925,0
310926,0
310927,0
310928,0
310929,0
310930,0
310931,0
310932,0
310933,0
310934,0
310935,0
310936,0
310937,0
310938,0
310939,0
310940,0
310941,0
310942,0
310943,0
310944,0
310945,0
310946,0
310947,0
310948,0
310949,0
310950,0
310951,0
310952,0
310953,0
310954,0
310955,0
310956,0
310957,0
310958,0
310959,0
310960,0
310961,0
310962,0
310963,0
310964,0
310965,0
310966,0
310967,0
310968,0
310969,0
310970,0
310971,0
310972,0
310973,0
310974,0
310975,0
310976,0
310977,0
310978,0
310979,0
310980,0
310981,0
310982,0
310983,0
310984,0
310985,0
310986,0
310987,0
310988,0
310989,0
310990,0
310991,0
310992,0
310993,0
310994,0
310995,0
310996,0
310997,0
310998,0
310999,0
311000,0
311001,0
311002,0
311003,0
311004,0
311005,0
311006,0
311007,0
311008,0
311009,0
311010,0
311011,0
311012,0
311013,0
311014,0
311015,0
311016,0
311017,0
311018,0
311019,0
311020,0
311021,0
311022,0
311023,0
311024,0
311025,0
311026,0
311027,0
311028,0
311029,0
311030,0
311031,0
311032,0
311033,0
311034,0
311035,0
311036,0
311037,0
311038,0
311039,0
311040,0
311041,0
311042,0
311043,0
311044,0
311045,0
311046,0
311047,0
311048,0
311049,0
311050,0
311051,0
311052,0
311053,0
311054,0
311055,0
311056,0
311057,0
311058,0
311059,0
311060,0
311061,0
311062,0
311063,0
311064,0
311065,0
311066,0
311067,0
311068,0
311069,0
311070,0
311071,0
311072,0
311073,0
311074,0
311075,0
311076,0
311077,0
311078,0
311079,0
311080,0
311081,0
311082,0
311083,0
311084,0
311085,0
311086,0
311087,0
311088,0
311089,0
311090,0
311091,0
311092,0
311093,0
311094,0
311095,0
311096,0
311097,0
311098,0
311099,0
311100,0
311101,0
311102,0
311103,0
311104,0
311105,0
311106,0
311107,0
311108,0
311109,0
311110,0
311111,0
311112,0
311113,0
311114,0
311115,0
311116,0
311117,0
311118,0
311119,0
311120,0
311121,0
311122,0
311123,0
311124,0
311125,0
311126,0
311127,0
311128,0
311129,0
311130,0
311131,0
311132,0
311133,0
311134,0
311135,0
311136,0
311137,0
311138,0
311139,0
311140,0
311141,0
311142,0
311143,0
311144,0
311145,0
311146,0
311147,0
311148,0
311149,0
311150,0
311151,0
311152,0
311153,0
311154,0
311155,0
311156,0
311157,0
311158,0
311159,0
311160,0
311161,0
311162,0
311163,0
311164,0
311165,0
311166,0
311167,0
311168,0
311169,0
311170,0
311171,0
311172,0
311173,0
311174,0
311175,0
311176,0
311177,0
311178,0
311179,0
311180,0
311181,0
311182,0
311183,0
311184,0
311185,0
311186,0
311187,0
311188,0
311189,0
311190,0
311191,0
311192,0
311193,0
311194,0
311195,0
311196,0
311197,0
311198,0
311199,0
311200,0
311201,0
311202,0
311203,0
311204,0
311205,0
311206,0
311207,0
311208,0
311209,0
311210,0
311211,0
311212,0
311213,0
311214,0
311215,0
311216,0
311217,0
311218,0
311219,0
311220,0
311221,0
311222,0
311223,0
311224,0
311225,0
311226,0
311227,0
311228,0
311229,0
311230,0
311231,0
311232,0
311233,0
311234,0
311235,0
311236,0
311237,0
311238,0
311239,0
311240,0
311241,0
311242,0
311243,0
311244,0
311245,0
311246,0
311247,0
311248,0
311249,0
311250,0
311251,0
311252,0
311253,0
311254,0
311255,0
311256,0
311257,0
311258,0
311259,0
311260,0
311261,0
311262,0
311263,0
311264,0
311265,0
311266,0
311267,0
311268,0
311269,0
311270,0
311271,0
311272,0
311273,0
311274,0
311275,0
311276,0
311277,0
311278,0
311279,0
311280,0
311281,0
311282,0
311283,0
311284,0
311285,0
311286,0
311287,0
311288,0
311289,0
311290,0
311291,0
311292,0
311293,0
311294,0
311295,0
311296,0
311297,0
311298,0
311299,0
311300,0
311301,0
311302,0
311303,0
311304,0
311305,0
311306,0
311307,0
311308,0
311309,0
311310,0
311311,0
311312,0
311313,0
311314,0
311315,0
311316,0
311317,0
311318,0
311319,0
311320,0
311321,0
311322,0
311323,0
311324,0
311325,0
311326,0
311327,0
311328,0
311329,0
311330,0
311331,0
311332,0
311333,0
311334,0
311335,0
311336,0
311337,0
311338,0
311339,0
311340,0
311341,0
311342,0
311343,0
311344,0
311345,0
311346,0
311347,0
311348,0
311349,0
311350,0
311351,0
311352,0
311353,0
311354,0
311355,0
311356,0
311357,0
311358,0
311359,0
311360,0
311361,0
311362,0
311363,0
311364,0
311365,0
311366,0
311367,0
311368,0
311369,0
311370,0
311371,0
311372,0
311373,0
311374,0
311375,0
311376,0
311377,0
311378,0
311379,0
311380,0
311381,0
311382,0
311383,0
311384,0
311385,0
311386,0
311387,0
311388,0
311389,0
311390,0
311391,0
311392,0
311393,0
311394,0
311395,0
311396,0
311397,0
311398,0
311399,0
311400,0
311401,0
311402,0
311403,0
311404,0
311405,0
311406,0
311407,0
311408,0
311409,0
311410,0
311411,0
311412,0
311413,0
311414,0
311415,0
311416,0
311417,0
311418,0
311419,0
311420,0
311421,0
311422,0
311423,0
311424,0
311425,0
311426,0
311427,0
311428,0
311429,0
311430,0
311431,0
311432,0
311433,0
311434,0
311435,0
311436,0
311437,0
311438,0
311439,0
311440,0
311441,0
311442,0
311443,0
311444,0
311445,0
311446,0
311447,0
311448,0
311449,0
311450,0
311451,0
311452,0
311453,0
311454,0
311455,0
311456,0
311457,0
311458,0
311459,0
311460,0
311461,0
311462,0
311463,0
311464,0
311465,0
311466,0
311467,0
311468,0
311469,0
311470,0
311471,0
311472,0
311473,0
311474,0
311475,0
311476,0
311477,0
311478,0
311479,0
311480,0
311481,0
311482,0
311483,0
311484,0
311485,0
311486,0
311487,0
311488,0
311489,0
311490,0
311491,0
311492,0
311493,0
311494,0
311495,0
311496,0
311497,0
311498,0
311499,0
311500,0
311501,0
311502,0
311503,0
311504,0
311505,0
311506,0
311507,0
311508,0
311509,0
311510,0
311511,0
311512,0
311513,0
311514,0
311515,0
311516,0
311517,0
311518,0
311519,0
311520,0
311521,0
311522,0
311523,0
311524,0
311525,0
311526,0
311527,0
311528,0
311529,0
311530,0
311531,0
311532,0
311533,0
311534,0
311535,0
311536,0
311537,0
311538,0
311539,0
311540,0
311541,0
311542,0
311543,0
311544,0
311545,0
311546,0
311547,0
311548,0
311549,0
311550,0
311551,0
311552,0
311553,0
311554,0
311555,0
311556,0
311557,0
311558,0
311559,0
311560,0
311561,0
311562,0
311563,0
311564,0
311565,0
311566,0
311567,0
311568,0
311569,0
311570,0
311571,0
311572,0
311573,0
311574,0
311575,0
311576,0
311577,0
311578,0
311579,0
311580,0
311581,0
311582,0
311583,0
311584,0
311585,0
311586,0
311587,0
311588,0
311589,0
311590,0
311591,0
311592,0
311593,0
311594,0
311595,0
311596,0
311597,0
311598,0
311599,0
311600,0
311601,0
311602,0
311603,0
311604,0
311605,0
311606,0
311607,0
311608,0
311609,0
311610,0
311611,0
311612,0
311613,0
311614,0
311615,0
311616,0
311617,0
311618,0
311619,0
311620,0
311621,0
311622,0
311623,0
311624,0
311625,0
311626,0
311627,0
311628,0
311629,0
311630,0
311631,0
311632,0
311633,0
311634,0
311635,0
311636,0
311637,0
311638,0
311639,0
311640,0
311641,0
311642,0
311643,0
311644,0
311645,0
311646,0
311647,0
311648,0
311649,0
311650,0
311651,0
311652,0
311653,0
311654,0
311655,0
311656,0
311657,0
311658,0
311659,0
311660,0
311661,0
311662,0
311663,0
311664,0
311665,0
311666,0
311667,0
311668,0
311669,0
311670,0
311671,0
311672,0
311673,0
311674,0
311675,0
311676,0
311677,0
311678,0
311679,0
311680,0
311681,0
311682,0
311683,0
311684,0
311685,0
311686,0
311687,0
311688,0
311689,0
311690,0
311691,0
311692,0
311693,0
311694,0
311695,0
311696,0
311697,0
311698,0
311699,0
311700,0
311701,0
311702,0
311703,0
311704,0
311705,0
311706,0
311707,0
311708,0
311709,0
311710,0
311711,0
311712,0
311713,0
311714,0
311715,0
311716,0
311717,0
311718,0
311719,0
311720,0
311721,0
311722,0
311723,0
311724,0
311725,0
311726,0
311727,0
311728,0
311729,0
311730,0
311731,0
311732,0
311733,0
311734,0
311735,0
311736,0
311737,0
311738,0
311739,0
311740,0
311741,0
311742,0
311743,0
311744,0
311745,0
311746,0
311747,0
311748,0
311749,0
311750,0
311751,0
311752,0
311753,0
311754,0
311755,0
311756,0
311757,0
311758,0
311759,0
311760,0
311761,0
311762,0
311763,0
311764,0
311765,0
311766,0
311767,0
311768,0
311769,0
311770,0
311771,0
311772,0
311773,0
311774,0
311775,0
311776,0
311777,0
311778,0
311779,0
311780,0
311781,0
311782,0
311783,0
311784,0
311785,0
311786,0
311787,0
311788,0
311789,0
311790,0
311791,0
311792,0
311793,0
311794,0
311795,0
311796,0
311797,0
311798,0
311799,0
311800,0
311801,0
311802,0
311803,0
311804,0
311805,0
311806,0
311807,0
311808,0
311809,0
311810,0
311811,0
311812,0
311813,0
311814,0
311815,0
311816,0
311817,0
311818,0
311819,0
311820,0
311821,0
311822,0
311823,0
311824,0
311825,0
311826,0
311827,0
311828,0
311829,0
311830,0
311831,0
311832,0
311833,0
311834,0
311835,0
311836,0
311837,0
311838,0
311839,0
311840,0
311841,0
311842,0
311843,0
311844,0
311845,0
311846,0
311847,0
311848,0
311849,0
311850,0
311851,0
311852,0
311853,0
311854,0
311855,0
311856,0
311857,0
311858,0
311859,0
311860,0
311861,0
311862,0
311863,0
311864,0
311865,0
311866,0
311867,0
311868,0
311869,0
311870,0
311871,0
311872,0
311873,0
311874,0
311875,0
311876,0
311877,0
311878,0
311879,0
311880,0
311881,0
311882,0
311883,0
311884,0
311885,0
311886,0
311887,0
311888,0
311889,0
311890,0
311891,0
311892,0
311893,0
311894,0
311895,0
311896,0
311897,0
311898,0
311899,0
311900,0
311901,0
311902,0
311903,0
311904,0
311905,0
311906,0
311907,0
311908,0
311909,0
311910,0
311911,0
311912,0
311913,0
311914,0
311915,0
311916,0
311917,0
311918,0
311919,0
311920,0
311921,0
311922,0
311923,0
311924,0
311925,0
311926,0
311927,0
311928,0
311929,0
311930,0
311931,0
311932,0
311933,0
311934,0
311935,0
311936,0
311937,0
311938,0
311939,0
311940,0
311941,0
311942,0
311943,0
311944,0
311945,0
311946,0
311947,0
311948,0
311949,0
311950,0
311951,0
311952,0
311953,0
311954,0
311955,0
311956,0
311957,0
311958,0
311959,0
311960,0
311961,0
311962,0
311963,0
311964,0
311965,0
311966,0
311967,0
311968,0
311969,0
311970,0
311971,0
311972,0
311973,0
311974,0
311975,0
311976,0
311977,0
311978,0
311979,0
311980,0
311981,0
311982,0
311983,0
311984,0
311985,0
311986,0
311987,0
311988,0
311989,0
311990,0
311991,0
311992,0
311993,0
311994,0
311995,0
311996,0
311997,0
311998,0
311999,0
312000,0
312001,0
312002,0
312003,0
312004,0
312005,0
312006,0
312007,0
312008,0
312009,0
312010,0
312011,0
312012,0
312013,0
312014,0
312015,0
312016,0
312017,0
312018,0
312019,0
312020,0
312021,0
312022,0
312023,0
312024,0
312025,0
312026,0
312027,0
312028,0
312029,0
312030,0
312031,0
312032,0
312033,0
312034,0
312035,0
312036,0
312037,0
312038,0
312039,0
312040,0
312041,0
312042,0
312043,0
312044,0
312045,0
312046,0
312047,0
312048,0
312049,0
312050,0
312051,0
312052,0
312053,0
312054,0
312055,0
312056,0
312057,0
312058,0
312059,0
312060,0
312061,0
312062,0
312063,0
312064,0
312065,0
312066,0
312067,0
312068,0
312069,0
312070,0
312071,0
312072,0
312073,0
312074,0
312075,0
312076,0
312077,0
312078,0
312079,0
312080,0
312081,0
312082,0
312083,0
312084,0
312085,0
312086,0
312087,0
312088,0
312089,0
312090,0
312091,0
312092,0
312093,0
312094,0
312095,0
312096,0
312097,0
312098,0
312099,0
312100,0
312101,0
312102,0
312103,0
312104,0
312105,0
312106,0
312107,0
312108,0
312109,0
312110,0
312111,0
312112,0
312113,0
312114,0
312115,0
312116,0
312117,0
312118,0
312119,0
312120,0
312121,0
312122,0
312123,0
312124,0
312125,0
312126,0
312127,0
312128,0
312129,0
312130,0
312131,0
312132,0
312133,0
312134,0
312135,0
312136,0
312137,0
312138,0
312139,0
312140,0
312141,0
312142,0
312143,0
312144,0
312145,0
312146,0
312147,0
312148,0
312149,0
312150,0
312151,0
312152,0
312153,0
312154,0
312155,0
312156,0
312157,0
312158,0
312159,0
312160,0
312161,0
312162,0
312163,0
312164,0
312165,0
312166,0
312167,0
312168,0
312169,0
312170,0
312171,0
312172,0
312173,0
312174,0
312175,0
312176,0
312177,0
312178,0
312179,0
312180,0
312181,0
312182,0
312183,0
312184,0
312185,0
312186,0
312187,0
312188,0
312189,0
312190,0
312191,0
312192,0
312193,0
312194,0
312195,0
312196,0
312197,0
312198,0
312199,0
312200,0
312201,0
312202,0
312203,0
312204,0
312205,0
312206,0
312207,0
312208,0
312209,0
312210,0
312211,0
312212,0
312213,0
312214,0
312215,0
312216,0
312217,0
312218,0
312219,0
312220,0
312221,0
312222,0
312223,0
312224,0
312225,0
312226,0
312227,0
312228,0
312229,0
312230,0
312231,0
312232,0
312233,0
312234,0
312235,0
312236,0
312237,0
312238,0
312239,0
312240,0
312241,0
312242,0
312243,0
312244,0
312245,0
312246,0
312247,0
312248,0
312249,0
312250,0
312251,0
312252,0
312253,0
312254,0
312255,0
312256,0
312257,0
312258,0
312259,0
312260,0
312261,0
312262,0
312263,0
312264,0
312265,0
312266,0
312267,0
312268,0
312269,0
312270,0
312271,0
312272,0
312273,0
312274,0
312275,0
312276,0
312277,0
312278,0
312279,0
312280,0
312281,0
312282,0
312283,0
312284,0
312285,0
312286,0
312287,0
312288,0
312289,0
312290,0
312291,0
312292,0
312293,0
312294,0
312295,0
312296,0
312297,0
312298,0
312299,0
312300,0
312301,0
312302,0
312303,0
312304,0
312305,0
312306,0
312307,0
312308,0
312309,0
312310,0
312311,0
312312,0
312313,0
312314,0
312315,0
312316,0
312317,0
312318,0
312319,0
312320,0
312321,0
312322,0
312323,0
312324,0
312325,0
312326,0
312327,0
312328,0
312329,0
312330,0
312331,0
312332,0
312333,0
312334,0
312335,0
312336,0
312337,0
312338,0
312339,0
312340,0
312341,0
312342,0
312343,0
312344,0
312345,0
312346,0
312347,0
312348,0
312349,0
312350,0
312351,0
312352,0
312353,0
312354,0
312355,0
312356,0
312357,0
312358,0
312359,0
312360,0
312361,0
312362,0
312363,0
312364,0
312365,0
312366,0
312367,0
312368,0
312369,0
312370,0
312371,0
312372,0
312373,0
312374,0
312375,0
312376,0
312377,0
312378,0
312379,0
312380,0
312381,0
312382,0
312383,0
312384,0
312385,0
312386,0
312387,0
312388,0
312389,0
312390,0
312391,0
312392,0
312393,0
312394,0
312395,0
312396,0
312397,0
312398,0
312399,0
312400,0
312401,0
312402,0
312403,0
312404,0
312405,0
312406,0
312407,0
312408,0
312409,0
312410,0
312411,0
312412,0
312413,0
312414,0
312415,0
312416,0
312417,0
312418,0
312419,0
312420,0
312421,0
312422,0
312423,0
312424,0
312425,0
312426,0
312427,0
312428,0
312429,0
312430,0
312431,0
312432,0
312433,0
312434,0
312435,0
312436,0
312437,0
312438,0
312439,0
312440,0
312441,0
312442,0
312443,0
312444,0
312445,0
312446,0
312447,0
312448,0
312449,0
312450,0
312451,0
312452,0
312453,0
312454,0
312455,0
312456,0
312457,0
312458,0
312459,0
312460,0
312461,0
312462,0
312463,0
312464,0
312465,0
312466,0
312467,0
312468,0
312469,0
312470,0
312471,0
312472,0
312473,0
312474,0
312475,0
312476,0
312477,0
312478,0
312479,0
312480,0
312481,0
312482,0
312483,0
312484,0
312485,0
312486,0
312487,0
312488,0
312489,0
312490,0
312491,0
312492,0
312493,0
312494,0
312495,0
312496,0
312497,0
312498,0
312499,0
312500,0
312501,0
312502,0
312503,0
312504,0
312505,0
312506,0
312507,0
312508,0
312509,0
312510,0
312511,0
312512,0
312513,0
312514,0
312515,0
312516,0
312517,0
312518,0
312519,0
312520,0
312521,0
312522,0
312523,0
312524,0
312525,0
312526,0
312527,0
312528,0
312529,0
312530,0
312531,0
312532,0
312533,0
312534,0
312535,0
312536,0
312537,0
312538,0
312539,0
312540,0
312541,0
312542,0
312543,0
312544,0
312545,0
312546,0
312547,0
312548,0
312549,0
312550,0
312551,0
312552,0
312553,0
312554,0
312555,0
312556,0
312557,0
312558,0
312559,0
312560,0
312561,0
312562,0
312563,0
312564,0
312565,0
312566,0
312567,0
312568,0
312569,0
312570,0
312571,0
312572,0
312573,0
312574,0
312575,0
312576,0
312577,0
312578,0
312579,0
312580,0
312581,0
312582,0
312583,0
312584,0
312585,0
312586,0
312587,0
312588,0
312589,0
312590,0
312591,0
312592,0
312593,0
312594,0
312595,0
312596,0
312597,0
312598,0
312599,0
312600,0
312601,0
312602,0
312603,0
312604,0
312605,0
312606,0
312607,0
312608,0
312609,0
312610,0
312611,0
312612,0
312613,0
312614,0
312615,0
312616,0
312617,0
312618,0
312619,0
312620,0
312621,0
312622,0
312623,0
312624,0
312625,0
312626,0
312627,0
312628,0
312629,0
312630,0
312631,0
312632,0
312633,0
312634,0
312635,0
312636,0
312637,0
312638,0
312639,0
312640,0
312641,0
312642,0
312643,0
312644,0
312645,0
312646,0
312647,0
312648,0
312649,0
312650,0
312651,0
312652,0
312653,0
312654,0
312655,0
312656,0
312657,0
312658,0
312659,0
312660,0
312661,0
312662,0
312663,0
312664,0
312665,0
312666,0
312667,0
312668,0
312669,0
312670,0
312671,0
312672,0
312673,0
312674,0
312675,0
312676,0
312677,0
312678,0
312679,0
312680,0
312681,0
312682,0
312683,0
312684,0
312685,0
312686,0
312687,0
312688,0
312689,0
312690,0
312691,0
312692,0
312693,0
312694,0
312695,0
312696,0
312697,0
312698,0
312699,0
312700,0
312701,0
312702,0
312703,0
312704,0
312705,0
312706,0
312707,0
312708,0
312709,0
312710,0
312711,0
312712,0
312713,0
312714,0
312715,0
312716,0
312717,0
312718,0
312719,0
312720,0
312721,0
312722,0
312723,0
312724,0
312725,0
312726,0
312727,0
312728,0
312729,0
312730,0
312731,0
312732,0
312733,0
312734,0
312735,0
312736,0
312737,0
312738,0
312739,0
312740,0
312741,0
312742,0
312743,0
312744,0
312745,0
312746,0
312747,0
312748,0
312749,0
312750,0
312751,0
312752,0
312753,0
312754,0
312755,0
312756,0
312757,0
312758,0
312759,0
312760,0
312761,0
312762,0
312763,0
312764,0
312765,0
312766,0
312767,0
312768,0
312769,0
312770,0
312771,0
312772,0
312773,0
312774,0
312775,0
312776,0
312777,0
312778,0
312779,0
312780,0
312781,0
312782,0
312783,0
312784,0
312785,0
312786,0
312787,0
312788,0
312789,0
312790,0
312791,0
312792,0
312793,0
312794,0
312795,0
312796,0
312797,0
312798,0
312799,0
312800,0
312801,0
312802,0
312803,0
312804,0
312805,0
312806,0
312807,0
312808,0
312809,0
312810,0
312811,0
312812,0
312813,0
312814,0
312815,0
312816,0
312817,0
312818,0
312819,0
312820,0
312821,0
312822,0
312823,0
312824,0
312825,0
312826,0
312827,0
312828,0
312829,0
312830,0
312831,0
312832,0
312833,0
312834,0
312835,0
312836,0
312837,0
312838,0
312839,0
312840,0
312841,0
312842,0
312843,0
312844,0
312845,0
312846,0
312847,0
312848,0
312849,0
312850,0
312851,0
312852,0
312853,0
312854,0
312855,0
312856,0
312857,0
312858,0
312859,0
312860,0
312861,0
312862,0
312863,0
312864,0
312865,0
312866,0
312867,0
312868,0
312869,0
312870,0
312871,0
312872,0
312873,0
312874,0
312875,0
312876,0
312877,0
312878,0
312879,0
312880,0
312881,0
312882,0
312883,0
312884,0
312885,0
312886,0
312887,0
312888,0
312889,0
312890,0
312891,0
312892,0
312893,0
312894,0
312895,0
312896,0
312897,0
312898,0
312899,0
312900,0
312901,0
312902,0
312903,0
312904,0
312905,0
312906,0
312907,0
312908,0
312909,0
312910,0
312911,0
312912,0
312913,0
312914,0
312915,0
312916,0
312917,0
312918,0
312919,0
312920,0
312921,0
312922,0
312923,0
312924,0
312925,0
312926,0
312927,0
312928,0
312929,0
312930,0
312931,0
312932,0
312933,0
312934,0
312935,0
312936,0
312937,0
312938,0
312939,0
312940,0
312941,0
312942,0
312943,0
312944,0
312945,0
312946,0
312947,0
312948,0
312949,0
312950,0
312951,0
312952,0
312953,0
312954,0
312955,0
312956,0
312957,0
312958,0
312959,0
312960,0
312961,0
312962,0
312963,0
312964,0
312965,0
312966,0
312967,0
312968,0
312969,0
312970,0
312971,0
312972,0
312973,0
312974,0
312975,0
312976,0
312977,0
312978,0
312979,0
312980,0
312981,0
312982,0
312983,0
312984,0
312985,0
312986,0
312987,0
312988,0
312989,0
312990,0
312991,0
312992,0
312993,0
312994,0
312995,0
312996,0
312997,0
312998,0
312999,0
313000,0
313001,0
313002,0
313003,0
313004,0
313005,0
313006,0
313007,0
313008,0
313009,0
313010,0
313011,0
313012,0
313013,0
313014,0
313015,0
313016,0
313017,0
313018,0
313019,0
313020,0
313021,0
313022,0
313023,0
313024,0
313025,0
313026,0
313027,0
313028,0
313029,0
313030,0
313031,0
313032,0
313033,0
313034,0
313035,0
313036,0
313037,0
313038,0
313039,0
313040,0
313041,0
313042,0
313043,0
313044,0
313045,0
313046,0
313047,0
313048,0
313049,0
313050,0
313051,0
313052,0
313053,0
313054,0
313055,0
313056,0
313057,0
313058,0
313059,0
313060,0
313061,0
313062,0
313063,0
313064,0
313065,0
313066,0
313067,0
313068,0
313069,0
313070,0
313071,0
313072,0
313073,0
313074,0
313075,0
313076,0
313077,0
313078,0
313079,0
313080,0
313081,0
313082,0
313083,0
313084,0
313085,0
313086,0
313087,0
313088,0
313089,0
313090,0
313091,0
313092,0
313093,0
313094,0
313095,0
313096,0
313097,0
313098,0
313099,0
313100,0
313101,0
313102,0
313103,0
313104,0
313105,0
313106,0
313107,0
313108,0
313109,0
313110,0
313111,0
313112,0
313113,0
313114,0
313115,0
313116,0
313117,0
313118,0
313119,0
313120,0
313121,0
313122,0
313123,0
313124,0
313125,0
313126,0
313127,0
313128,0
313129,0
313130,0
313131,0
313132,0
313133,0
313134,0
313135,0
313136,0
313137,0
313138,0
313139,0
313140,0
313141,0
313142,0
313143,0
313144,0
313145,0
313146,0
313147,0
313148,0
313149,0
313150,0
313151,0
313152,0
313153,0
313154,0
313155,0
313156,0
313157,0
313158,0
313159,0
313160,0
313161,0
313162,0
313163,0
313164,0
313165,0
313166,0
313167,0
313168,0
313169,0
313170,0
313171,0
313172,0
313173,0
313174,0
313175,0
313176,0
313177,0
313178,0
313179,0
313180,0
313181,0
313182,0
313183,0
313184,0
313185,0
313186,0
313187,0
313188,0
313189,0
313190,0
313191,0
313192,0
313193,0
313194,0
313195,0
313196,0
313197,0
313198,0
313199,0
313200,0
313201,0
313202,0
313203,0
313204,0
313205,0
313206,0
313207,0
313208,0
313209,0
313210,0
313211,0
313212,0
313213,0
313214,0
313215,0
313216,0
313217,0
313218,0
313219,0
313220,0
313221,0
313222,0
313223,0
313224,0
313225,0
313226,0
313227,0
313228,0
313229,0
313230,0
313231,0
313232,0
313233,0
313234,0
313235,0
313236,0
313237,0
313238,0
313239,0
313240,0
313241,0
313242,0
313243,0
313244,0
313245,0
313246,0
313247,0
313248,0
313249,0
313250,0
313251,0
313252,0
313253,0
313254,0
313255,0
313256,0
313257,0
313258,0
313259,0
313260,0
313261,0
313262,0
313263,0
313264,0
313265,0
313266,0
313267,0
313268,0
313269,0
313270,0
313271,0
313272,0
313273,0
313274,0
313275,0
313276,0
313277,0
313278,0
313279,0
313280,0
313281,0
313282,0
313283,0
313284,0
313285,0
313286,0
313287,0
313288,0
313289,0
313290,0
313291,0
313292,0
313293,0
313294,0
313295,0
313296,0
313297,0
313298,0
313299,0
313300,0
313301,0
313302,0
313303,0
313304,0
313305,0
313306,0
313307,0
313308,0
313309,0
313310,0
313311,0
313312,0
313313,0
313314,0
313315,0
313316,0
313317,0
313318,0
313319,0
313320,0
313321,0
313322,0
313323,0
313324,0
313325,0
313326,0
313327,0
313328,0
313329,0
313330,0
313331,0
313332,0
313333,0
313334,0
313335,0
313336,0
313337,0
313338,0
313339,0
313340,0
313341,0
313342,0
313343,0
313344,0
313345,0
313346,0
313347,0
313348,0
313349,0
313350,0
313351,0
313352,0
313353,0
313354,0
313355,0
313356,0
313357,0
313358,0
313359,0
313360,0
313361,0
313362,0
313363,0
313364,0
313365,0
313366,0
313367,0
313368,0
313369,0
313370,0
313371,0
313372,0
313373,0
313374,0
313375,0
313376,0
313377,0
313378,0
313379,0
313380,0
313381,0
313382,0
313383,0
313384,0
313385,0
313386,0
313387,0
313388,0
313389,0
313390,0
313391,0
313392,0
313393,0
313394,0
313395,0
313396,0
313397,0
313398,0
313399,0
313400,0
313401,0
313402,0
313403,0
313404,0
313405,0
313406,0
313407,0
313408,0
313409,0
313410,0
313411,0
313412,0
313413,0
313414,0
313415,0
313416,0
313417,0
313418,0
313419,0
313420,0
313421,0
313422,0
313423,0
313424,0
313425,0
313426,0
313427,0
313428,0
313429,0
313430,0
313431,0
313432,0
313433,0
313434,0
313435,0
313436,0
313437,0
313438,0
313439,0
313440,0
313441,0
313442,0
313443,0
313444,0
313445,0
313446,0
313447,0
313448,0
313449,0
313450,0
313451,0
313452,0
313453,0
313454,0
313455,0
313456,0
313457,0
313458,0
313459,0
313460,0
313461,0
313462,0
313463,0
313464,0
313465,0
313466,0
313467,0
313468,0
313469,0
313470,0
313471,0
313472,0
313473,0
313474,0
313475,0
313476,0
313477,0
313478,0
313479,0
313480,0
313481,0
313482,0
313483,0
313484,0
313485,0
313486,0
313487,0
313488,0
313489,0
313490,0
313491,0
313492,0
313493,0
313494,0
313495,0
313496,0
313497,0
313498,0
313499,0
313500,0
313501,0
313502,0
313503,0
313504,0
313505,0
313506,0
313507,0
313508,0
313509,0
313510,0
313511,0
313512,0
313513,0
313514,0
313515,0
313516,0
313517,0
313518,0
313519,0
313520,0
313521,0
313522,0
313523,0
313524,0
313525,0
313526,0
313527,0
313528,0
313529,0
313530,0
313531,0
313532,0
313533,0
313534,0
313535,0
313536,0
313537,0
313538,0
313539,0
313540,0
313541,0
313542,0
313543,0
313544,0
313545,0
313546,0
313547,0
313548,0
313549,0
313550,0
313551,0
313552,0
313553,0
313554,0
313555,0
313556,0
313557,0
313558,0
313559,0
313560,0
313561,0
313562,0
313563,0
313564,0
313565,0
313566,0
313567,0
313568,0
313569,0
313570,0
313571,0
313572,0
313573,0
313574,0
313575,0
313576,0
313577,0
313578,0
313579,0
313580,0
313581,0
313582,0
313583,0
313584,0
313585,0
313586,0
313587,0
313588,0
313589,0
313590,0
313591,0
313592,0
313593,0
313594,0
313595,0
313596,0
313597,0
313598,0
313599,0
313600,0
313601,0
313602,0
313603,0
313604,0
313605,0
313606,0
313607,0
313608,0
313609,0
313610,0
313611,0
313612,0
313613,0
313614,0
313615,0
313616,0
313617,0
313618,0
313619,0
313620,0
313621,0
313622,0
313623,0
313624,0
313625,0
313626,0
313627,0
313628,0
313629,0
313630,0
313631,0
313632,0
313633,0
313634,0
313635,0
313636,0
313637,0
313638,0
313639,0
313640,0
313641,0
313642,0
313643,0
313644,0
313645,0
313646,0
313647,0
313648,0
313649,0
313650,0
313651,0
313652,0
313653,0
313654,0
313655,0
313656,0
313657,0
313658,0
313659,0
313660,0
313661,0
313662,0
313663,0
313664,0
313665,0
313666,0
313667,0
313668,0
313669,0
313670,0
313671,0
313672,0
313673,0
313674,0
313675,0
313676,0
313677,0
313678,0
313679,0
313680,0
313681,0
313682,0
313683,0
313684,0
313685,0
313686,0
313687,0
313688,0
313689,0
313690,0
313691,0
313692,0
313693,0
313694,0
313695,0
313696,0
313697,0
313698,0
313699,0
313700,0
313701,0
313702,0
313703,0
313704,0
313705,0
313706,0
313707,0
313708,0
313709,0
313710,0
313711,0
313712,0
313713,0
313714,0
313715,0
313716,0
313717,0
313718,0
313719,0
313720,0
313721,0
313722,0
313723,0
313724,0
313725,0
313726,0
313727,0
313728,0
313729,0
313730,0
313731,0
313732,0
313733,0
313734,0
313735,0
313736,0
313737,0
313738,0
313739,0
313740,0
313741,0
313742,0
313743,0
313744,0
313745,0
313746,0
313747,0
313748,0
313749,0
313750,0
313751,0
313752,0
313753,0
313754,0
313755,0
313756,0
313757,0
313758,0
313759,0
313760,0
313761,0
313762,0
313763,0
313764,0
313765,0
313766,0
313767,0
313768,0
313769,0
313770,0
313771,0
313772,0
313773,0
313774,0
313775,0
313776,0
313777,0
313778,0
313779,0
313780,0
313781,0
313782,0
313783,0
313784,0
313785,0
313786,0
313787,0
313788,0
313789,0
313790,0
313791,0
313792,0
313793,0
313794,0
313795,0
313796,0
313797,0
313798,0
313799,0
313800,0
313801,0
313802,0
313803,0
313804,0
313805,0
313806,0
313807,0
313808,0
313809,0
313810,0
313811,0
313812,0
313813,0
313814,0
313815,0
313816,0
313817,0
313818,0
313819,0
313820,0
313821,0
313822,0
313823,0
313824,0
313825,0
313826,0
313827,0
313828,0
313829,0
313830,0
313831,0
313832,0
313833,0
313834,0
313835,0
313836,0
313837,0
313838,0
313839,0
313840,0
313841,0
313842,0
313843,0
313844,0
313845,0
313846,0
313847,0
313848,0
313849,0
313850,0
313851,0
313852,0
313853,0
313854,0
313855,0
313856,0
313857,0
313858,0
313859,0
313860,0
313861,0
313862,0
313863,0
313864,0
313865,0
313866,0
313867,0
313868,0
313869,0
313870,0
313871,0
313872,0
313873,0
313874,0
313875,0
313876,0
313877,0
313878,0
313879,0
313880,0
313881,0
313882,0
313883,0
313884,0
313885,0
313886,0
313887,0
313888,0
313889,0
313890,0
313891,0
313892,0
313893,0
313894,0
313895,0
313896,0
313897,0
313898,0
313899,0
313900,0
313901,0
313902,0
313903,0
313904,0
313905,0
313906,0
313907,0
313908,0
313909,0
313910,0
313911,0
313912,0
313913,0
313914,0
313915,0
313916,0
313917,0
313918,0
313919,0
313920,0
313921,0
313922,0
313923,0
313924,0
313925,0
313926,0
313927,0
313928,0
313929,0
313930,0
313931,0
313932,0
313933,0
313934,0
313935,0
313936,0
313937,0
313938,0
313939,0
313940,0
313941,0
313942,0
313943,0
313944,0
313945,0
313946,0
313947,0
313948,0
313949,0
313950,0
313951,0
313952,0
313953,0
313954,0
313955,0
313956,0
313957,0
313958,0
313959,0
313960,0
313961,0
313962,0
313963,0
313964,0
313965,0
313966,0
313967,0
313968,0
313969,0
313970,0
313971,0
313972,0
313973,0
313974,0
313975,0
313976,0
313977,0
313978,0
313979,0
313980,0
313981,0
313982,0
313983,0
313984,0
313985,0
313986,0
313987,0
313988,0
313989,0
313990,0
313991,0
313992,0
313993,0
313994,0
313995,0
313996,0
313997,0
313998,0
313999,0
314000,0
314001,0
314002,0
314003,0
314004,0
314005,0
314006,0
314007,0
314008,0
314009,0
314010,0
314011,0
314012,0
314013,0
314014,0
314015,0
314016,0
314017,0
314018,0
314019,0
314020,0
314021,0
314022,0
314023,0
314024,0
314025,0
314026,0
314027,0
314028,0
314029,0
314030,0
314031,0
314032,0
314033,0
314034,0
314035,0
314036,0
314037,0
314038,0
314039,0
314040,0
314041,0
314042,0
314043,0
314044,0
314045,0
314046,0
314047,0
314048,0
314049,0
314050,0
314051,0
314052,0
314053,0
314054,0
314055,0
314056,0
314057,0
314058,0
314059,0
314060,0
314061,0
314062,0
314063,0
314064,0
314065,0
314066,0
314067,0
314068,0
314069,0
314070,0
314071,0
314072,0
314073,0
314074,0
314075,0
314076,0
314077,0
314078,0
314079,0
314080,0
314081,0
314082,0
314083,0
314084,0
314085,0
314086,0
314087,0
314088,0
314089,0
314090,0
314091,0
314092,0
314093,0
314094,0
314095,0
314096,0
314097,0
314098,0
314099,0
314100,0
314101,0
314102,0
314103,0
314104,0
314105,0
314106,0
314107,0
314108,0
314109,0
314110,0
314111,0
314112,0
314113,0
314114,0
314115,0
314116,0
314117,0
314118,0
314119,0
314120,0
314121,0
314122,0
314123,0
314124,0
314125,0
314126,0
314127,0
314128,0
314129,0
314130,0
314131,0
314132,0
314133,0
314134,0
314135,0
314136,0
314137,0
314138,0
314139,0
314140,0
314141,0
314142,0
314143,0
314144,0
314145,0
314146,0
314147,0
314148,0
314149,0
314150,0
314151,0
314152,0
314153,0
314154,0
314155,0
314156,0
314157,0
314158,0
314159,0
314160,0
314161,0
314162,0
314163,0
314164,0
314165,0
314166,0
314167,0
314168,0
314169,0
314170,0
314171,0
314172,0
314173,0
314174,0
314175,0
314176,0
314177,0
314178,0
314179,0
314180,0
314181,0
314182,0
314183,0
314184,0
314185,0
314186,0
314187,0
314188,0
314189,0
314190,0
314191,0
314192,0
314193,0
314194,0
314195,0
314196,0
314197,0
314198,0
314199,0
314200,0
314201,0
314202,0
314203,0
314204,0
314205,0
314206,0
314207,0
314208,0
314209,0
314210,0
314211,0
314212,0
314213,0
314214,0
314215,0
314216,0
314217,0
314218,0
314219,0
314220,0
314221,0
314222,0
314223,0
314224,0
314225,0
314226,0
314227,0
314228,0
314229,0
314230,0
314231,0
314232,0
314233,0
314234,0
314235,0
314236,0
314237,0
314238,0
314239,0
314240,0
314241,0
314242,0
314243,0
314244,0
314245,0
314246,0
314247,0
314248,0
314249,0
314250,0
314251,0
314252,0
314253,0
314254,0
314255,0
314256,0
314257,0
314258,0
314259,0
314260,0
314261,0
314262,0
314263,0
314264,0
314265,0
314266,0
314267,0
314268,0
314269,0
314270,0
314271,0
314272,0
314273,0
314274,0
314275,0
314276,0
314277,0
314278,0
314279,0
314280,0
314281,0
314282,0
314283,0
314284,0
314285,0
314286,0
314287,0
314288,0
314289,0
314290,0
314291,0
314292,0
314293,0
314294,0
314295,0
314296,0
314297,0
314298,0
314299,0
314300,0
314301,0
314302,0
314303,0
314304,0
314305,0
314306,0
314307,0
314308,0
314309,0
314310,0
314311,0
314312,0
314313,0
314314,0
314315,0
314316,0
314317,0
314318,0
314319,0
314320,0
314321,0
314322,0
314323,0
314324,0
314325,0
314326,0
314327,0
314328,0
314329,0
314330,0
314331,0
314332,0
314333,0
314334,0
314335,0
314336,0
314337,0
314338,0
314339,0
314340,0
314341,0
314342,0
314343,0
314344,0
314345,0
314346,0
314347,0
314348,0
314349,0
314350,0
314351,0
314352,0
314353,0
314354,0
314355,0
314356,0
314357,0
314358,0
314359,0
314360,0
314361,0
314362,0
314363,0
314364,0
314365,0
314366,0
314367,0
314368,0
314369,0
314370,0
314371,0
314372,0
314373,0
314374,0
314375,0
314376,0
314377,0
314378,0
314379,0
314380,0
314381,0
314382,0
314383,0
314384,0
314385,0
314386,0
314387,0
314388,0
314389,0
314390,0
314391,0
314392,0
314393,0
314394,0
314395,0
314396,0
314397,0
314398,0
314399,0
314400,0
314401,0
314402,0
314403,0
314404,0
314405,0
314406,0
314407,0
314408,0
314409,0
314410,0
314411,0
314412,0
314413,0
314414,0
314415,0
314416,0
314417,0
314418,0
314419,0
314420,0
314421,0
314422,0
314423,0
314424,0
314425,0
314426,0
314427,0
314428,0
314429,0
314430,0
314431,0
314432,0
314433,0
314434,0
314435,0
314436,0
314437,0
314438,0
314439,0
314440,0
314441,0
314442,0
314443,0
314444,0
314445,0
314446,0
314447,0
314448,0
314449,0
314450,0
314451,0
314452,0
314453,0
314454,0
314455,0
314456,0
314457,0
314458,0
314459,0
314460,0
314461,0
314462,0
314463,0
314464,0
314465,0
314466,0
314467,0
314468,0
314469,0
314470,0
314471,0
314472,0
314473,0
314474,0
314475,0
314476,0
314477,0
314478,0
314479,0
314480,0
314481,0
314482,0
314483,0
314484,0
314485,0
314486,0
314487,0
314488,0
314489,0
314490,0
314491,0
314492,0
314493,0
314494,0
314495,0
314496,0
314497,0
314498,0
314499,0
314500,0
314501,0
314502,0
314503,0
314504,0
314505,0
314506,0
314507,0
314508,0
314509,0
314510,0
314511,0
314512,0
314513,0
314514,0
314515,0
314516,0
314517,0
314518,0
314519,0
314520,0
314521,0
314522,0
314523,0
314524,0
314525,0
314526,0
314527,0
314528,0
314529,0
314530,0
314531,0
314532,0
314533,0
314534,0
314535,0
314536,0
314537,0
314538,0
314539,0
314540,0
314541,0
314542,0
314543,0
314544,0
314545,0
314546,0
314547,0
314548,0
314549,0
314550,0
314551,0
314552,0
314553,0
314554,0
314555,0
314556,0
314557,0
314558,0
314559,0
314560,0
314561,0
314562,0
314563,0
314564,0
314565,0
314566,0
314567,0
314568,0
314569,0
314570,0
314571,0
314572,0
314573,0
314574,0
314575,0
314576,0
314577,0
314578,0
314579,0
314580,0
314581,0
314582,0
314583,0
314584,0
314585,0
314586,0
314587,0
314588,0
314589,0
314590,0
314591,0
314592,0
314593,0
314594,0
314595,0
314596,0
314597,0
314598,0
314599,0
314600,0
314601,0
314602,0
314603,0
314604,0
314605,0
314606,0
314607,0
314608,0
314609,0
314610,0
314611,0
314612,0
314613,0
314614,0
314615,0
314616,0
314617,0
314618,0
314619,0
314620,0
314621,0
314622,0
314623,0
314624,0
314625,0
314626,0
314627,0
314628,0
314629,0
314630,0
314631,0
314632,0
314633,0
314634,0
314635,0
314636,0
314637,0
314638,0
314639,0
314640,0
314641,0
314642,0
314643,0
314644,0
314645,0
314646,0
314647,0
314648,0
314649,0
314650,0
314651,0
314652,0
314653,0
314654,0
314655,0
314656,0
314657,0
314658,0
314659,0
314660,0
314661,0
314662,0
314663,0
314664,0
314665,0
314666,0
314667,0
314668,0
314669,0
314670,0
314671,0
314672,0
314673,0
314674,0
314675,0
314676,0
314677,0
314678,0
314679,0
314680,0
314681,0
314682,0
314683,0
314684,0
314685,0
314686,0
314687,0
314688,0
314689,0
314690,0
314691,0
314692,0
314693,0
314694,0
314695,0
314696,0
314697,0
314698,0
314699,0
314700,0
314701,0
314702,0
314703,0
314704,0
314705,0
314706,0
314707,0
314708,0
314709,0
314710,0
314711,0
314712,0
314713,0
314714,0
314715,0
314716,0
314717,0
314718,0
314719,0
314720,0
314721,0
314722,0
314723,0
314724,0
314725,0
314726,0
314727,0
314728,0
314729,0
314730,0
314731,0
314732,0
314733,0
314734,0
314735,0
314736,0
314737,0
314738,0
314739,0
314740,0
314741,0
314742,0
314743,0
314744,0
314745,0
314746,0
314747,0
314748,0
314749,0
314750,0
314751,0
314752,0
314753,0
314754,0
314755,0
314756,0
314757,0
314758,0
314759,0
314760,0
314761,0
314762,0
314763,0
314764,0
314765,0
314766,0
314767,0
314768,0
314769,0
314770,0
314771,0
314772,0
314773,0
314774,0
314775,0
314776,0
314777,0
314778,0
314779,0
314780,0
314781,0
314782,0
314783,0
314784,0
314785,0
314786,0
314787,0
314788,0
314789,0
314790,0
314791,0
314792,0
314793,0
314794,0
314795,0
314796,0
314797,0
314798,0
314799,0
314800,0
314801,0
314802,0
314803,0
314804,0
314805,0
314806,0
314807,0
314808,0
314809,0
314810,0
314811,0
314812,0
314813,0
314814,0
314815,0
314816,0
314817,0
314818,0
314819,0
314820,0
314821,0
314822,0
314823,0
314824,0
314825,0
314826,0
314827,0
314828,0
314829,0
314830,0
314831,0
314832,0
314833,0
314834,0
314835,0
314836,0
314837,0
314838,0
314839,0
314840,0
314841,0
314842,0
314843,0
314844,0
314845,0
314846,0
314847,0
314848,0
314849,0
314850,0
314851,0
314852,0
314853,0
314854,0
314855,0
314856,0
314857,0
314858,0
314859,0
314860,0
314861,0
314862,0
314863,0
314864,0
314865,0
314866,0
314867,0
314868,0
314869,0
314870,0
314871,0
314872,0
314873,0
314874,0
314875,0
314876,0
314877,0
314878,0
314879,0
314880,0
314881,0
314882,0
314883,0
314884,0
314885,0
314886,0
314887,0
314888,0
314889,0
314890,0
314891,0
314892,0
314893,0
314894,0
314895,0
314896,0
314897,0
314898,0
314899,0
314900,0
314901,0
314902,0
314903,0
314904,0
314905,0
314906,0
314907,0
314908,0
314909,0
314910,0
314911,0
314912,0
314913,0
314914,0
314915,0
314916,0
314917,0
314918,0
314919,0
314920,0
314921,0
314922,0
314923,0
314924,0
314925,0
314926,0
314927,0
314928,0
314929,0
314930,0
314931,0
314932,0
314933,0
314934,0
314935,0
314936,0
314937,0
314938,0
314939,0
314940,0
314941,0
314942,0
314943,0
314944,0
314945,0
314946,0
314947,0
314948,0
314949,0
314950,0
314951,0
314952,0
314953,0
314954,0
314955,0
314956,0
314957,0
314958,0
314959,0
314960,0
314961,0
314962,0
314963,0
314964,0
314965,0
314966,0
314967,0
314968,0
314969,0
314970,0
314971,0
314972,0
314973,0
314974,0
314975,0
314976,0
314977,0
314978,0
314979,0
314980,0
314981,0
314982,0
314983,0
314984,0
314985,0
314986,0
314987,0
314988,0
314989,0
314990,0
314991,0
314992,0
314993,0
314994,0
314995,0
314996,0
314997,0
314998,0
314999,0
315000,0
315001,0
315002,0
315003,0
315004,0
315005,0
315006,0
315007,0
315008,0
315009,0
315010,0
315011,0
315012,0
315013,0
315014,0
315015,0
315016,0
315017,0
315018,0
315019,0
315020,0
315021,0
315022,0
315023,0
315024,0
315025,0
315026,0
315027,0
315028,0
315029,0
315030,0
315031,0
315032,0
315033,0
315034,0
315035,0
315036,0
315037,0
315038,0
315039,0
315040,0
315041,0
315042,0
315043,0
315044,0
315045,0
315046,0
315047,0
315048,0
315049,0
315050,0
315051,0
315052,0
315053,0
315054,0
315055,0
315056,0
315057,0
315058,0
315059,0
315060,0
315061,0
315062,0
315063,0
315064,0
315065,0
315066,0
315067,0
315068,0
315069,0
315070,0
315071,0
315072,0
315073,0
315074,0
315075,0
315076,0
315077,0
315078,0
315079,0
315080,0
315081,0
315082,0
315083,0
315084,0
315085,0
315086,0
315087,0
315088,0
315089,0
315090,0
315091,0
315092,0
315093,0
315094,0
315095,0
315096,0
315097,0
315098,0
315099,0
315100,0
315101,0
315102,0
315103,0
315104,0
315105,0
315106,0
315107,0
315108,0
315109,0
315110,0
315111,0
315112,0
315113,0
315114,0
315115,0
315116,0
315117,0
315118,0
315119,0
315120,0
315121,0
315122,0
315123,0
315124,0
315125,0
315126,0
315127,0
315128,0
315129,0
315130,0
315131,0
315132,0
315133,0
315134,0
315135,0
315136,0
315137,0
315138,0
315139,0
315140,0
315141,0
315142,0
315143,0
315144,0
315145,0
315146,0
315147,0
315148,0
315149,0
315150,0
315151,0
315152,0
315153,0
315154,0
315155,0
315156,0
315157,0
315158,0
315159,0
315160,0
315161,0
315162,0
315163,0
315164,0
315165,0
315166,0
315167,0
315168,0
315169,0
315170,0
315171,0
315172,0
315173,0
315174,0
315175,0
315176,0
315177,0
315178,0
315179,0
315180,0
315181,0
315182,0
315183,0
315184,0
315185,0
315186,0
315187,0
315188,0
315189,0
315190,0
315191,0
315192,0
315193,0
315194,0
315195,0
315196,0
315197,0
315198,0
315199,0
315200,0
315201,0
315202,0
315203,0
315204,0
315205,0
315206,0
315207,0
315208,0
315209,0
315210,0
315211,0
315212,0
315213,0
315214,0
315215,0
315216,0
315217,0
315218,0
315219,0
315220,0
315221,0
315222,0
315223,0
315224,0
315225,0
315226,0
315227,0
315228,0
315229,0
315230,0
315231,0
315232,0
315233,0
315234,0
315235,0
315236,0
315237,0
315238,0
315239,0
315240,0
315241,0
315242,0
315243,0
315244,0
315245,0
315246,0
315247,0
315248,0
315249,0
315250,0
315251,0
315252,0
315253,0
315254,0
315255,0
315256,0
315257,0
315258,0
315259,0
315260,0
315261,0
315262,0
315263,0
315264,0
315265,0
315266,0
315267,0
315268,0
315269,0
315270,0
315271,0
315272,0
315273,0
315274,0
315275,0
315276,0
315277,0
315278,0
315279,0
315280,0
315281,0
315282,0
315283,0
315284,0
315285,0
315286,0
315287,0
315288,0
315289,0
315290,0
315291,0
315292,0
315293,0
315294,0
315295,0
315296,0
315297,0
315298,0
315299,0
315300,0
315301,0
315302,0
315303,0
315304,0
315305,0
315306,0
315307,0
315308,0
315309,0
315310,0
315311,0
315312,0
315313,0
315314,0
315315,0
315316,0
315317,0
315318,0
315319,0
315320,0
315321,0
315322,0
315323,0
315324,0
315325,0
315326,0
315327,0
315328,0
315329,0
315330,0
315331,0
315332,0
315333,0
315334,0
315335,0
315336,0
315337,0
315338,0
315339,0
315340,0
315341,0
315342,0
315343,0
315344,0
315345,0
315346,0
315347,0
315348,0
315349,0
315350,0
315351,0
315352,0
315353,0
315354,0
315355,0
315356,0
315357,0
315358,0
315359,0
315360,0
315361,0
315362,0
315363,0
315364,0
315365,0
315366,0
315367,0
315368,0
315369,0
315370,0
315371,0
315372,0
315373,0
315374,0
315375,0
315376,0
315377,0
315378,0
315379,0
315380,0
315381,0
315382,0
315383,0
315384,0
315385,0
315386,0
315387,0
315388,0
315389,0
315390,0
315391,0
315392,0
315393,0
315394,0
315395,0
315396,0
315397,0
315398,0
315399,0
315400,0
315401,0
315402,0
315403,0
315404,0
315405,0
315406,0
315407,0
315408,0
315409,0
315410,0
315411,0
315412,0
315413,0
315414,0
315415,0
315416,0
315417,0
315418,0
315419,0
315420,0
315421,0
315422,0
315423,0
315424,0
315425,0
315426,0
315427,0
315428,0
315429,0
315430,0
315431,0
315432,0
315433,0
315434,0
315435,0
315436,0
315437,0
315438,0
315439,0
315440,0
315441,0
315442,0
315443,0
315444,0
315445,0
315446,0
315447,0
315448,0
315449,0
315450,0
315451,0
315452,0
315453,0
315454,0
315455,0
315456,0
315457,0
315458,0
315459,0
315460,0
315461,0
315462,0
315463,0
315464,0
315465,0
315466,0
315467,0
315468,0
315469,0
315470,0
315471,0
315472,0
315473,0
315474,0
315475,0
315476,0
315477,0
315478,0
315479,0
315480,0
315481,0
315482,0
315483,0
315484,0
315485,0
315486,0
315487,0
315488,0
315489,0
315490,0
315491,0
315492,0
315493,0
315494,0
315495,0
315496,0
315497,0
315498,0
315499,0
315500,0
315501,0
315502,0
315503,0
315504,0
315505,0
315506,0
315507,0
315508,0
315509,0
315510,0
315511,0
315512,0
315513,0
315514,0
315515,0
315516,0
315517,0
315518,0
315519,0
315520,0
315521,0
315522,0
315523,0
315524,0
315525,0
315526,0
315527,0
315528,0
315529,0
315530,0
315531,0
315532,0
315533,0
315534,0
315535,0
315536,0
315537,0
315538,0
315539,0
315540,0
315541,0
315542,0
315543,0
315544,0
315545,0
315546,0
315547,0
315548,0
315549,0
315550,0
315551,0
315552,0
315553,0
315554,0
315555,0
315556,0
315557,0
315558,0
315559,0
315560,0
315561,0
315562,0
315563,0
315564,0
315565,0
315566,0
315567,0
315568,0
315569,0
315570,0
315571,0
315572,0
315573,0
315574,0
315575,0
315576,0
315577,0
315578,0
315579,0
315580,0
315581,0
315582,0
315583,0
315584,0
315585,0
315586,0
315587,0
315588,0
315589,0
315590,0
315591,0
315592,0
315593,0
315594,0
315595,0
315596,0
315597,0
315598,0
315599,0
315600,0
315601,0
315602,0
315603,0
315604,0
315605,0
315606,0
315607,0
315608,0
315609,0
315610,0
315611,0
315612,0
315613,0
315614,0
315615,0
315616,0
315617,0
315618,0
315619,0
315620,0
315621,0
315622,0
315623,0
315624,0
315625,0
315626,0
315627,0
315628,0
315629,0
315630,0
315631,0
315632,0
315633,0
315634,0
315635,0
315636,0
315637,0
315638,0
315639,0
315640,0
315641,0
315642,0
315643,0
315644,0
315645,0
315646,0
315647,0
315648,0
315649,0
315650,0
315651,0
315652,0
315653,0
315654,0
315655,0
315656,0
315657,0
315658,0
315659,0
315660,0
315661,0
315662,0
315663,0
315664,0
315665,0
315666,0
315667,0
315668,0
315669,0
315670,0
315671,0
315672,0
315673,0
315674,0
315675,0
315676,0
315677,0
315678,0
315679,0
315680,0
315681,0
315682,0
315683,0
315684,0
315685,0
315686,0
315687,0
315688,0
315689,0
315690,0
315691,0
315692,0
315693,0
315694,0
315695,0
315696,0
315697,0
315698,0
315699,0
315700,0
315701,0
315702,0
315703,0
315704,0
315705,0
315706,0
315707,0
315708,0
315709,0
315710,0
315711,0
315712,0
315713,0
315714,0
315715,0
315716,0
315717,0
315718,0
315719,0
315720,0
315721,0
315722,0
315723,0
315724,0
315725,0
315726,0
315727,0
315728,0
315729,0
315730,0
315731,0
315732,0
315733,0
315734,0
315735,0
315736,0
315737,0
315738,0
315739,0
315740,0
315741,0
315742,0
315743,0
315744,0
315745,0
315746,0
315747,0
315748,0
315749,0
315750,0
315751,0
315752,0
315753,0
315754,0
315755,0
315756,0
315757,0
315758,0
315759,0
315760,0
315761,0
315762,0
315763,0
315764,0
315765,0
315766,0
315767,0
315768,0
315769,0
315770,0
315771,0
315772,0
315773,0
315774,0
315775,0
315776,0
315777,0
315778,0
315779,0
315780,0
315781,0
315782,0
315783,0
315784,0
315785,0
315786,0
315787,0
315788,0
315789,0
315790,0
315791,0
315792,0
315793,0
315794,0
315795,0
315796,0
315797,0
315798,0
315799,0
315800,0
315801,0
315802,0
315803,0
315804,0
315805,0
315806,0
315807,0
315808,0
315809,0
315810,0
315811,0
315812,0
315813,0
315814,0
315815,0
315816,0
315817,0
315818,0
315819,0
315820,0
315821,0
315822,0
315823,0
315824,0
315825,0
315826,0
315827,0
315828,0
315829,0
315830,0
315831,0
315832,0
315833,0
315834,0
315835,0
315836,0
315837,0
315838,0
315839,0
315840,0
315841,0
315842,0
315843,0
315844,0
315845,0
315846,0
315847,0
315848,0
315849,0
315850,0
315851,0
315852,0
315853,0
315854,0
315855,0
315856,0
315857,0
315858,0
315859,0
315860,0
315861,0
315862,0
315863,0
315864,0
315865,0
315866,0
315867,0
315868,0
315869,0
315870,0
315871,0
315872,0
315873,0
315874,0
315875,0
315876,0
315877,0
315878,0
315879,0
315880,0
315881,0
315882,0
315883,0
315884,0
315885,0
315886,0
315887,0
315888,0
315889,0
315890,0
315891,0
315892,0
315893,0
315894,0
315895,0
315896,0
315897,0
315898,0
315899,0
315900,0
315901,0
315902,0
315903,0
315904,0
315905,0
315906,0
315907,0
315908,0
315909,0
315910,0
315911,0
315912,0
315913,0
315914,0
315915,0
315916,0
315917,0
315918,0
315919,0
315920,0
315921,0
315922,0
315923,0
315924,0
315925,0
315926,0
315927,0
315928,0
315929,0
315930,0
315931,0
315932,0
315933,0
315934,0
315935,0
315936,0
315937,0
315938,0
315939,0
315940,0
315941,0
315942,0
315943,0
315944,0
315945,0
315946,0
315947,0
315948,0
315949,0
315950,0
315951,0
315952,0
315953,0
315954,0
315955,0
315956,0
315957,0
315958,0
315959,0
315960,0
315961,0
315962,0
315963,0
315964,0
315965,0
315966,0
315967,0
315968,0
315969,0
315970,0
315971,0
315972,0
315973,0
315974,0
315975,0
315976,0
315977,0
315978,0
315979,0
315980,0
315981,0
315982,0
315983,0
315984,0
315985,0
315986,0
315987,0
315988,0
315989,0
315990,0
315991,0
315992,0
315993,0
315994,0
315995,0
315996,0
315997,0
315998,0
315999,0
316000,0
316001,0
316002,0
316003,0
316004,0
316005,0
316006,0
316007,0
316008,0
316009,0
316010,0
316011,0
316012,0
316013,0
316014,0
316015,0
316016,0
316017,0
316018,0
316019,0
316020,0
316021,0
316022,0
316023,0
316024,0
316025,0
316026,0
316027,0
316028,0
316029,0
316030,0
316031,0
316032,0
316033,0
316034,0
316035,0
316036,0
316037,0
316038,0
316039,0
316040,0
316041,0
316042,0
316043,0
316044,0
316045,0
316046,0
316047,0
316048,0
316049,0
316050,0
316051,0
316052,0
316053,0
316054,0
316055,0
316056,0
316057,0
316058,0
316059,0
316060,0
316061,0
316062,0
316063,0
316064,0
316065,0
316066,0
316067,0
316068,0
316069,0
316070,0
316071,0
316072,0
316073,0
316074,0
316075,0
316076,0
316077,0
316078,0
316079,0
316080,0
316081,0
316082,0
316083,0
316084,0
316085,0
316086,0
316087,0
316088,0
316089,0
316090,0
316091,0
316092,0
316093,0
316094,0
316095,0
316096,0
316097,0
316098,0
316099,0
316100,0
316101,0
316102,0
316103,0
316104,0
316105,0
316106,0
316107,0
316108,0
316109,0
316110,0
316111,0
316112,0
316113,0
316114,0
316115,0
316116,0
316117,0
316118,0
316119,0
316120,0
316121,0
316122,0
316123,0
316124,0
316125,0
316126,0
316127,0
316128,0
316129,0
316130,0
316131,0
316132,0
316133,0
316134,0
316135,0
316136,0
316137,0
316138,0
316139,0
316140,0
316141,0
316142,0
316143,0
316144,0
316145,0
316146,0
316147,0
316148,0
316149,0
316150,0
316151,0
316152,0
316153,0
316154,0
316155,0
316156,0
316157,0
316158,0
316159,0
316160,0
316161,0
316162,0
316163,0
316164,0
316165,0
316166,0
316167,0
316168,0
316169,0
316170,0
316171,0
316172,0
316173,0
316174,0
316175,0
316176,0
316177,0
316178,0
316179,0
316180,0
316181,0
316182,0
316183,0
316184,0
316185,0
316186,0
316187,0
316188,0
316189,0
316190,0
316191,0
316192,0
316193,0
316194,0
316195,0
316196,0
316197,0
316198,0
316199,0
316200,0
316201,0
316202,0
316203,0
316204,0
316205,0
316206,0
316207,0
316208,0
316209,0
316210,0
316211,0
316212,0
316213,0
316214,0
316215,0
316216,0
316217,0
316218,0
316219,0
316220,0
316221,0
316222,0
316223,0
316224,0
316225,0
316226,0
316227,0
316228,0
316229,0
316230,0
316231,0
316232,0
316233,0
316234,0
316235,0
316236,0
316237,0
316238,0
316239,0
316240,0
316241,0
316242,0
316243,0
316244,0
316245,0
316246,0
316247,0
316248,0
316249,0
316250,0
316251,0
316252,0
316253,0
316254,0
316255,0
316256,0
316257,0
316258,0
316259,0
316260,0
316261,0
316262,0
316263,0
316264,0
316265,0
316266,0
316267,0
316268,0
316269,0
316270,0
316271,0
316272,0
316273,0
316274,0
316275,0
316276,0
316277,0
316278,0
316279,0
316280,0
316281,0
316282,0
316283,0
316284,0
316285,0
316286,0
316287,0
316288,0
316289,0
316290,0
316291,0
316292,0
316293,0
316294,0
316295,0
316296,0
316297,0
316298,0
316299,0
316300,0
316301,0
316302,0
316303,0
316304,0
316305,0
316306,0
316307,0
316308,0
316309,0
316310,0
316311,0
316312,0
316313,0
316314,0
316315,0
316316,0
316317,0
316318,0
316319,0
316320,0
316321,0
316322,0
316323,0
316324,0
316325,0
316326,0
316327,0
316328,0
316329,0
316330,0
316331,0
316332,0
316333,0
316334,0
316335,0
316336,0
316337,0
316338,0
316339,0
316340,0
316341,0
316342,0
316343,0
316344,0
316345,0
316346,0
316347,0
316348,0
316349,0
316350,0
316351,0
316352,0
316353,0
316354,0
316355,0
316356,0
316357,0
316358,0
316359,0
316360,0
316361,0
316362,0
316363,0
316364,0
316365,0
316366,0
316367,0
316368,0
316369,0
316370,0
316371,0
316372,0
316373,0
316374,0
316375,0
316376,0
316377,0
316378,0
316379,0
316380,0
316381,0
316382,0
316383,0
316384,0
316385,0
316386,0
316387,0
316388,0
316389,0
316390,0
316391,0
316392,0
316393,0
316394,0
316395,0
316396,0
316397,0
316398,0
316399,0
316400,0
316401,0
316402,0
316403,0
316404,0
316405,0
316406,0
316407,0
316408,0
316409,0
316410,0
316411,0
316412,0
316413,0
316414,0
316415,0
316416,0
316417,0
316418,0
316419,0
316420,0
316421,0
316422,0
316423,0
316424,0
316425,0
316426,0
316427,0
316428,0
316429,0
316430,0
316431,0
316432,0
316433,0
316434,0
316435,0
316436,0
316437,0
316438,0
316439,0
316440,0
316441,0
316442,0
316443,0
316444,0
316445,0
316446,0
316447,0
316448,0
316449,0
316450,0
316451,0
316452,0
316453,0
316454,0
316455,0
316456,0
316457,0
316458,0
316459,0
316460,0
316461,0
316462,0
316463,0
316464,0
316465,0
316466,0
316467,0
316468,0
316469,0
316470,0
316471,0
316472,0
316473,0
316474,0
316475,0
316476,0
316477,0
316478,0
316479,0
316480,0
316481,0
316482,0
316483,0
316484,0
316485,0
316486,0
316487,0
316488,0
316489,0
316490,0
316491,0
316492,0
316493,0
316494,0
316495,0
316496,0
316497,0
316498,0
316499,0
316500,0
316501,0
316502,0
316503,0
316504,0
316505,0
316506,0
316507,0
316508,0
316509,0
316510,0
316511,0
316512,0
316513,0
316514,0
316515,0
316516,0
316517,0
316518,0
316519,0
316520,0
316521,0
316522,0
316523,0
316524,0
316525,0
316526,0
316527,0
316528,0
316529,0
316530,0
316531,0
316532,0
316533,0
316534,0
316535,0
316536,0
316537,0
316538,0
316539,0
316540,0
316541,0
316542,0
316543,0
316544,0
316545,0
316546,0
316547,0
316548,0
316549,0
316550,0
316551,0
316552,0
316553,0
316554,0
316555,0
316556,0
316557,0
316558,0
316559,0
316560,0
316561,0
316562,0
316563,0
316564,0
316565,0
316566,0
316567,0
316568,0
316569,0
316570,0
316571,0
316572,0
316573,0
316574,0
316575,0
316576,0
316577,0
316578,0
316579,0
316580,0
316581,0
316582,0
316583,0
316584,0
316585,0
316586,0
316587,0
316588,0
316589,0
316590,0
316591,0
316592,0
316593,0
316594,0
316595,0
316596,0
316597,0
316598,0
316599,0
316600,0
316601,0
316602,0
316603,0
316604,0
316605,0
316606,0
316607,0
316608,0
316609,0
316610,0
316611,0
316612,0
316613,0
316614,0
316615,0
316616,0
316617,0
316618,0
316619,0
316620,0
316621,0
316622,0
316623,0
316624,0
316625,0
316626,0
316627,0
316628,0
316629,0
316630,0
316631,0
316632,0
316633,0
316634,0
316635,0
316636,0
316637,0
316638,0
316639,0
316640,0
316641,0
316642,0
316643,0
316644,0
316645,0
316646,0
316647,0
316648,0
316649,0
316650,0
316651,0
316652,0
316653,0
316654,0
316655,0
316656,0
316657,0
316658,0
316659,0
316660,0
316661,0
316662,0
316663,0
316664,0
316665,0
316666,0
316667,0
316668,0
316669,0
316670,0
316671,0
316672,0
316673,0
316674,0
316675,0
316676,0
316677,0
316678,0
316679,0
316680,0
316681,0
316682,0
316683,0
316684,0
316685,0
316686,0
316687,0
316688,0
316689,0
316690,0
316691,0
316692,0
316693,0
316694,0
316695,0
316696,0
316697,0
316698,0
316699,0
316700,0
316701,0
316702,0
316703,0
316704,0
316705,0
316706,0
316707,0
316708,0
316709,0
316710,0
316711,0
316712,0
316713,0
316714,0
316715,0
316716,0
316717,0
316718,0
316719,0
316720,0
316721,0
316722,0
316723,0
316724,0
316725,0
316726,0
316727,0
316728,0
316729,0
316730,0
316731,0
316732,0
316733,0
316734,0
316735,0
316736,0
316737,0
316738,0
316739,0
316740,0
316741,0
316742,0
316743,0
316744,0
316745,0
316746,0
316747,0
316748,0
316749,0
316750,0
316751,0
316752,0
316753,0
316754,0
316755,0
316756,0
316757,0
316758,0
316759,0
316760,0
316761,0
316762,0
316763,0
316764,0
316765,0
316766,0
316767,0
316768,0
316769,0
316770,0
316771,0
316772,0
316773,0
316774,0
316775,0
316776,0
316777,0
316778,0
316779,0
316780,0
316781,0
316782,0
316783,0
316784,0
316785,0
316786,0
316787,0
316788,0
316789,0
316790,0
316791,0
316792,0
316793,0
316794,0
316795,0
316796,0
316797,0
316798,0
316799,0
316800,0
316801,0
316802,0
316803,0
316804,0
316805,0
316806,0
316807,0
316808,0
316809,0
316810,0
316811,0
316812,0
316813,0
316814,0
316815,0
316816,0
316817,0
316818,0
316819,0
316820,0
316821,0
316822,0
316823,0
316824,0
316825,0
316826,0
316827,0
316828,0
316829,0
316830,0
316831,0
316832,0
316833,0
316834,0
316835,0
316836,0
316837,0
316838,0
316839,0
316840,0
316841,0
316842,0
316843,0
316844,0
316845,0
316846,0
316847,0
316848,0
316849,0
316850,0
316851,0
316852,0
316853,0
316854,0
316855,0
316856,0
316857,0
316858,0
316859,0
316860,0
316861,0
316862,0
316863,0
316864,0
316865,0
316866,0
316867,0
316868,0
316869,0
316870,0
316871,0
316872,0
316873,0
316874,0
316875,0
316876,0
316877,0
316878,0
316879,0
316880,0
316881,0
316882,0
316883,0
316884,0
316885,0
316886,0
316887,0
316888,0
316889,0
316890,0
316891,0
316892,0
316893,0
316894,0
316895,0
316896,0
316897,0
316898,0
316899,0
316900,0
316901,0
316902,0
316903,0
316904,0
316905,0
316906,0
316907,0
316908,0
316909,0
316910,0
316911,0
316912,0
316913,0
316914,0
316915,0
316916,0
316917,0
316918,0
316919,0
316920,0
316921,0
316922,0
316923,0
316924,0
316925,0
316926,0
316927,0
316928,0
316929,0
316930,0
316931,0
316932,0
316933,0
316934,0
316935,0
316936,0
316937,0
316938,0
316939,0
316940,0
316941,0
316942,0
316943,0
316944,0
316945,0
316946,0
316947,0
316948,0
316949,0
316950,0
316951,0
316952,0
316953,0
316954,0
316955,0
316956,0
316957,0
316958,0
316959,0
316960,0
316961,0
316962,0
316963,0
316964,0
316965,0
316966,0
316967,0
316968,0
316969,0
316970,0
316971,0
316972,0
316973,0
316974,0
316975,0
316976,0
316977,0
316978,0
316979,0
316980,0
316981,0
316982,0
316983,0
316984,0
316985,0
316986,0
316987,0
316988,0
316989,0
316990,0
316991,0
316992,0
316993,0
316994,0
316995,0
316996,0
316997,0
316998,0
316999,0
317000,0
317001,0
317002,0
317003,0
317004,0
317005,0
317006,0
317007,0
317008,0
317009,0
317010,0
317011,0
317012,0
317013,0
317014,0
317015,0
317016,0
317017,0
317018,0
317019,0
317020,0
317021,0
317022,0
317023,0
317024,0
317025,0
317026,0
317027,0
317028,0
317029,0
317030,0
317031,0
317032,0
317033,0
317034,0
317035,0
317036,0
317037,0
317038,0
317039,0
317040,0
317041,0
317042,0
317043,0
317044,0
317045,0
317046,0
317047,0
317048,0
317049,0
317050,0
317051,0
317052,0
317053,0
317054,0
317055,0
317056,0
317057,0
317058,0
317059,0
317060,0
317061,0
317062,0
317063,0
317064,0
317065,0
317066,0
317067,0
317068,0
317069,0
317070,0
317071,0
317072,0
317073,0
317074,0
317075,0
317076,0
317077,0
317078,0
317079,0
317080,0
317081,0
317082,0
317083,0
317084,0
317085,0
317086,0
317087,0
317088,0
317089,0
317090,0
317091,0
317092,0
317093,0
317094,0
317095,0
317096,0
317097,0
317098,0
317099,0
317100,0
317101,0
317102,0
317103,0
317104,0
317105,0
317106,0
317107,0
317108,0
317109,0
317110,0
317111,0
317112,0
317113,0
317114,0
317115,0
317116,0
317117,0
317118,0
317119,0
317120,0
317121,0
317122,0
317123,0
317124,0
317125,0
317126,0
317127,0
317128,0
317129,0
317130,0
317131,0
317132,0
317133,0
317134,0
317135,0
317136,0
317137,0
317138,0
317139,0
317140,0
317141,0
317142,0
317143,0
317144,0
317145,0
317146,0
317147,0
317148,0
317149,0
317150,0
317151,0
317152,0
317153,0
317154,0
317155,0
317156,0
317157,0
317158,0
317159,0
317160,0
317161,0
317162,0
317163,0
317164,0
317165,0
317166,0
317167,0
317168,0
317169,0
317170,0
317171,0
317172,0
317173,0
317174,0
317175,0
317176,0
317177,0
317178,0
317179,0
317180,0
317181,0
317182,0
317183,0
317184,0
317185,0
317186,0
317187,0
317188,0
317189,0
317190,0
317191,0
317192,0
317193,0
317194,0
317195,0
317196,0
317197,0
317198,0
317199,0
317200,0
317201,0
317202,0
317203,0
317204,0
317205,0
317206,0
317207,0
317208,0
317209,0
317210,0
317211,0
317212,0
317213,0
317214,0
317215,0
317216,0
317217,0
317218,0
317219,0
317220,0
317221,0
317222,0
317223,0
317224,0
317225,0
317226,0
317227,0
317228,0
317229,0
317230,0
317231,0
317232,0
317233,0
317234,0
317235,0
317236,0
317237,0
317238,0
317239,0
317240,0
317241,0
317242,0
317243,0
317244,0
317245,0
317246,0
317247,0
317248,0
317249,0
317250,0
317251,0
317252,0
317253,0
317254,0
317255,0
317256,0
317257,0
317258,0
317259,0
317260,0
317261,0
317262,0
317263,0
317264,0
317265,0
317266,0
317267,0
317268,0
317269,0
317270,0
317271,0
317272,0
317273,0
317274,0
317275,0
317276,0
317277,0
317278,0
317279,0
317280,0
317281,0
317282,0
317283,0
317284,0
317285,0
317286,0
317287,0
317288,0
317289,0
317290,0
317291,0
317292,0
317293,0
317294,0
317295,0
317296,0
317297,0
317298,0
317299,0
317300,0
317301,0
317302,0
317303,0
317304,0
317305,0
317306,0
317307,0
317308,0
317309,0
317310,0
317311,0
317312,0
317313,0
317314,0
317315,0
317316,0
317317,0
317318,0
317319,0
317320,0
317321,0
317322,0
317323,0
317324,0
317325,0
317326,0
317327,0
317328,0
317329,0
317330,0
317331,0
317332,0
317333,0
317334,0
317335,0
317336,0
317337,0
317338,0
317339,0
317340,0
317341,0
317342,0
317343,0
317344,0
317345,0
317346,0
317347,0
317348,0
317349,0
317350,0
317351,0
317352,0
317353,0
317354,0
317355,0
317356,0
317357,0
317358,0
317359,0
317360,0
317361,0
317362,0
317363,0
317364,0
317365,0
317366,0
317367,0
317368,0
317369,0
317370,0
317371,0
317372,0
317373,0
317374,0
317375,0
317376,0
317377,0
317378,0
317379,0
317380,0
317381,0
317382,0
317383,0
317384,0
317385,0
317386,0
317387,0
317388,0
317389,0
317390,0
317391,0
317392,0
317393,0
317394,0
317395,0
317396,0
317397,0
317398,0
317399,0
317400,0
317401,0
317402,0
317403,0
317404,0
317405,0
317406,0
317407,0
317408,0
317409,0
317410,0
317411,0
317412,0
317413,0
317414,0
317415,0
317416,0
317417,0
317418,0
317419,0
317420,0
317421,0
317422,0
317423,0
317424,0
317425,0
317426,0
317427,0
317428,0
317429,0
317430,0
317431,0
317432,0
317433,0
317434,0
317435,0
317436,0
317437,0
317438,0
317439,0
317440,0
317441,0
317442,0
317443,0
317444,0
317445,0
317446,0
317447,0
317448,0
317449,0
317450,0
317451,0
317452,0
317453,0
317454,0
317455,0
317456,0
317457,0
317458,0
317459,0
317460,0
317461,0
317462,0
317463,0
317464,0
317465,0
317466,0
317467,0
317468,0
317469,0
317470,0
317471,0
317472,0
317473,0
317474,0
317475,0
317476,0
317477,0
317478,0
317479,0
317480,0
317481,0
317482,0
317483,0
317484,0
317485,0
317486,0
317487,0
317488,0
317489,0
317490,0
317491,0
317492,0
317493,0
317494,0
317495,0
317496,0
317497,0
317498,0
317499,0
317500,0
317501,0
317502,0
317503,0
317504,0
317505,0
317506,0
317507,0
317508,0
317509,0
317510,0
317511,0
317512,0
317513,0
317514,0
317515,0
317516,0
317517,0
317518,0
317519,0
317520,0
317521,0
317522,0
317523,0
317524,0
317525,0
317526,0
317527,0
317528,0
317529,0
317530,0
317531,0
317532,0
317533,0
317534,0
317535,0
317536,0
317537,0
317538,0
317539,0
317540,0
317541,0
317542,0
317543,0
317544,0
317545,0
317546,0
317547,0
317548,0
317549,0
317550,0
317551,0
317552,0
317553,0
317554,0
317555,0
317556,0
317557,0
317558,0
317559,0
317560,0
317561,0
317562,0
317563,0
317564,0
317565,0
317566,0
317567,0
317568,0
317569,0
317570,0
317571,0
317572,0
317573,0
317574,0
317575,0
317576,0
317577,0
317578,0
317579,0
317580,0
317581,0
317582,0
317583,0
317584,0
317585,0
317586,0
317587,0
317588,0
317589,0
317590,0
317591,0
317592,0
317593,0
317594,0
317595,0
317596,0
317597,0
317598,0
317599,0
317600,0
317601,0
317602,0
317603,0
317604,0
317605,0
317606,0
317607,0
317608,0
317609,0
317610,0
317611,0
317612,0
317613,0
317614,0
317615,0
317616,0
317617,0
317618,0
317619,0
317620,0
317621,0
317622,0
317623,0
317624,0
317625,0
317626,0
317627,0
317628,0
317629,0
317630,0
317631,0
317632,0
317633,0
317634,0
317635,0
317636,0
317637,0
317638,0
317639,0
317640,0
317641,0
317642,0
317643,0
317644,0
317645,0
317646,0
317647,0
317648,0
317649,0
317650,0
317651,0
317652,0
317653,0
317654,0
317655,0
317656,0
317657,0
317658,0
317659,0
317660,0
317661,0
317662,0
317663,0
317664,0
317665,0
317666,0
317667,0
317668,0
317669,0
317670,0
317671,0
317672,0
317673,0
317674,0
317675,0
317676,0
317677,0
317678,0
317679,0
317680,0
317681,0
317682,0
317683,0
317684,0
317685,0
317686,0
317687,0
317688,0
317689,0
317690,0
317691,0
317692,0
317693,0
317694,0
317695,0
317696,0
317697,0
317698,0
317699,0
317700,0
317701,0
317702,0
317703,0
317704,0
317705,0
317706,0
317707,0
317708,0
317709,0
317710,0
317711,0
317712,0
317713,0
317714,0
317715,0
317716,0
317717,0
317718,0
317719,0
317720,0
317721,0
317722,0
317723,0
317724,0
317725,0
317726,0
317727,0
317728,0
317729,0
317730,0
317731,0
317732,0
317733,0
317734,0
317735,0
317736,0
317737,0
317738,0
317739,0
317740,0
317741,0
317742,0
317743,0
317744,0
317745,0
317746,0
317747,0
317748,0
317749,0
317750,0
317751,0
317752,0
317753,0
317754,0
317755,0
317756,0
317757,0
317758,0
317759,0
317760,0
317761,0
317762,0
317763,0
317764,0
317765,0
317766,0
317767,0
317768,0
317769,0
317770,0
317771,0
317772,0
317773,0
317774,0
317775,0
317776,0
317777,0
317778,0
317779,0
317780,0
317781,0
317782,0
317783,0
317784,0
317785,0
317786,0
317787,0
317788,0
317789,0
317790,0
317791,0
317792,0
317793,0
317794,0
317795,0
317796,0
317797,0
317798,0
317799,0
317800,0
317801,0
317802,0
317803,0
317804,0
317805,0
317806,0
317807,0
317808,0
317809,0
317810,0
317811,0
317812,0
317813,0
317814,0
317815,0
317816,0
317817,0
317818,0
317819,0
317820,0
317821,0
317822,0
317823,0
317824,0
317825,0
317826,0
317827,0
317828,0
317829,0
317830,0
317831,0
317832,0
317833,0
317834,0
317835,0
317836,0
317837,0
317838,0
317839,0
317840,0
317841,0
317842,0
317843,0
317844,0
317845,0
317846,0
317847,0
317848,0
317849,0
317850,0
317851,0
317852,0
317853,0
317854,0
317855,0
317856,0
317857,0
317858,0
317859,0
317860,0
317861,0
317862,0
317863,0
317864,0
317865,0
317866,0
317867,0
317868,0
317869,0
317870,0
317871,0
317872,0
317873,0
317874,0
317875,0
317876,0
317877,0
317878,0
317879,0
317880,0
317881,0
317882,0
317883,0
317884,0
317885,0
317886,0
317887,0
317888,0
317889,0
317890,0
317891,0
317892,0
317893,0
317894,0
317895,0
317896,0
317897,0
317898,0
317899,0
317900,0
317901,0
317902,0
317903,0
317904,0
317905,0
317906,0
317907,0
317908,0
317909,0
317910,0
317911,0
317912,0
317913,0
317914,0
317915,0
317916,0
317917,0
317918,0
317919,0
317920,0
317921,0
317922,0
317923,0
317924,0
317925,0
317926,0
317927,0
317928,0
317929,0
317930,0
317931,0
317932,0
317933,0
317934,0
317935,0
317936,0
317937,0
317938,0
317939,0
317940,0
317941,0
317942,0
317943,0
317944,0
317945,0
317946,0
317947,0
317948,0
317949,0
317950,0
317951,0
317952,0
317953,0
317954,0
317955,0
317956,0
317957,0
317958,0
317959,0
317960,0
317961,0
317962,0
317963,0
317964,0
317965,0
317966,0
317967,0
317968,0
317969,0
317970,0
317971,0
317972,0
317973,0
317974,0
317975,0
317976,0
317977,0
317978,0
317979,0
317980,0
317981,0
317982,0
317983,0
317984,0
317985,0
317986,0
317987,0
317988,0
317989,0
317990,0
317991,0
317992,0
317993,0
317994,0
317995,0
317996,0
317997,0
317998,0
317999,0
318000,0
318001,0
318002,0
318003,0
318004,0
318005,0
318006,0
318007,0
318008,0
318009,0
318010,0
318011,0
318012,0
318013,0
318014,0
318015,0
318016,0
318017,0
318018,0
318019,0
318020,0
318021,0
318022,0
318023,0
318024,0
318025,0
318026,0
318027,0
318028,0
318029,0
318030,0
318031,0
318032,0
318033,0
318034,0
318035,0
318036,0
318037,0
318038,0
318039,0
318040,0
318041,0
318042,0
318043,0
318044,0
318045,0
318046,0
318047,0
318048,0
318049,0
318050,0
318051,0
318052,0
318053,0
318054,0
318055,0
318056,0
318057,0
318058,0
318059,0
318060,0
318061,0
318062,0
318063,0
318064,0
318065,0
318066,0
318067,0
318068,0
318069,0
318070,0
318071,0
318072,0
318073,0
318074,0
318075,0
318076,0
318077,0
318078,0
318079,0
318080,0
318081,0
318082,0
318083,0
318084,0
318085,0
318086,0
318087,0
318088,0
318089,0
318090,0
318091,0
318092,0
318093,0
318094,0
318095,0
318096,0
318097,0
318098,0
318099,0
318100,0
318101,0
318102,0
318103,0
318104,0
318105,0
318106,0
318107,0
318108,0
318109,0
318110,0
318111,0
318112,0
318113,0
318114,0
318115,0
318116,0
318117,0
318118,0
318119,0
318120,0
318121,0
318122,0
318123,0
318124,0
318125,0
318126,0
318127,0
318128,0
318129,0
318130,0
318131,0
318132,0
318133,0
318134,0
318135,0
318136,0
318137,0
318138,0
318139,0
318140,0
318141,0
318142,0
318143,0
318144,0
318145,0
318146,0
318147,0
318148,0
318149,0
318150,0
318151,0
318152,0
318153,0
318154,0
318155,0
318156,0
318157,0
318158,0
318159,0
318160,0
318161,0
318162,0
318163,0
318164,0
318165,0
318166,0
318167,0
318168,0
318169,0
318170,0
318171,0
318172,0
318173,0
318174,0
318175,0
318176,0
318177,0
318178,0
318179,0
318180,0
318181,0
318182,0
318183,0
318184,0
318185,0
318186,0
318187,0
318188,0
318189,0
318190,0
318191,0
318192,0
318193,0
318194,0
318195,0
318196,0
318197,0
318198,0
318199,0
318200,0
318201,0
318202,0
318203,0
318204,0
318205,0
318206,0
318207,0
318208,0
318209,0
318210,0
318211,0
318212,0
318213,0
318214,0
318215,0
318216,0
318217,0
318218,0
318219,0
318220,0
318221,0
318222,0
318223,0
318224,0
318225,0
318226,0
318227,0
318228,0
318229,0
318230,0
318231,0
318232,0
318233,0
318234,0
318235,0
318236,0
318237,0
318238,0
318239,0
318240,0
318241,0
318242,0
318243,0
318244,0
318245,0
318246,0
318247,0
318248,0
318249,0
318250,0
318251,0
318252,0
318253,0
318254,0
318255,0
318256,0
318257,0
318258,0
318259,0
318260,0
318261,0
318262,0
318263,0
318264,0
318265,0
318266,0
318267,0
318268,0
318269,0
318270,0
318271,0
318272,0
318273,0
318274,0
318275,0
318276,0
318277,0
318278,0
318279,0
318280,0
318281,0
318282,0
318283,0
318284,0
318285,0
318286,0
318287,0
318288,0
318289,0
318290,0
318291,0
318292,0
318293,0
318294,0
318295,0
318296,0
318297,0
318298,0
318299,0
318300,0
318301,0
318302,0
318303,0
318304,0
318305,0
318306,0
318307,0
318308,0
318309,0
318310,0
318311,0
318312,0
318313,0
318314,0
318315,0
318316,0
318317,0
318318,0
318319,0
318320,0
318321,0
318322,0
318323,0
318324,0
318325,0
318326,0
318327,0
318328,0
318329,0
318330,0
318331,0
318332,0
318333,0
318334,0
318335,0
318336,0
318337,0
318338,0
318339,0
318340,0
318341,0
318342,0
318343,0
318344,0
318345,0
318346,0
318347,0
318348,0
318349,0
318350,0
318351,0
318352,0
318353,0
318354,0
318355,0
318356,0
318357,0
318358,0
318359,0
318360,0
318361,0
318362,0
318363,0
318364,0
318365,0
318366,0
318367,0
318368,0
318369,0
318370,0
318371,0
318372,0
318373,0
318374,0
318375,0
318376,0
318377,0
318378,0
318379,0
318380,0
318381,0
318382,0
318383,0
318384,0
318385,0
318386,0
318387,0
318388,0
318389,0
318390,0
318391,0
318392,0
318393,0
318394,0
318395,0
318396,0
318397,0
318398,0
318399,0
318400,0
318401,0
318402,0
318403,0
318404,0
318405,0
318406,0
318407,0
318408,0
318409,0
318410,0
318411,0
318412,0
318413,0
318414,0
318415,0
318416,0
318417,0
318418,0
318419,0
318420,0
318421,0
318422,0
318423,0
318424,0
318425,0
318426,0
318427,0
318428,0
318429,0
318430,0
318431,0
318432,0
318433,0
318434,0
318435,0
318436,0
318437,0
318438,0
318439,0
318440,0
318441,0
318442,0
318443,0
318444,0
318445,0
318446,0
318447,0
318448,0
318449,0
318450,0
318451,0
318452,0
318453,0
318454,0
318455,0
318456,0
318457,0
318458,0
318459,0
318460,0
318461,0
318462,0
318463,0
318464,0
318465,0
318466,0
318467,0
318468,0
318469,0
318470,0
318471,0
318472,0
318473,0
318474,0
318475,0
318476,0
318477,0
318478,0
318479,0
318480,0
318481,0
318482,0
318483,0
318484,0
318485,0
318486,0
318487,0
318488,0
318489,0
318490,0
318491,0
318492,0
318493,0
318494,0
318495,0
318496,0
318497,0
318498,0
318499,0
318500,0
318501,0
318502,0
318503,0
318504,0
318505,0
318506,0
318507,0
318508,0
318509,0
318510,0
318511,0
318512,0
318513,0
318514,0
318515,0
318516,0
318517,0
318518,0
318519,0
318520,0
318521,0
318522,0
318523,0
318524,0
318525,0
318526,0
318527,0
318528,0
318529,0
318530,0
318531,0
318532,0
318533,0
318534,0
318535,0
318536,0
318537,0
318538,0
318539,0
318540,0
318541,0
318542,0
318543,0
318544,0
318545,0
318546,0
318547,0
318548,0
318549,0
318550,0
318551,0
318552,0
318553,0
318554,0
318555,0
318556,0
318557,0
318558,0
318559,0
318560,0
318561,0
318562,0
318563,0
318564,0
318565,0
318566,0
318567,0
318568,0
318569,0
318570,0
318571,0
318572,0
318573,0
318574,0
318575,0
318576,0
318577,0
318578,0
318579,0
318580,0
318581,0
318582,0
318583,0
318584,0
318585,0
318586,0
318587,0
318588,0
318589,0
318590,0
318591,0
318592,0
318593,0
318594,0
318595,0
318596,0
318597,0
318598,0
318599,0
318600,0
318601,0
318602,0
318603,0
318604,0
318605,0
318606,0
318607,0
318608,0
318609,0
318610,0
318611,0
318612,0
318613,0
318614,0
318615,0
318616,0
318617,0
318618,0
318619,0
318620,0
318621,0
318622,0
318623,0
318624,0
318625,0
318626,0
318627,0
318628,0
318629,0
318630,0
318631,0
318632,0
318633,0
318634,0
318635,0
318636,0
318637,0
318638,0
318639,0
318640,0
318641,0
318642,0
318643,0
318644,0
318645,0
318646,0
318647,0
318648,0
318649,0
318650,0
318651,0
318652,0
318653,0
318654,0
318655,0
318656,0
318657,0
318658,0
318659,0
318660,0
318661,0
318662,0
318663,0
318664,0
318665,0
318666,0
318667,0
318668,0
318669,0
318670,0
318671,0
318672,0
318673,0
318674,0
318675,0
318676,0
318677,0
318678,0
318679,0
318680,0
318681,0
318682,0
318683,0
318684,0
318685,0
318686,0
318687,0
318688,0
318689,0
318690,0
318691,0
318692,0
318693,0
318694,0
318695,0
318696,0
318697,0
318698,0
318699,0
318700,0
318701,0
318702,0
318703,0
318704,0
318705,0
318706,0
318707,0
318708,0
318709,0
318710,0
318711,0
318712,0
318713,0
318714,0
318715,0
318716,0
318717,0
318718,0
318719,0
318720,0
318721,0
318722,0
318723,0
318724,0
318725,0
318726,0
318727,0
318728,0
318729,0
318730,0
318731,0
318732,0
318733,0
318734,0
318735,0
318736,0
318737,0
318738,0
318739,0
318740,0
318741,0
318742,0
318743,0
318744,0
318745,0
318746,0
318747,0
318748,0
318749,0
318750,0
318751,0
318752,0
318753,0
318754,0
318755,0
318756,0
318757,0
318758,0
318759,0
318760,0
318761,0
318762,0
318763,0
318764,0
318765,0
318766,0
318767,0
318768,0
318769,0
318770,0
318771,0
318772,0
318773,0
318774,0
318775,0
318776,0
318777,0
318778,0
318779,0
318780,0
318781,0
318782,0
318783,0
318784,0
318785,0
318786,0
318787,0
318788,0
318789,0
318790,0
318791,0
318792,0
318793,0
318794,0
318795,0
318796,0
318797,0
318798,0
318799,0
318800,0
318801,0
318802,0
318803,0
318804,0
318805,0
318806,0
318807,0
318808,0
318809,0
318810,0
318811,0
318812,0
318813,0
318814,0
318815,0
318816,0
318817,0
318818,0
318819,0
318820,0
318821,0
318822,0
318823,0
318824,0
318825,0
318826,0
318827,0
318828,0
318829,0
318830,0
318831,0
318832,0
318833,0
318834,0
318835,0
318836,0
318837,0
318838,0
318839,0
318840,0
318841,0
318842,0
318843,0
318844,0
318845,0
318846,0
318847,0
318848,0
318849,0
318850,0
318851,0
318852,0
318853,0
318854,0
318855,0
318856,0
318857,0
318858,0
318859,0
318860,0
318861,0
318862,0
318863,0
318864,0
318865,0
318866,0
318867,0
318868,0
318869,0
318870,0
318871,0
318872,0
318873,0
318874,0
318875,0
318876,0
318877,0
318878,0
318879,0
318880,0
318881,0
318882,0
318883,0
318884,0
318885,0
318886,0
318887,0
318888,0
318889,0
318890,0
318891,0
318892,0
318893,0
318894,0
318895,0
318896,0
318897,0
318898,0
318899,0
318900,0
318901,0
318902,0
318903,0
318904,0
318905,0
318906,0
318907,0
318908,0
318909,0
318910,0
318911,0
318912,0
318913,0
318914,0
318915,0
318916,0
318917,0
318918,0
318919,0
318920,0
318921,0
318922,0
318923,0
318924,0
318925,0
318926,0
318927,0
318928,0
318929,0
318930,0
318931,0
318932,0
318933,0
318934,0
318935,0
318936,0
318937,0
318938,0
318939,0
318940,0
318941,0
318942,0
318943,0
318944,0
318945,0
318946,0
318947,0
318948,0
318949,0
318950,0
318951,0
318952,0
318953,0
318954,0
318955,0
318956,0
318957,0
318958,0
318959,0
318960,0
318961,0
318962,0
318963,0
318964,0
318965,0
318966,0
318967,0
318968,0
318969,0
318970,0
318971,0
318972,0
318973,0
318974,0
318975,0
318976,0
318977,0
318978,0
318979,0
318980,0
318981,0
318982,0
318983,0
318984,0
318985,0
318986,0
318987,0
318988,0
318989,0
318990,0
318991,0
318992,0
318993,0
318994,0
318995,0
318996,0
318997,0
318998,0
318999,0
319000,0
319001,0
319002,0
319003,0
319004,0
319005,0
319006,0
319007,0
319008,0
319009,0
319010,0
319011,0
319012,0
319013,0
319014,0
319015,0
319016,0
319017,0
319018,0
319019,0
319020,0
319021,0
319022,0
319023,0
319024,0
319025,0
319026,0
319027,0
319028,0
319029,0
319030,0
319031,0
319032,0
319033,0
319034,0
319035,0
319036,0
319037,0
319038,0
319039,0
319040,0
319041,0
319042,0
319043,0
319044,0
319045,0
319046,0
319047,0
319048,0
319049,0
319050,0
319051,0
319052,0
319053,0
319054,0
319055,0
319056,0
319057,0
319058,0
319059,0
319060,0
319061,0
319062,0
319063,0
319064,0
319065,0
319066,0
319067,0
319068,0
319069,0
319070,0
319071,0
319072,0
319073,0
319074,0
319075,0
319076,0
319077,0
319078,0
319079,0
319080,0
319081,0
319082,0
319083,0
319084,0
319085,0
319086,0
319087,0
319088,0
319089,0
319090,0
319091,0
319092,0
319093,0
319094,0
319095,0
319096,0
319097,0
319098,0
319099,0
319100,0
319101,0
319102,0
319103,0
319104,0
319105,0
319106,0
319107,0
319108,0
319109,0
319110,0
319111,0
319112,0
319113,0
319114,0
319115,0
319116,0
319117,0
319118,0
319119,0
319120,0
319121,0
319122,0
319123,0
319124,0
319125,0
319126,0
319127,0
319128,0
319129,0
319130,0
319131,0
319132,0
319133,0
319134,0
319135,0
319136,0
319137,0
319138,0
319139,0
319140,0
319141,0
319142,0
319143,0
319144,0
319145,0
319146,0
319147,0
319148,0
319149,0
319150,0
319151,0
319152,0
319153,0
319154,0
319155,0
319156,0
319157,0
319158,0
319159,0
319160,0
319161,0
319162,0
319163,0
319164,0
319165,0
319166,0
319167,0
319168,0
319169,0
319170,0
319171,0
319172,0
319173,0
319174,0
319175,0
319176,0
319177,0
319178,0
319179,0
319180,0
319181,0
319182,0
319183,0
319184,0
319185,0
319186,0
319187,0
319188,0
319189,0
319190,0
319191,0
319192,0
319193,0
319194,0
319195,0
319196,0
319197,0
319198,0
319199,0
319200,0
319201,0
319202,0
319203,0
319204,0
319205,0
319206,0
319207,0
319208,0
319209,0
319210,0
319211,0
319212,0
319213,0
319214,0
319215,0
319216,0
319217,0
319218,0
319219,0
319220,0
319221,0
319222,0
319223,0
319224,0
319225,0
319226,0
319227,0
319228,0
319229,0
319230,0
319231,0
319232,0
319233,0
319234,0
319235,0
319236,0
319237,0
319238,0
319239,0
319240,0
319241,0
319242,0
319243,0
319244,0
319245,0
319246,0
319247,0
319248,0
319249,0
319250,0
319251,0
319252,0
319253,0
319254,0
319255,0
319256,0
319257,0
319258,0
319259,0
319260,0
319261,0
319262,0
319263,0
319264,0
319265,0
319266,0
319267,0
319268,0
319269,0
319270,0
319271,0
319272,0
319273,0
319274,0
319275,0
319276,0
319277,0
319278,0
319279,0
319280,0
319281,0
319282,0
319283,0
319284,0
319285,0
319286,0
319287,0
319288,0
319289,0
319290,0
319291,0
319292,0
319293,0
319294,0
319295,0
319296,0
319297,0
319298,0
319299,0
319300,0
319301,0
319302,0
319303,0
319304,0
319305,0
319306,0
319307,0
319308,0
319309,0
319310,0
319311,0
319312,0
319313,0
319314,0
319315,0
319316,0
319317,0
319318,0
319319,0
319320,0
319321,0
319322,0
319323,0
319324,0
319325,0
319326,0
319327,0
319328,0
319329,0
319330,0
319331,0
319332,0
319333,0
319334,0
319335,0
319336,0
319337,0
319338,0
319339,0
319340,0
319341,0
319342,0
319343,0
319344,0
319345,0
319346,0
319347,0
319348,0
319349,0
319350,0
319351,0
319352,0
319353,0
319354,0
319355,0
319356,0
319357,0
319358,0
319359,0
319360,0
319361,0
319362,0
319363,0
319364,0
319365,0
319366,0
319367,0
319368,0
319369,0
319370,0
319371,0
319372,0
319373,0
319374,0
319375,0
319376,0
319377,0
319378,0
319379,0
319380,0
319381,0
319382,0
319383,0
319384,0
319385,0
319386,0
319387,0
319388,0
319389,0
319390,0
319391,0
319392,0
319393,0
319394,0
319395,0
319396,0
319397,0
319398,0
319399,0
319400,0
319401,0
319402,0
319403,0
319404,0
319405,0
319406,0
319407,0
319408,0
319409,0
319410,0
319411,0
319412,0
319413,0
319414,0
319415,0
319416,0
319417,0
319418,0
319419,0
319420,0
319421,0
319422,0
319423,0
319424,0
319425,0
319426,0
319427,0
319428,0
319429,0
319430,0
319431,0
319432,0
319433,0
319434,0
319435,0
319436,0
319437,0
319438,0
319439,0
319440,0
319441,0
319442,0
319443,0
319444,0
319445,0
319446,0
319447,0
319448,0
319449,0
319450,0
319451,0
319452,0
319453,0
319454,0
319455,0
319456,0
319457,0
319458,0
319459,0
319460,0
319461,0
319462,0
319463,0
319464,0
319465,0
319466,0
319467,0
319468,0
319469,0
319470,0
319471,0
319472,0
319473,0
319474,0
319475,0
319476,0
319477,0
319478,0
319479,0
319480,0
319481,0
319482,0
319483,0
319484,0
319485,0
319486,0
319487,0
319488,0
319489,0
319490,0
319491,0
319492,0
319493,0
319494,0
319495,0
319496,0
319497,0
319498,0
319499,0
319500,0
319501,0
319502,0
319503,0
319504,0
319505,0
319506,0
319507,0
319508,0
319509,0
319510,0
319511,0
319512,0
319513,0
319514,0
319515,0
319516,0
319517,0
319518,0
319519,0
319520,0
319521,0
319522,0
319523,0
319524,0
319525,0
319526,0
319527,0
319528,0
319529,0
319530,0
319531,0
319532,0
319533,0
319534,0
319535,0
319536,0
319537,0
319538,0
319539,0
319540,0
319541,0
319542,0
319543,0
319544,0
319545,0
319546,0
319547,0
319548,0
319549,0
319550,0
319551,0
319552,0
319553,0
319554,0
319555,0
319556,0
319557,0
319558,0
319559,0
319560,0
319561,0
319562,0
319563,0
319564,0
319565,0
319566,0
319567,0
319568,0
319569,0
319570,0
319571,0
319572,0
319573,0
319574,0
319575,0
319576,0
319577,0
319578,0
319579,0
319580,0
319581,0
319582,0
319583,0
319584,0
319585,0
319586,0
319587,0
319588,0
319589,0
319590,0
319591,0
319592,0
319593,0
319594,0
319595,0
319596,0
319597,0
319598,0
319599,0
319600,0
319601,0
319602,0
319603,0
319604,0
319605,0
319606,0
319607,0
319608,0
319609,0
319610,0
319611,0
319612,0
319613,0
319614,0
319615,0
319616,0
319617,0
319618,0
319619,0
319620,0
319621,0
319622,0
319623,0
319624,0
319625,0
319626,0
319627,0
319628,0
319629,0
319630,0
319631,0
319632,0
319633,0
319634,0
319635,0
319636,0
319637,0
319638,0
319639,0
319640,0
319641,0
319642,0
319643,0
319644,0
319645,0
319646,0
319647,0
319648,0
319649,0
319650,0
319651,0
319652,0
319653,0
319654,0
319655,0
319656,0
319657,0
319658,0
319659,0
319660,0
319661,0
319662,0
319663,0
319664,0
319665,0
319666,0
319667,0
319668,0
319669,0
319670,0
319671,0
319672,0
319673,0
319674,0
319675,0
319676,0
319677,0
319678,0
319679,0
319680,0
319681,0
319682,0
319683,0
319684,0
319685,0
319686,0
319687,0
319688,0
319689,0
319690,0
319691,0
319692,0
319693,0
319694,0
319695,0
319696,0
319697,0
319698,0
319699,0
319700,0
319701,0
319702,0
319703,0
319704,0
319705,0
319706,0
319707,0
319708,0
319709,0
319710,0
319711,0
319712,0
319713,0
319714,0
319715,0
319716,0
319717,0
319718,0
319719,0
319720,0
319721,0
319722,0
319723,0
319724,0
319725,0
319726,0
319727,0
319728,0
319729,0
319730,0
319731,0
319732,0
319733,0
319734,0
319735,0
319736,0
319737,0
319738,0
319739,0
319740,0
319741,0
319742,0
319743,0
319744,0
319745,0
319746,0
319747,0
319748,0
319749,0
319750,0
319751,0
319752,0
319753,0
319754,0
319755,0
319756,0
319757,0
319758,0
319759,0
319760,0
319761,0
319762,0
319763,0
319764,0
319765,0
319766,0
319767,0
319768,0
319769,0
319770,0
319771,0
319772,0
319773,0
319774,0
319775,0
319776,0
319777,0
319778,0
319779,0
319780,0
319781,0
319782,0
319783,0
319784,0
319785,0
319786,0
319787,0
319788,0
319789,0
319790,0
319791,0
319792,0
319793,0
319794,0
319795,0
319796,0
319797,0
319798,0
319799,0
319800,0
319801,0
319802,0
319803,0
319804,0
319805,0
319806,0
319807,0
319808,0
319809,0
319810,0
319811,0
319812,0
319813,0
319814,0
319815,0
319816,0
319817,0
319818,0
319819,0
319820,0
319821,0
319822,0
319823,0
319824,0
319825,0
319826,0
319827,0
319828,0
319829,0
319830,0
319831,0
319832,0
319833,0
319834,0
319835,0
319836,0
319837,0
319838,0
319839,0
319840,0
319841,0
319842,0
319843,0
319844,0
319845,0
319846,0
319847,0
319848,0
319849,0
319850,0
319851,0
319852,0
319853,0
319854,0
319855,0
319856,0
319857,0
319858,0
319859,0
319860,0
319861,0
319862,0
319863,0
319864,0
319865,0
319866,0
319867,0
319868,0
319869,0
319870,0
319871,0
319872,0
319873,0
319874,0
319875,0
319876,0
319877,0
319878,0
319879,0
319880,0
319881,0
319882,0
319883,0
319884,0
319885,0
319886,0
319887,0
319888,0
319889,0
319890,0
319891,0
319892,0
319893,0
319894,0
319895,0
319896,0
319897,0
319898,0
319899,0
319900,0
319901,0
319902,0
319903,0
319904,0
319905,0
319906,0
319907,0
319908,0
319909,0
319910,0
319911,0
319912,0
319913,0
319914,0
319915,0
319916,0
319917,0
319918,0
319919,0
319920,0
319921,0
319922,0
319923,0
319924,0
319925,0
319926,0
319927,0
319928,0
319929,0
319930,0
319931,0
319932,0
319933,0
319934,0
319935,0
319936,0
319937,0
319938,0
319939,0
319940,0
319941,0
319942,0
319943,0
319944,0
319945,0
319946,0
319947,0
319948,0
319949,0
319950,0
319951,0
319952,0
319953,0
319954,0
319955,0
319956,0
319957,0
319958,0
319959,0
319960,0
319961,0
319962,0
319963,0
319964,0
319965,0
319966,0
319967,0
319968,0
319969,0
319970,0
319971,0
319972,0
319973,0
319974,0
319975,0
319976,0
319977,0
319978,0
319979,0
319980,0
319981,0
319982,0
319983,0
319984,0
319985,0
319986,0
319987,0
319988,0
319989,0
319990,0
319991,0
319992,0
319993,0
319994,0
319995,0
319996,0
319997,0
319998,0
319999,0
320000,0
320001,0
320002,0
320003,0
320004,0
320005,0
320006,0
320007,0
320008,0
320009,0
320010,0
320011,0
320012,0
320013,0
320014,0
320015,0
320016,0
320017,0
320018,0
320019,0
320020,0
320021,0
320022,0
320023,0
320024,0
320025,0
320026,0
320027,0
320028,0
320029,0
320030,0
320031,0
320032,0
320033,0
320034,0
320035,0
320036,0
320037,0
320038,0
320039,0
320040,0
320041,0
320042,0
320043,0
320044,0
320045,0
320046,0
320047,0
320048,0
320049,0
320050,0
320051,0
320052,0
320053,0
320054,0
320055,0
320056,0
320057,0
320058,0
320059,0
320060,0
320061,0
320062,0
320063,0
320064,0
320065,0
320066,0
320067,0
320068,0
320069,0
320070,0
320071,0
320072,0
320073,0
320074,0
320075,0
320076,0
320077,0
320078,0
320079,0
320080,0
320081,0
320082,0
320083,0
320084,0
320085,0
320086,0
320087,0
320088,0
320089,0
320090,0
320091,0
320092,0
320093,0
320094,0
320095,0
320096,0
320097,0
320098,0
320099,0
320100,0
320101,0
320102,0
320103,0
320104,0
320105,0
320106,0
320107,0
320108,0
320109,0
320110,0
320111,0
320112,0
320113,0
320114,0
320115,0
320116,0
320117,0
320118,0
320119,0
320120,0
320121,0
320122,0
320123,0
320124,0
320125,0
320126,0
320127,0
320128,0
320129,0
320130,0
320131,0
320132,0
320133,0
320134,0
320135,0
320136,0
320137,0
320138,0
320139,0
320140,0
320141,0
320142,0
320143,0
320144,0
320145,0
320146,0
320147,0
320148,0
320149,0
320150,0
320151,0
320152,0
320153,0
320154,0
320155,0
320156,0
320157,0
320158,0
320159,0
320160,0
320161,0
320162,0
320163,0
320164,0
320165,0
320166,0
320167,0
320168,0
320169,0
320170,0
320171,0
320172,0
320173,0
320174,0
320175,0
320176,0
320177,0
320178,0
320179,0
320180,0
320181,0
320182,0
320183,0
320184,0
320185,0
320186,0
320187,0
320188,0
320189,0
320190,0
320191,0
320192,0
320193,0
320194,0
320195,0
320196,0
320197,0
320198,0
320199,0
320200,0
320201,0
320202,0
320203,0
320204,0
320205,0
320206,0
320207,0
320208,0
320209,0
320210,0
320211,0
320212,0
320213,0
320214,0
320215,0
320216,0
320217,0
320218,0
320219,0
320220,0
320221,0
320222,0
320223,0
320224,0
320225,0
320226,0
320227,0
320228,0
320229,0
320230,0
320231,0
320232,0
320233,0
320234,0
320235,0
320236,0
320237,0
320238,0
320239,0
320240,0
320241,0
320242,0
320243,0
320244,0
320245,0
320246,0
320247,0
320248,0
320249,0
320250,0
320251,0
320252,0
320253,0
320254,0
320255,0
320256,0
320257,0
320258,0
320259,0
320260,0
320261,0
320262,0
320263,0
320264,0
320265,0
320266,0
320267,0
320268,0
320269,0
320270,0
320271,0
320272,0
320273,0
320274,0
320275,0
320276,0
320277,0
320278,0
320279,0
320280,0
320281,0
320282,0
320283,0
320284,0
320285,0
320286,0
320287,0
320288,0
320289,0
320290,0
320291,0
320292,0
320293,0
320294,0
320295,0
320296,0
320297,0
320298,0
320299,0
320300,0
320301,0
320302,0
320303,0
320304,0
320305,0
320306,0
320307,0
320308,0
320309,0
320310,0
320311,0
320312,0
320313,0
320314,0
320315,0
320316,0
320317,0
320318,0
320319,0
320320,0
320321,0
320322,0
320323,0
320324,0
320325,0
320326,0
320327,0
320328,0
320329,0
320330,0
320331,0
320332,0
320333,0
320334,0
320335,0
320336,0
320337,0
320338,0
320339,0
320340,0
320341,0
320342,0
320343,0
320344,0
320345,0
320346,0
320347,0
320348,0
320349,0
320350,0
320351,0
320352,0
320353,0
320354,0
320355,0
320356,0
320357,0
320358,0
320359,0
320360,0
320361,0
320362,0
320363,0
320364,0
320365,0
320366,0
320367,0
320368,0
320369,0
320370,0
320371,0
320372,0
320373,0
320374,0
320375,0
320376,0
320377,0
320378,0
320379,0
320380,0
320381,0
320382,0
320383,0
320384,0
320385,0
320386,0
320387,0
320388,0
320389,0
320390,0
320391,0
320392,0
320393,0
320394,0
320395,0
320396,0
320397,0
320398,0
320399,0
320400,0
320401,0
320402,0
320403,0
320404,0
320405,0
320406,0
320407,0
320408,0
320409,0
320410,0
320411,0
320412,0
320413,0
320414,0
320415,0
320416,0
320417,0
320418,0
320419,0
320420,0
320421,0
320422,0
320423,0
320424,0
320425,0
320426,0
320427,0
320428,0
320429,0
320430,0
320431,0
320432,0
320433,0
320434,0
320435,0
320436,0
320437,0
320438,0
320439,0
320440,0
320441,0
320442,0
320443,0
320444,0
320445,0
320446,0
320447,0
320448,0
320449,0
320450,0
320451,0
320452,0
320453,0
320454,0
320455,0
320456,0
320457,0
320458,0
320459,0
320460,0
320461,0
320462,0
320463,0
320464,0
320465,0
320466,0
320467,0
320468,0
320469,0
320470,0
320471,0
320472,0
320473,0
320474,0
320475,0
320476,0
320477,0
320478,0
320479,0
320480,0
320481,0
320482,0
320483,0
320484,0
320485,0
320486,0
320487,0
320488,0
320489,0
320490,0
320491,0
320492,0
320493,0
320494,0
320495,0
320496,0
320497,0
320498,0
320499,0
320500,0
320501,0
320502,0
320503,0
320504,0
320505,0
320506,0
320507,0
320508,0
320509,0
320510,0
320511,0
320512,0
320513,0
320514,0
320515,0
320516,0
320517,0
320518,0
320519,0
320520,0
320521,0
320522,0
320523,0
320524,0
320525,0
320526,0
320527,0
320528,0
320529,0
320530,0
320531,0
320532,0
320533,0
320534,0
320535,0
320536,0
320537,0
320538,0
320539,0
320540,0
320541,0
320542,0
320543,0
320544,0
320545,0
320546,0
320547,0
320548,0
320549,0
320550,0
320551,0
320552,0
320553,0
320554,0
320555,0
320556,0
320557,0
320558,0
320559,0
320560,0
320561,0
320562,0
320563,0
320564,0
320565,0
320566,0
320567,0
320568,0
320569,0
320570,0
320571,0
320572,0
320573,0
320574,0
320575,0
320576,0
320577,0
320578,0
320579,0
320580,0
320581,0
320582,0
320583,0
320584,0
320585,0
320586,0
320587,0
320588,0
320589,0
320590,0
320591,0
320592,0
320593,0
320594,0
320595,0
320596,0
320597,0
320598,0
320599,0
320600,0
320601,0
320602,0
320603,0
320604,0
320605,0
320606,0
320607,0
320608,0
320609,0
320610,0
320611,0
320612,0
320613,0
320614,0
320615,0
320616,0
320617,0
320618,0
320619,0
320620,0
320621,0
320622,0
320623,0
320624,0
320625,0
320626,0
320627,0
320628,0
320629,0
320630,0
320631,0
320632,0
320633,0
320634,0
320635,0
320636,0
320637,0
320638,0
320639,0
320640,0
320641,0
320642,0
320643,0
320644,0
320645,0
320646,0
320647,0
320648,0
320649,0
320650,0
320651,0
320652,0
320653,0
320654,0
320655,0
320656,0
320657,0
320658,0
320659,0
320660,0
320661,0
320662,0
320663,0
320664,0
320665,0
320666,0
320667,0
320668,0
320669,0
320670,0
320671,0
320672,0
320673,0
320674,0
320675,0
320676,0
320677,0
320678,0
320679,0
320680,0
320681,0
320682,0
320683,0
320684,0
320685,0
320686,0
320687,0
320688,0
320689,0
320690,0
320691,0
320692,0
320693,0
320694,0
320695,0
320696,0
320697,0
320698,0
320699,0
320700,0
320701,0
320702,0
320703,0
320704,0
320705,0
320706,0
320707,0
320708,0
320709,0
320710,0
320711,0
320712,0
320713,0
320714,0
320715,0
320716,0
320717,0
320718,0
320719,0
320720,0
320721,0
320722,0
320723,0
320724,0
320725,0
320726,0
320727,0
320728,0
320729,0
320730,0
320731,0
320732,0
320733,0
320734,0
320735,0
320736,0
320737,0
320738,0
320739,0
320740,0
320741,0
320742,0
320743,0
320744,0
320745,0
320746,0
320747,0
320748,0
320749,0
320750,0
320751,0
320752,0
320753,0
320754,0
320755,0
320756,0
320757,0
320758,0
320759,0
320760,0
320761,0
320762,0
320763,0
320764,0
320765,0
320766,0
320767,0
320768,0
320769,0
320770,0
320771,0
320772,0
320773,0
320774,0
320775,0
320776,0
320777,0
320778,0
320779,0
320780,0
320781,0
320782,0
320783,0
320784,0
320785,0
320786,0
320787,0
320788,0
320789,0
320790,0
320791,0
320792,0
320793,0
320794,0
320795,0
320796,0
320797,0
320798,0
320799,0
320800,0
320801,0
320802,0
320803,0
320804,0
320805,0
320806,0
320807,0
320808,0
320809,0
320810,0
320811,0
320812,0
320813,0
320814,0
320815,0
320816,0
320817,0
320818,0
320819,0
320820,0
320821,0
320822,0
320823,0
320824,0
320825,0
320826,0
320827,0
320828,0
320829,0
320830,0
320831,0
320832,0
320833,0
320834,0
320835,0
320836,0
320837,0
320838,0
320839,0
320840,0
320841,0
320842,0
320843,0
320844,0
320845,0
320846,0
320847,0
320848,0
320849,0
320850,0
320851,0
320852,0
320853,0
320854,0
320855,0
320856,0
320857,0
320858,0
320859,0
320860,0
320861,0
320862,0
320863,0
320864,0
320865,0
320866,0
320867,0
320868,0
320869,0
320870,0
320871,0
320872,0
320873,0
320874,0
320875,0
320876,0
320877,0
320878,0
320879,0
320880,0
320881,0
320882,0
320883,0
320884,0
320885,0
320886,0
320887,0
320888,0
320889,0
320890,0
320891,0
320892,0
320893,0
320894,0
320895,0
320896,0
320897,0
320898,0
320899,0
320900,0
320901,0
320902,0
320903,0
320904,0
320905,0
320906,0
320907,0
320908,0
320909,0
320910,0
320911,0
320912,0
320913,0
320914,0
320915,0
320916,0
320917,0
320918,0
320919,0
320920,0
320921,0
320922,0
320923,0
320924,0
320925,0
320926,0
320927,0
320928,0
320929,0
320930,0
320931,0
320932,0
320933,0
320934,0
320935,0
320936,0
320937,0
320938,0
320939,0
320940,0
320941,0
320942,0
320943,0
320944,0
320945,0
320946,0
320947,0
320948,0
320949,0
320950,0
320951,0
320952,0
320953,0
320954,0
320955,0
320956,0
320957,0
320958,0
320959,0
320960,0
320961,0
320962,0
320963,0
320964,0
320965,0
320966,0
320967,0
320968,0
320969,0
320970,0
320971,0
320972,0
320973,0
320974,0
320975,0
320976,0
320977,0
320978,0
320979,0
320980,0
320981,0
320982,0
320983,0
320984,0
320985,0
320986,0
320987,0
320988,0
320989,0
320990,0
320991,0
320992,0
320993,0
320994,0
320995,0
320996,0
320997,0
320998,0
320999,0
321000,0
321001,0
321002,0
321003,0
321004,0
321005,0
321006,0
321007,0
321008,0
321009,0
321010,0
321011,0
321012,0
321013,0
321014,0
321015,0
321016,0
321017,0
321018,0
321019,0
321020,0
321021,0
321022,0
321023,0
321024,0
321025,0
321026,0
321027,0
321028,0
321029,0
321030,0
321031,0
321032,0
321033,0
321034,0
321035,0
321036,0
321037,0
321038,0
321039,0
321040,0
321041,0
321042,0
321043,0
321044,0
321045,0
321046,0
321047,0
321048,0
321049,0
321050,0
321051,0
321052,0
321053,0
321054,0
321055,0
321056,0
321057,0
321058,0
321059,0
321060,0
321061,0
321062,0
321063,0
321064,0
321065,0
321066,0
321067,0
321068,0
321069,0
321070,0
321071,0
321072,0
321073,0
321074,0
321075,0
321076,0
321077,0
321078,0
321079,0
321080,0
321081,0
321082,0
321083,0
321084,0
321085,0
321086,0
321087,0
321088,0
321089,0
321090,0
321091,0
321092,0
321093,0
321094,0
321095,0
321096,0
321097,0
321098,0
321099,0
321100,0
321101,0
321102,0
321103,0
321104,0
321105,0
321106,0
321107,0
321108,0
321109,0
321110,0
321111,0
321112,0
321113,0
321114,0
321115,0
321116,0
321117,0
321118,0
321119,0
321120,0
321121,0
321122,0
321123,0
321124,0
321125,0
321126,0
321127,0
321128,0
321129,0
321130,0
321131,0
321132,0
321133,0
321134,0
321135,0
321136,0
321137,0
321138,0
321139,0
321140,0
321141,0
321142,0
321143,0
321144,0
321145,0
321146,0
321147,0
321148,0
321149,0
321150,0
321151,0
321152,0
321153,0
321154,0
321155,0
321156,0
321157,0
321158,0
321159,0
321160,0
321161,0
321162,0
321163,0
321164,0
321165,0
321166,0
321167,0
321168,0
321169,0
321170,0
321171,0
321172,0
321173,0
321174,0
321175,0
321176,0
321177,0
321178,0
321179,0
321180,0
321181,0
321182,0
321183,0
321184,0
321185,0
321186,0
321187,0
321188,0
321189,0
321190,0
321191,0
321192,0
321193,0
321194,0
321195,0
321196,0
321197,0
321198,0
321199,0
321200,0
321201,0
321202,0
321203,0
321204,0
321205,0
321206,0
321207,0
321208,0
321209,0
321210,0
321211,0
321212,0
321213,0
321214,0
321215,0
321216,0
321217,0
321218,0
321219,0
321220,0
321221,0
321222,0
321223,0
321224,0
321225,0
321226,0
321227,0
321228,0
321229,0
321230,0
321231,0
321232,0
321233,0
321234,0
321235,0
321236,0
321237,0
321238,0
321239,0
321240,0
321241,0
321242,0
321243,0
321244,0
321245,0
321246,0
321247,0
321248,0
321249,0
321250,0
321251,0
321252,0
321253,0
321254,0
321255,0
321256,0
321257,0
321258,0
321259,0
321260,0
321261,0
321262,0
321263,0
321264,0
321265,0
321266,0
321267,0
321268,0
321269,0
321270,0
321271,0
321272,0
321273,0
321274,0
321275,0
321276,0
321277,0
321278,0
321279,0
321280,0
321281,0
321282,0
321283,0
321284,0
321285,0
321286,0
321287,0
321288,0
321289,0
321290,0
321291,0
321292,0
321293,0
321294,0
321295,0
321296,0
321297,0
321298,0
321299,0
321300,0
321301,0
321302,0
321303,0
321304,0
321305,0
321306,0
321307,0
321308,0
321309,0
321310,0
321311,0
321312,0
321313,0
321314,0
321315,0
321316,0
321317,0
321318,0
321319,0
321320,0
321321,0
321322,0
321323,0
321324,0
321325,0
321326,0
321327,0
321328,0
321329,0
321330,0
321331,0
321332,0
321333,0
321334,0
321335,0
321336,0
321337,0
321338,0
321339,0
321340,0
321341,0
321342,0
321343,0
321344,0
321345,0
321346,0
321347,0
321348,0
321349,0
321350,0
321351,0
321352,0
321353,0
321354,0
321355,0
321356,0
321357,0
321358,0
321359,0
321360,0
321361,0
321362,0
321363,0
321364,0
321365,0
321366,0
321367,0
321368,0
321369,0
321370,0
321371,0
321372,0
321373,0
321374,0
321375,0
321376,0
321377,0
321378,0
321379,0
321380,0
321381,0
321382,0
321383,0
321384,0
321385,0
321386,0
321387,0
321388,0
321389,0
321390,0
321391,0
321392,0
321393,0
321394,0
321395,0
321396,0
321397,0
321398,0
321399,0
321400,0
321401,0
321402,0
321403,0
321404,0
321405,0
321406,0
321407,0
321408,0
321409,0
321410,0
321411,0
321412,0
321413,0
321414,0
321415,0
321416,0
321417,0
321418,0
321419,0
321420,0
321421,0
321422,0
321423,0
321424,0
321425,0
321426,0
321427,0
321428,0
321429,0
321430,0
321431,0
321432,0
321433,0
321434,0
321435,0
321436,0
321437,0
321438,0
321439,0
321440,0
321441,0
321442,0
321443,0
321444,0
321445,0
321446,0
321447,0
321448,0
321449,0
321450,0
321451,0
321452,0
321453,0
321454,0
321455,0
321456,0
321457,0
321458,0
321459,0
321460,0
321461,0
321462,0
321463,0
321464,0
321465,0
321466,0
321467,0
321468,0
321469,0
321470,0
321471,0
321472,0
321473,0
321474,0
321475,0
321476,0
321477,0
321478,0
321479,0
321480,0
321481,0
321482,0
321483,0
321484,0
321485,0
321486,0
321487,0
321488,0
321489,0
321490,0
321491,0
321492,0
321493,0
321494,0
321495,0
321496,0
321497,0
321498,0
321499,0
321500,0
321501,0
321502,0
321503,0
321504,0
321505,0
321506,0
321507,0
321508,0
321509,0
321510,0
321511,0
321512,0
321513,0
321514,0
321515,0
321516,0
321517,0
321518,0
321519,0
321520,0
321521,0
321522,0
321523,0
321524,0
321525,0
321526,0
321527,0
321528,0
321529,0
321530,0
321531,0
321532,0
321533,0
321534,0
321535,0
321536,0
321537,0
321538,0
321539,0
321540,0
321541,0
321542,0
321543,0
321544,0
321545,0
321546,0
321547,0
321548,0
321549,0
321550,0
321551,0
321552,0
321553,0
321554,0
321555,0
321556,0
321557,0
321558,0
321559,0
321560,0
321561,0
321562,0
321563,0
321564,0
321565,0
321566,0
321567,0
321568,0
321569,0
321570,0
321571,0
321572,0
321573,0
321574,0
321575,0
321576,0
321577,0
321578,0
321579,0
321580,0
321581,0
321582,0
321583,0
321584,0
321585,0
321586,0
321587,0
321588,0
321589,0
321590,0
321591,0
321592,0
321593,0
321594,0
321595,0
321596,0
321597,0
321598,0
321599,0
321600,0
321601,0
321602,0
321603,0
321604,0
321605,0
321606,0
321607,0
321608,0
321609,0
321610,0
321611,0
321612,0
321613,0
321614,0
321615,0
321616,0
321617,0
321618,0
321619,0
321620,0
321621,0
321622,0
321623,0
321624,0
321625,0
321626,0
321627,0
321628,0
321629,0
321630,0
321631,0
321632,0
321633,0
321634,0
321635,0
321636,0
321637,0
321638,0
321639,0
321640,0
321641,0
321642,0
321643,0
321644,0
321645,0
321646,0
321647,0
321648,0
321649,0
321650,0
321651,0
321652,0
321653,0
321654,0
321655,0
321656,0
321657,0
321658,0
321659,0
321660,0
321661,0
321662,0
321663,0
321664,0
321665,0
321666,0
321667,0
321668,0
321669,0
321670,0
321671,0
321672,0
321673,0
321674,0
321675,0
321676,0
321677,0
321678,0
321679,0
321680,0
321681,0
321682,0
321683,0
321684,0
321685,0
321686,0
321687,0
321688,0
321689,0
321690,0
321691,0
321692,0
321693,0
321694,0
321695,0
321696,0
321697,0
321698,0
321699,0
321700,0
321701,0
321702,0
321703,0
321704,0
321705,0
321706,0
321707,0
321708,0
321709,0
321710,0
321711,0
321712,0
321713,0
321714,0
321715,0
321716,0
321717,0
321718,0
321719,0
321720,0
321721,0
321722,0
321723,0
321724,0
321725,0
321726,0
321727,0
321728,0
321729,0
321730,0
321731,0
321732,0
321733,0
321734,0
321735,0
321736,0
321737,0
321738,0
321739,0
321740,0
321741,0
321742,0
321743,0
321744,0
321745,0
321746,0
321747,0
321748,0
321749,0
321750,0
321751,0
321752,0
321753,0
321754,0
321755,0
321756,0
321757,0
321758,0
321759,0
321760,0
321761,0
321762,0
321763,0
321764,0
321765,0
321766,0
321767,0
321768,0
321769,0
321770,0
321771,0
321772,0
321773,0
321774,0
321775,0
321776,0
321777,0
321778,0
321779,0
321780,0
321781,0
321782,0
321783,0
321784,0
321785,0
321786,0
321787,0
321788,0
321789,0
321790,0
321791,0
321792,0
321793,0
321794,0
321795,0
321796,0
321797,0
321798,0
321799,0
321800,0
321801,0
321802,0
321803,0
321804,0
321805,0
321806,0
321807,0
321808,0
321809,0
321810,0
321811,0
321812,0
321813,0
321814,0
321815,0
321816,0
321817,0
321818,0
321819,0
321820,0
321821,0
321822,0
321823,0
321824,0
321825,0
321826,0
321827,0
321828,0
321829,0
321830,0
321831,0
321832,0
321833,0
321834,0
321835,0
321836,0
321837,0
321838,0
321839,0
321840,0
321841,0
321842,0
321843,0
321844,0
321845,0
321846,0
321847,0
321848,0
321849,0
321850,0
321851,0
321852,0
321853,0
321854,0
321855,0
321856,0
321857,0
321858,0
321859,0
321860,0
321861,0
321862,0
321863,0
321864,0
321865,0
321866,0
321867,0
321868,0
321869,0
321870,0
321871,0
321872,0
321873,0
321874,0
321875,0
321876,0
321877,0
321878,0
321879,0
321880,0
321881,0
321882,0
321883,0
321884,0
321885,0
321886,0
321887,0
321888,0
321889,0
321890,0
321891,0
321892,0
321893,0
321894,0
321895,0
321896,0
321897,0
321898,0
321899,0
321900,0
321901,0
321902,0
321903,0
321904,0
321905,0
321906,0
321907,0
321908,0
321909,0
321910,0
321911,0
321912,0
321913,0
321914,0
321915,0
321916,0
321917,0
321918,0
321919,0
321920,0
321921,0
321922,0
321923,0
321924,0
321925,0
321926,0
321927,0
321928,0
321929,0
321930,0
321931,0
321932,0
321933,0
321934,0
321935,0
321936,0
321937,0
321938,0
321939,0
321940,0
321941,0
321942,0
321943,0
321944,0
321945,0
321946,0
321947,0
321948,0
321949,0
321950,0
321951,0
321952,0
321953,0
321954,0
321955,0
321956,0
321957,0
321958,0
321959,0
321960,0
321961,0
321962,0
321963,0
321964,0
321965,0
321966,0
321967,0
321968,0
321969,0
321970,0
321971,0
321972,0
321973,0
321974,0
321975,0
321976,0
321977,0
321978,0
321979,0
321980,0
321981,0
321982,0
321983,0
321984,0
321985,0
321986,0
321987,0
321988,0
321989,0
321990,0
321991,0
321992,0
321993,0
321994,0
321995,0
321996,0
321997,0
321998,0
321999,0
322000,0
322001,0
322002,0
322003,0
322004,0
322005,0
322006,0
322007,0
322008,0
322009,0
322010,0
322011,0
322012,0
322013,0
322014,0
322015,0
322016,0
322017,0
322018,0
322019,0
322020,0
322021,0
322022,0
322023,0
322024,0
322025,0
322026,0
322027,0
322028,0
322029,0
322030,0
322031,0
322032,0
322033,0
322034,0
322035,0
322036,0
322037,0
322038,0
322039,0
322040,0
322041,0
322042,0
322043,0
322044,0
322045,0
322046,0
322047,0
322048,0
322049,0
322050,0
322051,0
322052,0
322053,0
322054,0
322055,0
322056,0
322057,0
322058,0
322059,0
322060,0
322061,0
322062,0
322063,0
322064,0
322065,0
322066,0
322067,0
322068,0
322069,0
322070,0
322071,0
322072,0
322073,0
322074,0
322075,0
322076,0
322077,0
322078,0
322079,0
322080,0
322081,0
322082,0
322083,0
322084,0
322085,0
322086,0
322087,0
322088,0
322089,0
322090,0
322091,0
322092,0
322093,0
322094,0
322095,0
322096,0
322097,0
322098,0
322099,0
322100,0
322101,0
322102,0
322103,0
322104,0
322105,0
322106,0
322107,0
322108,0
322109,0
322110,0
322111,0
322112,0
322113,0
322114,0
322115,0
322116,0
322117,0
322118,0
322119,0
322120,0
322121,0
322122,0
322123,0
322124,0
322125,0
322126,0
322127,0
322128,0
322129,0
322130,0
322131,0
322132,0
322133,0
322134,0
322135,0
322136,0
322137,0
322138,0
322139,0
322140,0
322141,0
322142,0
322143,0
322144,0
322145,0
322146,0
322147,0
322148,0
322149,0
322150,0
322151,0
322152,0
322153,0
322154,0
322155,0
322156,0
322157,0
322158,0
322159,0
322160,0
322161,0
322162,0
322163,0
322164,0
322165,0
322166,0
322167,0
322168,0
322169,0
322170,0
322171,0
322172,0
322173,0
322174,0
322175,0
322176,0
322177,0
322178,0
322179,0
322180,0
322181,0
322182,0
322183,0
322184,0
322185,0
322186,0
322187,0
322188,0
322189,0
322190,0
322191,0
322192,0
322193,0
322194,0
322195,0
322196,0
322197,0
322198,0
322199,0
322200,0
322201,0
322202,0
322203,0
322204,0
322205,0
322206,0
322207,0
322208,0
322209,0
322210,0
322211,0
322212,0
322213,0
322214,0
322215,0
322216,0
322217,0
322218,0
322219,0
322220,0
322221,0
322222,0
322223,0
322224,0
322225,0
322226,0
322227,0
322228,0
322229,0
322230,0
322231,0
322232,0
322233,0
322234,0
322235,0
322236,0
322237,0
322238,0
322239,0
322240,0
322241,0
322242,0
322243,0
322244,0
322245,0
322246,0
322247,0
322248,0
322249,0
322250,0
322251,0
322252,0
322253,0
322254,0
322255,0
322256,0
322257,0
322258,0
322259,0
322260,0
322261,0
322262,0
322263,0
322264,0
322265,0
322266,0
322267,0
322268,0
322269,0
322270,0
322271,0
322272,0
322273,0
322274,0
322275,0
322276,0
322277,0
322278,0
322279,0
322280,0
322281,0
322282,0
322283,0
322284,0
322285,0
322286,0
322287,0
322288,0
322289,0
322290,0
322291,0
322292,0
322293,0
322294,0
322295,0
322296,0
322297,0
322298,0
322299,0
322300,0
322301,0
322302,0
322303,0
322304,0
322305,0
322306,0
322307,0
322308,0
322309,0
322310,0
322311,0
322312,0
322313,0
322314,0
322315,0
322316,0
322317,0
322318,0
322319,0
322320,0
322321,0
322322,0
322323,0
322324,0
322325,0
322326,0
322327,0
322328,0
322329,0
322330,0
322331,0
322332,0
322333,0
322334,0
322335,0
322336,0
322337,0
322338,0
322339,0
322340,0
322341,0
322342,0
322343,0
322344,0
322345,0
322346,0
322347,0
322348,0
322349,0
322350,0
322351,0
322352,0
322353,0
322354,0
322355,0
322356,0
322357,0
322358,0
322359,0
322360,0
322361,0
322362,0
322363,0
322364,0
322365,0
322366,0
322367,0
322368,0
322369,0
322370,0
322371,0
322372,0
322373,0
322374,0
322375,0
322376,0
322377,0
322378,0
322379,0
322380,0
322381,0
322382,0
322383,0
322384,0
322385,0
322386,0
322387,0
322388,0
322389,0
322390,0
322391,0
322392,0
322393,0
322394,0
322395,0
322396,0
322397,0
322398,0
322399,0
322400,0
322401,0
322402,0
322403,0
322404,0
322405,0
322406,0
322407,0
322408,0
322409,0
322410,0
322411,0
322412,0
322413,0
322414,0
322415,0
322416,0
322417,0
322418,0
322419,0
322420,0
322421,0
322422,0
322423,0
322424,0
322425,0
322426,0
322427,0
322428,0
322429,0
322430,0
322431,0
322432,0
322433,0
322434,0
322435,0
322436,0
322437,0
322438,0
322439,0
322440,0
322441,0
322442,0
322443,0
322444,0
322445,0
322446,0
322447,0
322448,0
322449,0
322450,0
322451,0
322452,0
322453,0
322454,0
322455,0
322456,0
322457,0
322458,0
322459,0
322460,0
322461,0
322462,0
322463,0
322464,0
322465,0
322466,0
322467,0
322468,0
322469,0
322470,0
322471,0
322472,0
322473,0
322474,0
322475,0
322476,0
322477,0
322478,0
322479,0
322480,0
322481,0
322482,0
322483,0
322484,0
322485,0
322486,0
322487,0
322488,0
322489,0
322490,0
322491,0
322492,0
322493,0
322494,0
322495,0
322496,0
322497,0
322498,0
322499,0
322500,0
322501,0
322502,0
322503,0
322504,0
322505,0
322506,0
322507,0
322508,0
322509,0
322510,0
322511,0
322512,0
322513,0
322514,0
322515,0
322516,0
322517,0
322518,0
322519,0
322520,0
322521,0
322522,0
322523,0
322524,0
322525,0
322526,0
322527,0
322528,0
322529,0
322530,0
322531,0
322532,0
322533,0
322534,0
322535,0
322536,0
322537,0
322538,0
322539,0
322540,0
322541,0
322542,0
322543,0
322544,0
322545,0
322546,0
322547,0
322548,0
322549,0
322550,0
322551,0
322552,0
322553,0
322554,0
322555,0
322556,0
322557,0
322558,0
322559,0
322560,0
322561,0
322562,0
322563,0
322564,0
322565,0
322566,0
322567,0
322568,0
322569,0
322570,0
322571,0
322572,0
322573,0
322574,0
322575,0
322576,0
322577,0
322578,0
322579,0
322580,0
322581,0
322582,0
322583,0
322584,0
322585,0
322586,0
322587,0
322588,0
322589,0
322590,0
322591,0
322592,0
322593,0
322594,0
322595,0
322596,0
322597,0
322598,0
322599,0
322600,0
322601,0
322602,0
322603,0
322604,0
322605,0
322606,0
322607,0
322608,0
322609,0
322610,0
322611,0
322612,0
322613,0
322614,0
322615,0
322616,0
322617,0
322618,0
322619,0
322620,0
322621,0
322622,0
322623,0
322624,0
322625,0
322626,0
322627,0
322628,0
322629,0
322630,0
322631,0
322632,0
322633,0
322634,0
322635,0
322636,0
322637,0
322638,0
322639,0
322640,0
322641,0
322642,0
322643,0
322644,0
322645,0
322646,0
322647,0
322648,0
322649,0
322650,0
322651,0
322652,0
322653,0
322654,0
322655,0
322656,0
322657,0
322658,0
322659,0
322660,0
322661,0
322662,0
322663,0
322664,0
322665,0
322666,0
322667,0
322668,0
322669,0
322670,0
322671,0
322672,0
322673,0
322674,0
322675,0
322676,0
322677,0
322678,0
322679,0
322680,0
322681,0
322682,0
322683,0
322684,0
322685,0
322686,0
322687,0
322688,0
322689,0
322690,0
322691,0
322692,0
322693,0
322694,0
322695,0
322696,0
322697,0
322698,0
322699,0
322700,0
322701,0
322702,0
322703,0
322704,0
322705,0
322706,0
322707,0
322708,0
322709,0
322710,0
322711,0
322712,0
322713,0
322714,0
322715,0
322716,0
322717,0
322718,0
322719,0
322720,0
322721,0
322722,0
322723,0
322724,0
322725,0
322726,0
322727,0
322728,0
322729,0
322730,0
322731,0
322732,0
322733,0
322734,0
322735,0
322736,0
322737,0
322738,0
322739,0
322740,0
322741,0
322742,0
322743,0
322744,0
322745,0
322746,0
322747,0
322748,0
322749,0
322750,0
322751,0
322752,0
322753,0
322754,0
322755,0
322756,0
322757,0
322758,0
322759,0
322760,0
322761,0
322762,0
322763,0
322764,0
322765,0
322766,0
322767,0
322768,0
322769,0
322770,0
322771,0
322772,0
322773,0
322774,0
322775,0
322776,0
322777,0
322778,0
322779,0
322780,0
322781,0
322782,0
322783,0
322784,0
322785,0
322786,0
322787,0
322788,0
322789,0
322790,0
322791,0
322792,0
322793,0
322794,0
322795,0
322796,0
322797,0
322798,0
322799,0
322800,0
322801,0
322802,0
322803,0
322804,0
322805,0
322806,0
322807,0
322808,0
322809,0
322810,0
322811,0
322812,0
322813,0
322814,0
322815,0
322816,0
322817,0
322818,0
322819,0
322820,0
322821,0
322822,0
322823,0
322824,0
322825,0
322826,0
322827,0
322828,0
322829,0
322830,0
322831,0
322832,0
322833,0
322834,0
322835,0
322836,0
322837,0
322838,0
322839,0
322840,0
322841,0
322842,0
322843,0
322844,0
322845,0
322846,0
322847,0
322848,0
322849,0
322850,0
322851,0
322852,0
322853,0
322854,0
322855,0
322856,0
322857,0
322858,0
322859,0
322860,0
322861,0
322862,0
322863,0
322864,0
322865,0
322866,0
322867,0
322868,0
322869,0
322870,0
322871,0
322872,0
322873,0
322874,0
322875,0
322876,0
322877,0
322878,0
322879,0
322880,0
322881,0
322882,0
322883,0
322884,0
322885,0
322886,0
322887,0
322888,0
322889,0
322890,0
322891,0
322892,0
322893,0
322894,0
322895,0
322896,0
322897,0
322898,0
322899,0
322900,0
322901,0
322902,0
322903,0
322904,0
322905,0
322906,0
322907,0
322908,0
322909,0
322910,0
322911,0
322912,0
322913,0
322914,0
322915,0
322916,0
322917,0
322918,0
322919,0
322920,0
322921,0
322922,0
322923,0
322924,0
322925,0
322926,0
322927,0
322928,0
322929,0
322930,0
322931,0
322932,0
322933,0
322934,0
322935,0
322936,0
322937,0
322938,0
322939,0
322940,0
322941,0
322942,0
322943,0
322944,0
322945,0
322946,0
322947,0
322948,0
322949,0
322950,0
322951,0
322952,0
322953,0
322954,0
322955,0
322956,0
322957,0
322958,0
322959,0
322960,0
322961,0
322962,0
322963,0
322964,0
322965,0
322966,0
322967,0
322968,0
322969,0
322970,0
322971,0
322972,0
322973,0
322974,0
322975,0
322976,0
322977,0
322978,0
322979,0
322980,0
322981,0
322982,0
322983,0
322984,0
322985,0
322986,0
322987,0
322988,0
322989,0
322990,0
322991,0
322992,0
322993,0
322994,0
322995,0
322996,0
322997,0
322998,0
322999,0
323000,0
323001,0
323002,0
323003,0
323004,0
323005,0
323006,0
323007,0
323008,0
323009,0
323010,0
323011,0
323012,0
323013,0
323014,0
323015,0
323016,0
323017,0
323018,0
323019,0
323020,0
323021,0
323022,0
323023,0
323024,0
323025,0
323026,0
323027,0
323028,0
323029,0
323030,0
323031,0
323032,0
323033,0
323034,0
323035,0
323036,0
323037,0
323038,0
323039,0
323040,0
323041,0
323042,0
323043,0
323044,0
323045,0
323046,0
323047,0
323048,0
323049,0
323050,0
323051,0
323052,0
323053,0
323054,0
323055,0
323056,0
323057,0
323058,0
323059,0
323060,0
323061,0
323062,0
323063,0
323064,0
323065,0
323066,0
323067,0
323068,0
323069,0
323070,0
323071,0
323072,0
323073,0
323074,0
323075,0
323076,0
323077,0
323078,0
323079,0
323080,0
323081,0
323082,0
323083,0
323084,0
323085,0
323086,0
323087,0
323088,0
323089,0
323090,0
323091,0
323092,0
323093,0
323094,0
323095,0
323096,0
323097,0
323098,0
323099,0
323100,0
323101,0
323102,0
323103,0
323104,0
323105,0
323106,0
323107,0
323108,0
323109,0
323110,0
323111,0
323112,0
323113,0
323114,0
323115,0
323116,0
323117,0
323118,0
323119,0
323120,0
323121,0
323122,0
323123,0
323124,0
323125,0
323126,0
323127,0
323128,0
323129,0
323130,0
323131,0
323132,0
323133,0
323134,0
323135,0
323136,0
323137,0
323138,0
323139,0
323140,0
323141,0
323142,0
323143,0
323144,0
323145,0
323146,0
323147,0
323148,0
323149,0
323150,0
323151,0
323152,0
323153,0
323154,0
323155,0
323156,0
323157,0
323158,0
323159,0
323160,0
323161,0
323162,0
323163,0
323164,0
323165,0
323166,0
323167,0
323168,0
323169,0
323170,0
323171,0
323172,0
323173,0
323174,0
323175,0
323176,0
323177,0
323178,0
323179,0
323180,0
323181,0
323182,0
323183,0
323184,0
323185,0
323186,0
323187,0
323188,0
323189,0
323190,0
323191,0
323192,0
323193,0
323194,0
323195,0
323196,0
323197,0
323198,0
323199,0
323200,0
323201,0
323202,0
323203,0
323204,0
323205,0
323206,0
323207,0
323208,0
323209,0
323210,0
323211,0
323212,0
323213,0
323214,0
323215,0
323216,0
323217,0
323218,0
323219,0
323220,0
323221,0
323222,0
323223,0
323224,0
323225,0
323226,0
323227,0
323228,0
323229,0
323230,0
323231,0
323232,0
323233,0
323234,0
323235,0
323236,0
323237,0
323238,0
323239,0
323240,0
323241,0
323242,0
323243,0
323244,0
323245,0
323246,0
323247,0
323248,0
323249,0
323250,0
323251,0
323252,0
323253,0
323254,0
323255,0
323256,0
323257,0
323258,0
323259,0
323260,0
323261,0
323262,0
323263,0
323264,0
323265,0
323266,0
323267,0
323268,0
323269,0
323270,0
323271,0
323272,0
323273,0
323274,0
323275,0
323276,0
323277,0
323278,0
323279,0
323280,0
323281,0
323282,0
323283,0
323284,0
323285,0
323286,0
323287,0
323288,0
323289,0
323290,0
323291,0
323292,0
323293,0
323294,0
323295,0
323296,0
323297,0
323298,0
323299,0
323300,0
323301,0
323302,0
323303,0
323304,0
323305,0
323306,0
323307,0
323308,0
323309,0
323310,0
323311,0
323312,0
323313,0
323314,0
323315,0
323316,0
323317,0
323318,0
323319,0
323320,0
323321,0
323322,0
323323,0
323324,0
323325,0
323326,0
323327,0
323328,0
323329,0
323330,0
323331,0
323332,0
323333,0
323334,0
323335,0
323336,0
323337,0
323338,0
323339,0
323340,0
323341,0
323342,0
323343,0
323344,0
323345,0
323346,0
323347,0
323348,0
323349,0
323350,0
323351,0
323352,0
323353,0
323354,0
323355,0
323356,0
323357,0
323358,0
323359,0
323360,0
323361,0
323362,0
323363,0
323364,0
323365,0
323366,0
323367,0
323368,0
323369,0
323370,0
323371,0
323372,0
323373,0
323374,0
323375,0
323376,0
323377,0
323378,0
323379,0
323380,0
323381,0
323382,0
323383,0
323384,0
323385,0
323386,0
323387,0
323388,0
323389,0
323390,0
323391,0
323392,0
323393,0
323394,0
323395,0
323396,0
323397,0
323398,0
323399,0
323400,0
323401,0
323402,0
323403,0
323404,0
323405,0
323406,0
323407,0
323408,0
323409,0
323410,0
323411,0
323412,0
323413,0
323414,0
323415,0
323416,0
323417,0
323418,0
323419,0
323420,0
323421,0
323422,0
323423,0
323424,0
323425,0
323426,0
323427,0
323428,0
323429,0
323430,0
323431,0
323432,0
323433,0
323434,0
323435,0
323436,0
323437,0
323438,0
323439,0
323440,0
323441,0
323442,0
323443,0
323444,0
323445,0
323446,0
323447,0
323448,0
323449,0
323450,0
323451,0
323452,0
323453,0
323454,0
323455,0
323456,0
323457,0
323458,0
323459,0
323460,0
323461,0
323462,0
323463,0
323464,0
323465,0
323466,0
323467,0
323468,0
323469,0
323470,0
323471,0
323472,0
323473,0
323474,0
323475,0
323476,0
323477,0
323478,0
323479,0
323480,0
323481,0
323482,0
323483,0
323484,0
323485,0
323486,0
323487,0
323488,0
323489,0
323490,0
323491,0
323492,0
323493,0
323494,0
323495,0
323496,0
323497,0
323498,0
323499,0
323500,0
323501,0
323502,0
323503,0
323504,0
323505,0
323506,0
323507,0
323508,0
323509,0
323510,0
323511,0
323512,0
323513,0
323514,0
323515,0
323516,0
323517,0
323518,0
323519,0
323520,0
323521,0
323522,0
323523,0
323524,0
323525,0
323526,0
323527,0
323528,0
323529,0
323530,0
323531,0
323532,0
323533,0
323534,0
323535,0
323536,0
323537,0
323538,0
323539,0
323540,0
323541,0
323542,0
323543,0
323544,0
323545,0
323546,0
323547,0
323548,0
323549,0
323550,0
323551,0
323552,0
323553,0
323554,0
323555,0
323556,0
323557,0
323558,0
323559,0
323560,0
323561,0
323562,0
323563,0
323564,0
323565,0
323566,0
323567,0
323568,0
323569,0
323570,0
323571,0
323572,0
323573,0
323574,0
323575,0
323576,0
323577,0
323578,0
323579,0
323580,0
323581,0
323582,0
323583,0
323584,0
323585,0
323586,0
323587,0
323588,0
323589,0
323590,0
323591,0
323592,0
323593,0
323594,0
323595,0
323596,0
323597,0
323598,0
323599,0
323600,0
323601,0
323602,0
323603,0
323604,0
323605,0
323606,0
323607,0
323608,0
323609,0
323610,0
323611,0
323612,0
323613,0
323614,0
323615,0
323616,0
323617,0
323618,0
323619,0
323620,0
323621,0
323622,0
323623,0
323624,0
323625,0
323626,0
323627,0
323628,0
323629,0
323630,0
323631,0
323632,0
323633,0
323634,0
323635,0
323636,0
323637,0
323638,0
323639,0
323640,0
323641,0
323642,0
323643,0
323644,0
323645,0
323646,0
323647,0
323648,0
323649,0
323650,0
323651,0
323652,0
323653,0
323654,0
323655,0
323656,0
323657,0
323658,0
323659,0
323660,0
323661,0
323662,0
323663,0
323664,0
323665,0
323666,0
323667,0
323668,0
323669,0
323670,0
323671,0
323672,0
323673,0
323674,0
323675,0
323676,0
323677,0
323678,0
323679,0
323680,0
323681,0
323682,0
323683,0
323684,0
323685,0
323686,0
323687,0
323688,0
323689,0
323690,0
323691,0
323692,0
323693,0
323694,0
323695,0
323696,0
323697,0
323698,0
323699,0
323700,0
323701,0
323702,0
323703,0
323704,0
323705,0
323706,0
323707,0
323708,0
323709,0
323710,0
323711,0
323712,0
323713,0
323714,0
323715,0
323716,0
323717,0
323718,0
323719,0
323720,0
323721,0
323722,0
323723,0
323724,0
323725,0
323726,0
323727,0
323728,0
323729,0
323730,0
323731,0
323732,0
323733,0
323734,0
323735,0
323736,0
323737,0
323738,0
323739,0
323740,0
323741,0
323742,0
323743,0
323744,0
323745,0
323746,0
323747,0
323748,0
323749,0
323750,0
323751,0
323752,0
323753,0
323754,0
323755,0
323756,0
323757,0
323758,0
323759,0
323760,0
323761,0
323762,0
323763,0
323764,0
323765,0
323766,0
323767,0
323768,0
323769,0
323770,0
323771,0
323772,0
323773,0
323774,0
323775,0
323776,0
323777,0
323778,0
323779,0
323780,0
323781,0
323782,0
323783,0
323784,0
323785,0
323786,0
323787,0
323788,0
323789,0
323790,0
323791,0
323792,0
323793,0
323794,0
323795,0
323796,0
323797,0
323798,0
323799,0
323800,0
323801,0
323802,0
323803,0
323804,0
323805,0
323806,0
323807,0
323808,0
323809,0
323810,0
323811,0
323812,0
323813,0
323814,0
323815,0
323816,0
323817,0
323818,0
323819,0
323820,0
323821,0
323822,0
323823,0
323824,0
323825,0
323826,0
323827,0
323828,0
323829,0
323830,0
323831,0
323832,0
323833,0
323834,0
323835,0
323836,0
323837,0
323838,0
323839,0
323840,0
323841,0
323842,0
323843,0
323844,0
323845,0
323846,0
323847,0
323848,0
323849,0
323850,0
323851,0
323852,0
323853,0
323854,0
323855,0
323856,0
323857,0
323858,0
323859,0
323860,0
323861,0
323862,0
323863,0
323864,0
323865,0
323866,0
323867,0
323868,0
323869,0
323870,0
323871,0
323872,0
323873,0
323874,0
323875,0
323876,0
323877,0
323878,0
323879,0
323880,0
323881,0
323882,0
323883,0
323884,0
323885,0
323886,0
323887,0
323888,0
323889,0
323890,0
323891,0
323892,0
323893,0
323894,0
323895,0
323896,0
323897,0
323898,0
323899,0
323900,0
323901,0
323902,0
323903,0
323904,0
323905,0
323906,0
323907,0
323908,0
323909,0
323910,0
323911,0
323912,0
323913,0
323914,0
323915,0
323916,0
323917,0
323918,0
323919,0
323920,0
323921,0
323922,0
323923,0
323924,0
323925,0
323926,0
323927,0
323928,0
323929,0
323930,0
323931,0
323932,0
323933,0
323934,0
323935,0
323936,0
323937,0
323938,0
323939,0
323940,0
323941,0
323942,0
323943,0
323944,0
323945,0
323946,0
323947,0
323948,0
323949,0
323950,0
323951,0
323952,0
323953,0
323954,0
323955,0
323956,0
323957,0
323958,0
323959,0
323960,0
323961,0
323962,0
323963,0
323964,0
323965,0
323966,0
323967,0
323968,0
323969,0
323970,0
323971,0
323972,0
323973,0
323974,0
323975,0
323976,0
323977,0
323978,0
323979,0
323980,0
323981,0
323982,0
323983,0
323984,0
323985,0
323986,0
323987,0
323988,0
323989,0
323990,0
323991,0
323992,0
323993,0
323994,0
323995,0
323996,0
323997,0
323998,0
323999,0
324000,0
324001,0
324002,0
324003,0
324004,0
324005,0
324006,0
324007,0
324008,0
324009,0
324010,0
324011,0
324012,0
324013,0
324014,0
324015,0
324016,0
324017,0
324018,0
324019,0
324020,0
324021,0
324022,0
324023,0
324024,0
324025,0
324026,0
324027,0
324028,0
324029,0
324030,0
324031,0
324032,0
324033,0
324034,0
324035,0
324036,0
324037,0
324038,0
324039,0
324040,0
324041,0
324042,0
324043,0
324044,0
324045,0
324046,0
324047,0
324048,0
324049,0
324050,0
324051,0
324052,0
324053,0
324054,0
324055,0
324056,0
324057,0
324058,0
324059,0
324060,0
324061,0
324062,0
324063,0
324064,0
324065,0
324066,0
324067,0
324068,0
324069,0
324070,0
324071,0
324072,0
324073,0
324074,0
324075,0
324076,0
324077,0
324078,0
324079,0
324080,0
324081,0
324082,0
324083,0
324084,0
324085,0
324086,0
324087,0
324088,0
324089,0
324090,0
324091,0
324092,0
324093,0
324094,0
324095,0
324096,0
324097,0
324098,0
324099,0
324100,0
324101,0
324102,0
324103,0
324104,0
324105,0
324106,0
324107,0
324108,0
324109,0
324110,0
324111,0
324112,0
324113,0
324114,0
324115,0
324116,0
324117,0
324118,0
324119,0
324120,0
324121,0
324122,0
324123,0
324124,0
324125,0
324126,0
324127,0
324128,0
324129,0
324130,0
324131,0
324132,0
324133,0
324134,0
324135,0
324136,0
324137,0
324138,0
324139,0
324140,0
324141,0
324142,0
324143,0
324144,0
324145,0
324146,0
324147,0
324148,0
324149,0
324150,0
324151,0
324152,0
324153,0
324154,0
324155,0
324156,0
324157,0
324158,0
324159,0
324160,0
324161,0
324162,0
324163,0
324164,0
324165,0
324166,0
324167,0
324168,0
324169,0
324170,0
324171,0
324172,0
324173,0
324174,0
324175,0
324176,0
324177,0
324178,0
324179,0
324180,0
324181,0
324182,0
324183,0
324184,0
324185,0
324186,0
324187,0
324188,0
324189,0
324190,0
324191,0
324192,0
324193,0
324194,0
324195,0
324196,0
324197,0
324198,0
324199,0
324200,0
324201,0
324202,0
324203,0
324204,0
324205,0
324206,0
324207,0
324208,0
324209,0
324210,0
324211,0
324212,0
324213,0
324214,0
324215,0
324216,0
324217,0
324218,0
324219,0
324220,0
324221,0
324222,0
324223,0
324224,0
324225,0
324226,0
324227,0
324228,0
324229,0
324230,0
324231,0
324232,0
324233,0
324234,0
324235,0
324236,0
324237,0
324238,0
324239,0
324240,0
324241,0
324242,0
324243,0
324244,0
324245,0
324246,0
324247,0
324248,0
324249,0
324250,0
324251,0
324252,0
324253,0
324254,0
324255,0
324256,0
324257,0
324258,0
324259,0
324260,0
324261,0
324262,0
324263,0
324264,0
324265,0
324266,0
324267,0
324268,0
324269,0
324270,0
324271,0
324272,0
324273,0
324274,0
324275,0
324276,0
324277,0
324278,0
324279,0
324280,0
324281,0
324282,0
324283,0
324284,0
324285,0
324286,0
324287,0
324288,0
324289,0
324290,0
324291,0
324292,0
324293,0
324294,0
324295,0
324296,0
324297,0
324298,0
324299,0
324300,0
324301,0
324302,0
324303,0
324304,0
324305,0
324306,0
324307,0
324308,0
324309,0
324310,0
324311,0
324312,0
324313,0
324314,0
324315,0
324316,0
324317,0
324318,0
324319,0
324320,0
324321,0
324322,0
324323,0
324324,0
324325,0
324326,0
324327,0
324328,0
324329,0
324330,0
324331,0
324332,0
324333,0
324334,0
324335,0
324336,0
324337,0
324338,0
324339,0
324340,0
324341,0
324342,0
324343,0
324344,0
324345,0
324346,0
324347,0
324348,0
324349,0
324350,0
324351,0
324352,0
324353,0
324354,0
324355,0
324356,0
324357,0
324358,0
324359,0
324360,0
324361,0
324362,0
324363,0
324364,0
324365,0
324366,0
324367,0
324368,0
324369,0
324370,0
324371,0
324372,0
324373,0
324374,0
324375,0
324376,0
324377,0
324378,0
324379,0
324380,0
324381,0
324382,0
324383,0
324384,0
324385,0
324386,0
324387,0
324388,0
324389,0
324390,0
324391,0
324392,0
324393,0
324394,0
324395,0
324396,0
324397,0
324398,0
324399,0
324400,0
324401,0
324402,0
324403,0
324404,0
324405,0
324406,0
324407,0
324408,0
324409,0
324410,0
324411,0
324412,0
324413,0
324414,0
324415,0
324416,0
324417,0
324418,0
324419,0
324420,0
324421,0
324422,0
324423,0
324424,0
324425,0
324426,0
324427,0
324428,0
324429,0
324430,0
324431,0
324432,0
324433,0
324434,0
324435,0
324436,0
324437,0
324438,0
324439,0
324440,0
324441,0
324442,0
324443,0
324444,0
324445,0
324446,0
324447,0
324448,0
324449,0
324450,0
324451,0
324452,0
324453,0
324454,0
324455,0
324456,0
324457,0
324458,0
324459,0
324460,0
324461,0
324462,0
324463,0
324464,0
324465,0
324466,0
324467,0
324468,0
324469,0
324470,0
324471,0
324472,0
324473,0
324474,0
324475,0
324476,0
324477,0
324478,0
324479,0
324480,0
324481,0
324482,0
324483,0
324484,0
324485,0
324486,0
324487,0
324488,0
324489,0
324490,0
324491,0
324492,0
324493,0
324494,0
324495,0
324496,0
324497,0
324498,0
324499,0
324500,0
324501,0
324502,0
324503,0
324504,0
324505,0
324506,0
324507,0
324508,0
324509,0
324510,0
324511,0
324512,0
324513,0
324514,0
324515,0
324516,0
324517,0
324518,0
324519,0
324520,0
324521,0
324522,0
324523,0
324524,0
324525,0
324526,0
324527,0
324528,0
324529,0
324530,0
324531,0
324532,0
324533,0
324534,0
324535,0
324536,0
324537,0
324538,0
324539,0
324540,0
324541,0
324542,0
324543,0
324544,0
324545,0
324546,0
324547,0
324548,0
324549,0
324550,0
324551,0
324552,0
324553,0
324554,0
324555,0
324556,0
324557,0
324558,0
324559,0
324560,0
324561,0
324562,0
324563,0
324564,0
324565,0
324566,0
324567,0
324568,0
324569,0
324570,0
324571,0
324572,0
324573,0
324574,0
324575,0
324576,0
324577,0
324578,0
324579,0
324580,0
324581,0
324582,0
324583,0
324584,0
324585,0
324586,0
324587,0
324588,0
324589,0
324590,0
324591,0
324592,0
324593,0
324594,0
324595,0
324596,0
324597,0
324598,0
324599,0
324600,0
324601,0
324602,0
324603,0
324604,0
324605,0
324606,0
324607,0
324608,0
324609,0
324610,0
324611,0
324612,0
324613,0
324614,0
324615,0
324616,0
324617,0
324618,0
324619,0
324620,0
324621,0
324622,0
324623,0
324624,0
324625,0
324626,0
324627,0
324628,0
324629,0
324630,0
324631,0
324632,0
324633,0
324634,0
324635,0
324636,0
324637,0
324638,0
324639,0
324640,0
324641,0
324642,0
324643,0
324644,0
324645,0
324646,0
324647,0
324648,0
324649,0
324650,0
324651,0
324652,0
324653,0
324654,0
324655,0
324656,0
324657,0
324658,0
324659,0
324660,0
324661,0
324662,0
324663,0
324664,0
324665,0
324666,0
324667,0
324668,0
324669,0
324670,0
324671,0
324672,0
324673,0
324674,0
324675,0
324676,0
324677,0
324678,0
324679,0
324680,0
324681,0
324682,0
324683,0
324684,0
324685,0
324686,0
324687,0
324688,0
324689,0
324690,0
324691,0
324692,0
324693,0
324694,0
324695,0
324696,0
324697,0
324698,0
324699,0
324700,0
324701,0
324702,0
324703,0
324704,0
324705,0
324706,0
324707,0
324708,0
324709,0
324710,0
324711,0
324712,0
324713,0
324714,0
324715,0
324716,0
324717,0
324718,0
324719,0
324720,0
324721,0
324722,0
324723,0
324724,0
324725,0
324726,0
324727,0
324728,0
324729,0
324730,0
324731,0
324732,0
324733,0
324734,0
324735,0
324736,0
324737,0
324738,0
324739,0
324740,0
324741,0
324742,0
324743,0
324744,0
324745,0
324746,0
324747,0
324748,0
324749,0
324750,0
324751,0
324752,0
324753,0
324754,0
324755,0
324756,0
324757,0
324758,0
324759,0
324760,0
324761,0
324762,0
324763,0
324764,0
324765,0
324766,0
324767,0
324768,0
324769,0
324770,0
324771,0
324772,0
324773,0
324774,0
324775,0
324776,0
324777,0
324778,0
324779,0
324780,0
324781,0
324782,0
324783,0
324784,0
324785,0
324786,0
324787,0
324788,0
324789,0
324790,0
324791,0
324792,0
324793,0
324794,0
324795,0
324796,0
324797,0
324798,0
324799,0
324800,0
324801,0
324802,0
324803,0
324804,0
324805,0
324806,0
324807,0
324808,0
324809,0
324810,0
324811,0
324812,0
324813,0
324814,0
324815,0
324816,0
324817,0
324818,0
324819,0
324820,0
324821,0
324822,0
324823,0
324824,0
324825,0
324826,0
324827,0
324828,0
324829,0
324830,0
324831,0
324832,0
324833,0
324834,0
324835,0
324836,0
324837,0
324838,0
324839,0
324840,0
324841,0
324842,0
324843,0
324844,0
324845,0
324846,0
324847,0
324848,0
324849,0
324850,0
324851,0
324852,0
324853,0
324854,0
324855,0
324856,0
324857,0
324858,0
324859,0
324860,0
324861,0
324862,0
324863,0
324864,0
324865,0
324866,0
324867,0
324868,0
324869,0
324870,0
324871,0
324872,0
324873,0
324874,0
324875,0
324876,0
324877,0
324878,0
324879,0
324880,0
324881,0
324882,0
324883,0
324884,0
324885,0
324886,0
324887,0
324888,0
324889,0
324890,0
324891,0
324892,0
324893,0
324894,0
324895,0
324896,0
324897,0
324898,0
324899,0
324900,0
324901,0
324902,0
324903,0
324904,0
324905,0
324906,0
324907,0
324908,0
324909,0
324910,0
324911,0
324912,0
324913,0
324914,0
324915,0
324916,0
324917,0
324918,0
324919,0
324920,0
324921,0
324922,0
324923,0
324924,0
324925,0
324926,0
324927,0
324928,0
324929,0
324930,0
324931,0
324932,0
324933,0
324934,0
324935,0
324936,0
324937,0
324938,0
324939,0
324940,0
324941,0
324942,0
324943,0
324944,0
324945,0
324946,0
324947,0
324948,0
324949,0
324950,0
324951,0
324952,0
324953,0
324954,0
324955,0
324956,0
324957,0
324958,0
324959,0
324960,0
324961,0
324962,0
324963,0
324964,0
324965,0
324966,0
324967,0
324968,0
324969,0
324970,0
324971,0
324972,0
324973,0
324974,0
324975,0
324976,0
324977,0
324978,0
324979,0
324980,0
324981,0
324982,0
324983,0
324984,0
324985,0
324986,0
324987,0
324988,0
324989,0
324990,0
324991,0
324992,0
324993,0
324994,0
324995,0
324996,0
324997,0
324998,0
324999,0
325000,0
325001,0
325002,0
325003,0
325004,0
325005,0
325006,0
325007,0
325008,0
325009,0
325010,0
325011,0
325012,0
325013,0
325014,0
325015,0
325016,0
325017,0
325018,0
325019,0
325020,0
325021,0
325022,0
325023,0
325024,0
325025,0
325026,0
325027,0
325028,0
325029,0
325030,0
325031,0
325032,0
325033,0
325034,0
325035,0
325036,0
325037,0
325038,0
325039,0
325040,0
325041,0
325042,0
325043,0
325044,0
325045,0
325046,0
325047,0
325048,0
325049,0
325050,0
325051,0
325052,0
325053,0
325054,0
325055,0
325056,0
325057,0
325058,0
325059,0
325060,0
325061,0
325062,0
325063,0
325064,0
325065,0
325066,0
325067,0
325068,0
325069,0
325070,0
325071,0
325072,0
325073,0
325074,0
325075,0
325076,0
325077,0
325078,0
325079,0
325080,0
325081,0
325082,0
325083,0
325084,0
325085,0
325086,0
325087,0
325088,0
325089,0
325090,0
325091,0
325092,0
325093,0
325094,0
325095,0
325096,0
325097,0
325098,0
325099,0
325100,0
325101,0
325102,0
325103,0
325104,0
325105,0
325106,0
325107,0
325108,0
325109,0
325110,0
325111,0
325112,0
325113,0
325114,0
325115,0
325116,0
325117,0
325118,0
325119,0
325120,0
325121,0
325122,0
325123,0
325124,0
325125,0
325126,0
325127,0
325128,0
325129,0
325130,0
325131,0
325132,0
325133,0
325134,0
325135,0
325136,0
325137,0
325138,0
325139,0
325140,0
325141,0
325142,0
325143,0
325144,0
325145,0
325146,0
325147,0
325148,0
325149,0
325150,0
325151,0
325152,0
325153,0
325154,0
325155,0
325156,0
325157,0
325158,0
325159,0
325160,0
325161,0
325162,0
325163,0
325164,0
325165,0
325166,0
325167,0
325168,0
325169,0
325170,0
325171,0
325172,0
325173,0
325174,0
325175,0
325176,0
325177,0
325178,0
325179,0
325180,0
325181,0
325182,0
325183,0
325184,0
325185,0
325186,0
325187,0
325188,0
325189,0
325190,0
325191,0
325192,0
325193,0
325194,0
325195,0
325196,0
325197,0
325198,0
325199,0
325200,0
325201,0
325202,0
325203,0
325204,0
325205,0
325206,0
325207,0
325208,0
325209,0
325210,0
325211,0
325212,0
325213,0
325214,0
325215,0
325216,0
325217,0
325218,0
325219,0
325220,0
325221,0
325222,0
325223,0
325224,0
325225,0
325226,0
325227,0
325228,0
325229,0
325230,0
325231,0
325232,0
325233,0
325234,0
325235,0
325236,0
325237,0
325238,0
325239,0
325240,0
325241,0
325242,0
325243,0
325244,0
325245,0
325246,0
325247,0
325248,0
325249,0
325250,0
325251,0
325252,0
325253,0
325254,0
325255,0
325256,0
325257,0
325258,0
325259,0
325260,0
325261,0
325262,0
325263,0
325264,0
325265,0
325266,0
325267,0
325268,0
325269,0
325270,0
325271,0
325272,0
325273,0
325274,0
325275,0
325276,0
325277,0
325278,0
325279,0
325280,0
325281,0
325282,0
325283,0
325284,0
325285,0
325286,0
325287,0
325288,0
325289,0
325290,0
325291,0
325292,0
325293,0
325294,0
325295,0
325296,0
325297,0
325298,0
325299,0
325300,0
325301,0
325302,0
325303,0
325304,0
325305,0
325306,0
325307,0
325308,0
325309,0
325310,0
325311,0
325312,0
325313,0
325314,0
325315,0
325316,0
325317,0
325318,0
325319,0
325320,0
325321,0
325322,0
325323,0
325324,0
325325,0
325326,0
325327,0
325328,0
325329,0
325330,0
325331,0
325332,0
325333,0
325334,0
325335,0
325336,0
325337,0
325338,0
325339,0
325340,0
325341,0
325342,0
325343,0
325344,0
325345,0
325346,0
325347,0
325348,0
325349,0
325350,0
325351,0
325352,0
325353,0
325354,0
325355,0
325356,0
325357,0
325358,0
325359,0
325360,0
325361,0
325362,0
325363,0
325364,0
325365,0
325366,0
325367,0
325368,0
325369,0
325370,0
325371,0
325372,0
325373,0
325374,0
325375,0
325376,0
325377,0
325378,0
325379,0
325380,0
325381,0
325382,0
325383,0
325384,0
325385,0
325386,0
325387,0
325388,0
325389,0
325390,0
325391,0
325392,0
325393,0
325394,0
325395,0
325396,0
325397,0
325398,0
325399,0
325400,0
325401,0
325402,0
325403,0
325404,0
325405,0
325406,0
325407,0
325408,0
325409,0
325410,0
325411,0
325412,0
325413,0
325414,0
325415,0
325416,0
325417,0
325418,0
325419,0
325420,0
325421,0
325422,0
325423,0
325424,0
325425,0
325426,0
325427,0
325428,0
325429,0
325430,0
325431,0
325432,0
325433,0
325434,0
325435,0
325436,0
325437,0
325438,0
325439,0
325440,0
325441,0
325442,0
325443,0
325444,0
325445,0
325446,0
325447,0
325448,0
325449,0
325450,0
325451,0
325452,0
325453,0
325454,0
325455,0
325456,0
325457,0
325458,0
325459,0
325460,0
325461,0
325462,0
325463,0
325464,0
325465,0
325466,0
325467,0
325468,0
325469,0
325470,0
325471,0
325472,0
325473,0
325474,0
325475,0
325476,0
325477,0
325478,0
325479,0
325480,0
325481,0
325482,0
325483,0
325484,0
325485,0
325486,0
325487,0
325488,0
325489,0
325490,0
325491,0
325492,0
325493,0
325494,0
325495,0
325496,0
325497,0
325498,0
325499,0
325500,0
325501,0
325502,0
325503,0
325504,0
325505,0
325506,0
325507,0
325508,0
325509,0
325510,0
325511,0
325512,0
325513,0
325514,0
325515,0
325516,0
325517,0
325518,0
325519,0
325520,0
325521,0
325522,0
325523,0
325524,0
325525,0
325526,0
325527,0
325528,0
325529,0
325530,0
325531,0
325532,0
325533,0
325534,0
325535,0
325536,0
325537,0
325538,0
325539,0
325540,0
325541,0
325542,0
325543,0
325544,0
325545,0
325546,0
325547,0
325548,0
325549,0
325550,0
325551,0
325552,0
325553,0
325554,0
325555,0
325556,0
325557,0
325558,0
325559,0
325560,0
325561,0
325562,0
325563,0
325564,0
325565,0
325566,0
325567,0
325568,0
325569,0
325570,0
325571,0
325572,0
325573,0
325574,0
325575,0
325576,0
325577,0
325578,0
325579,0
325580,0
325581,0
325582,0
325583,0
325584,0
325585,0
325586,0
325587,0
325588,0
325589,0
325590,0
325591,0
325592,0
325593,0
325594,0
325595,0
325596,0
325597,0
325598,0
325599,0
325600,0
325601,0
325602,0
325603,0
325604,0
325605,0
325606,0
325607,0
325608,0
325609,0
325610,0
325611,0
325612,0
325613,0
325614,0
325615,0
325616,0
325617,0
325618,0
325619,0
325620,0
325621,0
325622,0
325623,0
325624,0
325625,0
325626,0
325627,0
325628,0
325629,0
325630,0
325631,0
325632,0
325633,0
325634,0
325635,0
325636,0
325637,0
325638,0
325639,0
325640,0
325641,0
325642,0
325643,0
325644,0
325645,0
325646,0
325647,0
325648,0
325649,0
325650,0
325651,0
325652,0
325653,0
325654,0
325655,0
325656,0
325657,0
325658,0
325659,0
325660,0
325661,0
325662,0
325663,0
325664,0
325665,0
325666,0
325667,0
325668,0
325669,0
325670,0
325671,0
325672,0
325673,0
325674,0
325675,0
325676,0
325677,0
325678,0
325679,0
325680,0
325681,0
325682,0
325683,0
325684,0
325685,0
325686,0
325687,0
325688,0
325689,0
325690,0
325691,0
325692,0
325693,0
325694,0
325695,0
325696,0
325697,0
325698,0
325699,0
325700,0
325701,0
325702,0
325703,0
325704,0
325705,0
325706,0
325707,0
325708,0
325709,0
325710,0
325711,0
325712,0
325713,0
325714,0
325715,0
325716,0
325717,0
325718,0
325719,0
325720,0
325721,0
325722,0
325723,0
325724,0
325725,0
325726,0
325727,0
325728,0
325729,0
325730,0
325731,0
325732,0
325733,0
325734,0
325735,0
325736,0
325737,0
325738,0
325739,0
325740,0
325741,0
325742,0
325743,0
325744,0
325745,0
325746,0
325747,0
325748,0
325749,0
325750,0
325751,0
325752,0
325753,0
325754,0
325755,0
325756,0
325757,0
325758,0
325759,0
325760,0
325761,0
325762,0
325763,0
325764,0
325765,0
325766,0
325767,0
325768,0
325769,0
325770,0
325771,0
325772,0
325773,0
325774,0
325775,0
325776,0
325777,0
325778,0
325779,0
325780,0
325781,0
325782,0
325783,0
325784,0
325785,0
325786,0
325787,0
325788,0
325789,0
325790,0
325791,0
325792,0
325793,0
325794,0
325795,0
325796,0
325797,0
325798,0
325799,0
325800,0
325801,0
325802,0
325803,0
325804,0
325805,0
325806,0
325807,0
325808,0
325809,0
325810,0
325811,0
325812,0
325813,0
325814,0
325815,0
325816,0
325817,0
325818,0
325819,0
325820,0
325821,0
325822,0
325823,0
325824,0
325825,0
325826,0
325827,0
325828,0
325829,0
325830,0
325831,0
325832,0
325833,0
325834,0
325835,0
325836,0
325837,0
325838,0
325839,0
325840,0
325841,0
325842,0
325843,0
325844,0
325845,0
325846,0
325847,0
325848,0
325849,0
325850,0
325851,0
325852,0
325853,0
325854,0
325855,0
325856,0
325857,0
325858,0
325859,0
325860,0
325861,0
325862,0
325863,0
325864,0
325865,0
325866,0
325867,0
325868,0
325869,0
325870,0
325871,0
325872,0
325873,0
325874,0
325875,0
325876,0
325877,0
325878,0
325879,0
325880,0
325881,0
325882,0
325883,0
325884,0
325885,0
325886,0
325887,0
325888,0
325889,0
325890,0
325891,0
325892,0
325893,0
325894,0
325895,0
325896,0
325897,0
325898,0
325899,0
325900,0
325901,0
325902,0
325903,0
325904,0
325905,0
325906,0
325907,0
325908,0
325909,0
325910,0
325911,0
325912,0
325913,0
325914,0
325915,0
325916,0
325917,0
325918,0
325919,0
325920,0
325921,0
325922,0
325923,0
325924,0
325925,0
325926,0
325927,0
325928,0
325929,0
325930,0
325931,0
325932,0
325933,0
325934,0
325935,0
325936,0
325937,0
325938,0
325939,0
325940,0
325941,0
325942,0
325943,0
325944,0
325945,0
325946,0
325947,0
325948,0
325949,0
325950,0
325951,0
325952,0
325953,0
325954,0
325955,0
325956,0
325957,0
325958,0
325959,0
325960,0
325961,0
325962,0
325963,0
325964,0
325965,0
325966,0
325967,0
325968,0
325969,0
325970,0
325971,0
325972,0
325973,0
325974,0
325975,0
325976,0
325977,0
325978,0
325979,0
325980,0
325981,0
325982,0
325983,0
325984,0
325985,0
325986,0
325987,0
325988,0
325989,0
325990,0
325991,0
325992,0
325993,0
325994,0
325995,0
325996,0
325997,0
325998,0
325999,0
326000,0
326001,0
326002,0
326003,0
326004,0
326005,0
326006,0
326007,0
326008,0
326009,0
326010,0
326011,0
326012,0
326013,0
326014,0
326015,0
326016,0
326017,0
326018,0
326019,0
326020,0
326021,0
326022,0
326023,0
326024,0
326025,0
326026,0
326027,0
326028,0
326029,0
326030,0
326031,0
326032,0
326033,0
326034,0
326035,0
326036,0
326037,0
326038,0
326039,0
326040,0
326041,0
326042,0
326043,0
326044,0
326045,0
326046,0
326047,0
326048,0
326049,0
326050,0
326051,0
326052,0
326053,0
326054,0
326055,0
326056,0
326057,0
326058,0
326059,0
326060,0
326061,0
326062,0
326063,0
326064,0
326065,0
326066,0
326067,0
326068,0
326069,0
326070,0
326071,0
326072,0
326073,0
326074,0
326075,0
326076,0
326077,0
326078,0
326079,0
326080,0
326081,0
326082,0
326083,0
326084,0
326085,0
326086,0
326087,0
326088,0
326089,0
326090,0
326091,0
326092,0
326093,0
326094,0
326095,0
326096,0
326097,0
326098,0
326099,0
326100,0
326101,0
326102,0
326103,0
326104,0
326105,0
326106,0
326107,0
326108,0
326109,0
326110,0
326111,0
326112,0
326113,0
326114,0
326115,0
326116,0
326117,0
326118,0
326119,0
326120,0
326121,0
326122,0
326123,0
326124,0
326125,0
326126,0
326127,0
326128,0
326129,0
326130,0
326131,0
326132,0
326133,0
326134,0
326135,0
326136,0
326137,0
326138,0
326139,0
326140,0
326141,0
326142,0
326143,0
326144,0
326145,0
326146,0
326147,0
326148,0
326149,0
326150,0
326151,0
326152,0
326153,0
326154,0
326155,0
326156,0
326157,0
326158,0
326159,0
326160,0
326161,0
326162,0
326163,0
326164,0
326165,0
326166,0
326167,0
326168,0
326169,0
326170,0
326171,0
326172,0
326173,0
326174,0
326175,0
326176,0
326177,0
326178,0
326179,0
326180,0
326181,0
326182,0
326183,0
326184,0
326185,0
326186,0
326187,0
326188,0
326189,0
326190,0
326191,0
326192,0
326193,0
326194,0
326195,0
326196,0
326197,0
326198,0
326199,0
326200,0
326201,0
326202,0
326203,0
326204,0
326205,0
326206,0
326207,0
326208,0
326209,0
326210,0
326211,0
326212,0
326213,0
326214,0
326215,0
326216,0
326217,0
326218,0
326219,0
326220,0
326221,0
326222,0
326223,0
326224,0
326225,0
326226,0
326227,0
326228,0
326229,0
326230,0
326231,0
326232,0
326233,0
326234,0
326235,0
326236,0
326237,0
326238,0
326239,0
326240,0
326241,0
326242,0
326243,0
326244,0
326245,0
326246,0
326247,0
326248,0
326249,0
326250,0
326251,0
326252,0
326253,0
326254,0
326255,0
326256,0
326257,0
326258,0
326259,0
326260,0
326261,0
326262,0
326263,0
326264,0
326265,0
326266,0
326267,0
326268,0
326269,0
326270,0
326271,0
326272,0
326273,0
326274,0
326275,0
326276,0
326277,0
326278,0
326279,0
326280,0
326281,0
326282,0
326283,0
326284,0
326285,0
326286,0
326287,0
326288,0
326289,0
326290,0
326291,0
326292,0
326293,0
326294,0
326295,0
326296,0
326297,0
326298,0
326299,0
326300,0
326301,0
326302,0
326303,0
326304,0
326305,0
326306,0
326307,0
326308,0
326309,0
326310,0
326311,0
326312,0
326313,0
326314,0
326315,0
326316,0
326317,0
326318,0
326319,0
326320,0
326321,0
326322,0
326323,0
326324,0
326325,0
326326,0
326327,0
326328,0
326329,0
326330,0
326331,0
326332,0
326333,0
326334,0
326335,0
326336,0
326337,0
326338,0
326339,0
326340,0
326341,0
326342,0
326343,0
326344,0
326345,0
326346,0
326347,0
326348,0
326349,0
326350,0
326351,0
326352,0
326353,0
326354,0
326355,0
326356,0
326357,0
326358,0
326359,0
326360,0
326361,0
326362,0
326363,0
326364,0
326365,0
326366,0
326367,0
326368,0
326369,0
326370,0
326371,0
326372,0
326373,0
326374,0
326375,0
326376,0
326377,0
326378,0
326379,0
326380,0
326381,0
326382,0
326383,0
326384,0
326385,0
326386,0
326387,0
326388,0
326389,0
326390,0
326391,0
326392,0
326393,0
326394,0
326395,0
326396,0
326397,0
326398,0
326399,0
326400,0
326401,0
326402,0
326403,0
326404,0
326405,0
326406,0
326407,0
326408,0
326409,0
326410,0
326411,0
326412,0
326413,0
326414,0
326415,0
326416,0
326417,0
326418,0
326419,0
326420,0
326421,0
326422,0
326423,0
326424,0
326425,0
326426,0
326427,0
326428,0
326429,0
326430,0
326431,0
326432,0
326433,0
326434,0
326435,0
326436,0
326437,0
326438,0
326439,0
326440,0
326441,0
326442,0
326443,0
326444,0
326445,0
326446,0
326447,0
326448,0
326449,0
326450,0
326451,0
326452,0
326453,0
326454,0
326455,0
326456,0
326457,0
326458,0
326459,0
326460,0
326461,0
326462,0
326463,0
326464,0
326465,0
326466,0
326467,0
326468,0
326469,0
326470,0
326471,0
326472,0
326473,0
326474,0
326475,0
326476,0
326477,0
326478,0
326479,0
326480,0
326481,0
326482,0
326483,0
326484,0
326485,0
326486,0
326487,0
326488,0
326489,0
326490,0
326491,0
326492,0
326493,0
326494,0
326495,0
326496,0
326497,0
326498,0
326499,0
326500,0
326501,0
326502,0
326503,0
326504,0
326505,0
326506,0
326507,0
326508,0
326509,0
326510,0
326511,0
326512,0
326513,0
326514,0
326515,0
326516,0
326517,0
326518,0
326519,0
326520,0
326521,0
326522,0
326523,0
326524,0
326525,0
326526,0
326527,0
326528,0
326529,0
326530,0
326531,0
326532,0
326533,0
326534,0
326535,0
326536,0
326537,0
326538,0
326539,0
326540,0
326541,0
326542,0
326543,0
326544,0
326545,0
326546,0
326547,0
326548,0
326549,0
326550,0
326551,0
326552,0
326553,0
326554,0
326555,0
326556,0
326557,0
326558,0
326559,0
326560,0
326561,0
326562,0
326563,0
326564,0
326565,0
326566,0
326567,0
326568,0
326569,0
326570,0
326571,0
326572,0
326573,0
326574,0
326575,0
326576,0
326577,0
326578,0
326579,0
326580,0
326581,0
326582,0
326583,0
326584,0
326585,0
326586,0
326587,0
326588,0
326589,0
326590,0
326591,0
326592,0
326593,0
326594,0
326595,0
326596,0
326597,0
326598,0
326599,0
326600,0
326601,0
326602,0
326603,0
326604,0
326605,0
326606,0
326607,0
326608,0
326609,0
326610,0
326611,0
326612,0
326613,0
326614,0
326615,0
326616,0
326617,0
326618,0
326619,0
326620,0
326621,0
326622,0
326623,0
326624,0
326625,0
326626,0
326627,0
326628,0
326629,0
326630,0
326631,0
326632,0
326633,0
326634,0
326635,0
326636,0
326637,0
326638,0
326639,0
326640,0
326641,0
326642,0
326643,0
326644,0
326645,0
326646,0
326647,0
326648,0
326649,0
326650,0
326651,0
326652,0
326653,0
326654,0
326655,0
326656,0
326657,0
326658,0
326659,0
326660,0
326661,0
326662,0
326663,0
326664,0
326665,0
326666,0
326667,0
326668,0
326669,0
326670,0
326671,0
326672,0
326673,0
326674,0
326675,0
326676,0
326677,0
326678,0
326679,0
326680,0
326681,0
326682,0
326683,0
326684,0
326685,0
326686,0
326687,0
326688,0
326689,0
326690,0
326691,0
326692,0
326693,0
326694,0
326695,0
326696,0
326697,0
326698,0
326699,0
326700,0
326701,0
326702,0
326703,0
326704,0
326705,0
326706,0
326707,0
326708,0
326709,0
326710,0
326711,0
326712,0
326713,0
326714,0
326715,0
326716,0
326717,0
326718,0
326719,0
326720,0
326721,0
326722,0
326723,0
326724,0
326725,0
326726,0
326727,0
326728,0
326729,0
326730,0
326731,0
326732,0
326733,0
326734,0
326735,0
326736,0
326737,0
326738,0
326739,0
326740,0
326741,0
326742,0
326743,0
326744,0
326745,0
326746,0
326747,0
326748,0
326749,0
326750,0
326751,0
326752,0
326753,0
326754,0
326755,0
326756,0
326757,0
326758,0
326759,0
326760,0
326761,0
326762,0
326763,0
326764,0
326765,0
326766,0
326767,0
326768,0
326769,0
326770,0
326771,0
326772,0
326773,0
326774,0
326775,0
326776,0
326777,0
326778,0
326779,0
326780,0
326781,0
326782,0
326783,0
326784,0
326785,0
326786,0
326787,0
326788,0
326789,0
326790,0
326791,0
326792,0
326793,0
326794,0
326795,0
326796,0
326797,0
326798,0
326799,0
326800,0
326801,0
326802,0
326803,0
326804,0
326805,0
326806,0
326807,0
326808,0
326809,0
326810,0
326811,0
326812,0
326813,0
326814,0
326815,0
326816,0
326817,0
326818,0
326819,0
326820,0
326821,0
326822,0
326823,0
326824,0
326825,0
326826,0
326827,0
326828,0
326829,0
326830,0
326831,0
326832,0
326833,0
326834,0
326835,0
326836,0
326837,0
326838,0
326839,0
326840,0
326841,0
326842,0
326843,0
326844,0
326845,0
326846,0
326847,0
326848,0
326849,0
326850,0
326851,0
326852,0
326853,0
326854,0
326855,0
326856,0
326857,0
326858,0
326859,0
326860,0
326861,0
326862,0
326863,0
326864,0
326865,0
326866,0
326867,0
326868,0
326869,0
326870,0
326871,0
326872,0
326873,0
326874,0
326875,0
326876,0
326877,0
326878,0
326879,0
326880,0
326881,0
326882,0
326883,0
326884,0
326885,0
326886,0
326887,0
326888,0
326889,0
326890,0
326891,0
326892,0
326893,0
326894,0
326895,0
326896,0
326897,0
326898,0
326899,0
326900,0
326901,0
326902,0
326903,0
326904,0
326905,0
326906,0
326907,0
326908,0
326909,0
326910,0
326911,0
326912,0
326913,0
326914,0
326915,0
326916,0
326917,0
326918,0
326919,0
326920,0
326921,0
326922,0
326923,0
326924,0
326925,0
326926,0
326927,0
326928,0
326929,0
326930,0
326931,0
326932,0
326933,0
326934,0
326935,0
326936,0
326937,0
326938,0
326939,0
326940,0
326941,0
326942,0
326943,0
326944,0
326945,0
326946,0
326947,0
326948,0
326949,0
326950,0
326951,0
326952,0
326953,0
326954,0
326955,0
326956,0
326957,0
326958,0
326959,0
326960,0
326961,0
326962,0
326963,0
326964,0
326965,0
326966,0
326967,0
326968,0
326969,0
326970,0
326971,0
326972,0
326973,0
326974,0
326975,0
326976,0
326977,0
326978,0
326979,0
326980,0
326981,0
326982,0
326983,0
326984,0
326985,0
326986,0
326987,0
326988,0
326989,0
326990,0
326991,0
326992,0
326993,0
326994,0
326995,0
326996,0
326997,0
326998,0
326999,0
327000,0
327001,0
327002,0
327003,0
327004,0
327005,0
327006,0
327007,0
327008,0
327009,0
327010,0
327011,0
327012,0
327013,0
327014,0
327015,0
327016,0
327017,0
327018,0
327019,0
327020,0
327021,0
327022,0
327023,0
327024,0
327025,0
327026,0
327027,0
327028,0
327029,0
327030,0
327031,0
327032,0
327033,0
327034,0
327035,0
327036,0
327037,0
327038,0
327039,0
327040,0
327041,0
327042,0
327043,0
327044,0
327045,0
327046,0
327047,0
327048,0
327049,0
327050,0
327051,0
327052,0
327053,0
327054,0
327055,0
327056,0
327057,0
327058,0
327059,0
327060,0
327061,0
327062,0
327063,0
327064,0
327065,0
327066,0
327067,0
327068,0
327069,0
327070,0
327071,0
327072,0
327073,0
327074,0
327075,0
327076,0
327077,0
327078,0
327079,0
327080,0
327081,0
327082,0
327083,0
327084,0
327085,0
327086,0
327087,0
327088,0
327089,0
327090,0
327091,0
327092,0
327093,0
327094,0
327095,0
327096,0
327097,0
327098,0
327099,0
327100,0
327101,0
327102,0
327103,0
327104,0
327105,0
327106,0
327107,0
327108,0
327109,0
327110,0
327111,0
327112,0
327113,0
327114,0
327115,0
327116,0
327117,0
327118,0
327119,0
327120,0
327121,0
327122,0
327123,0
327124,0
327125,0
327126,0
327127,0
327128,0
327129,0
327130,0
327131,0
327132,0
327133,0
327134,0
327135,0
327136,0
327137,0
327138,0
327139,0
327140,0
327141,0
327142,0
327143,0
327144,0
327145,0
327146,0
327147,0
327148,0
327149,0
327150,0
327151,0
327152,0
327153,0
327154,0
327155,0
327156,0
327157,0
327158,0
327159,0
327160,0
327161,0
327162,0
327163,0
327164,0
327165,0
327166,0
327167,0
327168,0
327169,0
327170,0
327171,0
327172,0
327173,0
327174,0
327175,0
327176,0
327177,0
327178,0
327179,0
327180,0
327181,0
327182,0
327183,0
327184,0
327185,0
327186,0
327187,0
327188,0
327189,0
327190,0
327191,0
327192,0
327193,0
327194,0
327195,0
327196,0
327197,0
327198,0
327199,0
327200,0
327201,0
327202,0
327203,0
327204,0
327205,0
327206,0
327207,0
327208,0
327209,0
327210,0
327211,0
327212,0
327213,0
327214,0
327215,0
327216,0
327217,0
327218,0
327219,0
327220,0
327221,0
327222,0
327223,0
327224,0
327225,0
327226,0
327227,0
327228,0
327229,0
327230,0
327231,0
327232,0
327233,0
327234,0
327235,0
327236,0
327237,0
327238,0
327239,0
327240,0
327241,0
327242,0
327243,0
327244,0
327245,0
327246,0
327247,0
327248,0
327249,0
327250,0
327251,0
327252,0
327253,0
327254,0
327255,0
327256,0
327257,0
327258,0
327259,0
327260,0
327261,0
327262,0
327263,0
327264,0
327265,0
327266,0
327267,0
327268,0
327269,0
327270,0
327271,0
327272,0
327273,0
327274,0
327275,0
327276,0
327277,0
327278,0
327279,0
327280,0
327281,0
327282,0
327283,0
327284,0
327285,0
327286,0
327287,0
327288,0
327289,0
327290,0
327291,0
327292,0
327293,0
327294,0
327295,0
327296,0
327297,0
327298,0
327299,0
327300,0
327301,0
327302,0
327303,0
327304,0
327305,0
327306,0
327307,0
327308,0
327309,0
327310,0
327311,0
327312,0
327313,0
327314,0
327315,0
327316,0
327317,0
327318,0
327319,0
327320,0
327321,0
327322,0
327323,0
327324,0
327325,0
327326,0
327327,0
327328,0
327329,0
327330,0
327331,0
327332,0
327333,0
327334,0
327335,0
327336,0
327337,0
327338,0
327339,0
327340,0
327341,0
327342,0
327343,0
327344,0
327345,0
327346,0
327347,0
327348,0
327349,0
327350,0
327351,0
327352,0
327353,0
327354,0
327355,0
327356,0
327357,0
327358,0
327359,0
327360,0
327361,0
327362,0
327363,0
327364,0
327365,0
327366,0
327367,0
327368,0
327369,0
327370,0
327371,0
327372,0
327373,0
327374,0
327375,0
327376,0
327377,0
327378,0
327379,0
327380,0
327381,0
327382,0
327383,0
327384,0
327385,0
327386,0
327387,0
327388,0
327389,0
327390,0
327391,0
327392,0
327393,0
327394,0
327395,0
327396,0
327397,0
327398,0
327399,0
327400,0
327401,0
327402,0
327403,0
327404,0
327405,0
327406,0
327407,0
327408,0
327409,0
327410,0
327411,0
327412,0
327413,0
327414,0
327415,0
327416,0
327417,0
327418,0
327419,0
327420,0
327421,0
327422,0
327423,0
327424,0
327425,0
327426,0
327427,0
327428,0
327429,0
327430,0
327431,0
327432,0
327433,0
327434,0
327435,0
327436,0
327437,0
327438,0
327439,0
327440,0
327441,0
327442,0
327443,0
327444,0
327445,0
327446,0
327447,0
327448,0
327449,0
327450,0
327451,0
327452,0
327453,0
327454,0
327455,0
327456,0
327457,0
327458,0
327459,0
327460,0
327461,0
327462,0
327463,0
327464,0
327465,0
327466,0
327467,0
327468,0
327469,0
327470,0
327471,0
327472,0
327473,0
327474,0
327475,0
327476,0
327477,0
327478,0
327479,0
327480,0
327481,0
327482,0
327483,0
327484,0
327485,0
327486,0
327487,0
327488,0
327489,0
327490,0
327491,0
327492,0
327493,0
327494,0
327495,0
327496,0
327497,0
327498,0
327499,0
327500,0
327501,0
327502,0
327503,0
327504,0
327505,0
327506,0
327507,0
327508,0
327509,0
327510,0
327511,0
327512,0
327513,0
327514,0
327515,0
327516,0
327517,0
327518,0
327519,0
327520,0
327521,0
327522,0
327523,0
327524,0
327525,0
327526,0
327527,0
327528,0
327529,0
327530,0
327531,0
327532,0
327533,0
327534,0
327535,0
327536,0
327537,0
327538,0
327539,0
327540,0
327541,0
327542,0
327543,0
327544,0
327545,0
327546,0
327547,0
327548,0
327549,0
327550,0
327551,0
327552,0
327553,0
327554,0
327555,0
327556,0
327557,0
327558,0
327559,0
327560,0
327561,0
327562,0
327563,0
327564,0
327565,0
327566,0
327567,0
327568,0
327569,0
327570,0
327571,0
327572,0
327573,0
327574,0
327575,0
327576,0
327577,0
327578,0
327579,0
327580,0
327581,0
327582,0
327583,0
327584,0
327585,0
327586,0
327587,0
327588,0
327589,0
327590,0
327591,0
327592,0
327593,0
327594,0
327595,0
327596,0
327597,0
327598,0
327599,0
327600,0
327601,0
327602,0
327603,0
327604,0
327605,0
327606,0
327607,0
327608,0
327609,0
327610,0
327611,0
327612,0
327613,0
327614,0
327615,0
327616,0
327617,0
327618,0
327619,0
327620,0
327621,0
327622,0
327623,0
327624,0
327625,0
327626,0
327627,0
327628,0
327629,0
327630,0
327631,0
327632,0
327633,0
327634,0
327635,0
327636,0
327637,0
327638,0
327639,0
327640,0
327641,0
327642,0
327643,0
327644,0
327645,0
327646,0
327647,0
327648,0
327649,0
327650,0
327651,0
327652,0
327653,0
327654,0
327655,0
327656,0
327657,0
327658,0
327659,0
327660,0
327661,0
327662,0
327663,0
327664,0
327665,0
327666,0
327667,0
327668,0
327669,0
327670,0
327671,0
327672,0
327673,0
327674,0
327675,0
327676,0
327677,0
327678,0
327679,0
327680,0
327681,0
327682,0
327683,0
327684,0
327685,0
327686,0
327687,0
327688,0
327689,0
327690,0
327691,0
327692,0
327693,0
327694,0
327695,0
327696,0
327697,0
327698,0
327699,0
327700,0
327701,0
327702,0
327703,0
327704,0
327705,0
327706,0
327707,0
327708,0
327709,0
327710,0
327711,0
327712,0
327713,0
327714,0
327715,0
327716,0
327717,0
327718,0
327719,0
327720,0
327721,0
327722,0
327723,0
327724,0
327725,0
327726,0
327727,0
327728,0
327729,0
327730,0
327731,0
327732,0
327733,0
327734,0
327735,0
327736,0
327737,0
327738,0
327739,0
327740,0
327741,0
327742,0
327743,0
327744,0
327745,0
327746,0
327747,0
327748,0
327749,0
327750,0
327751,0
327752,0
327753,0
327754,0
327755,0
327756,0
327757,0
327758,0
327759,0
327760,0
327761,0
327762,0
327763,0
327764,0
327765,0
327766,0
327767,0
327768,0
327769,0
327770,0
327771,0
327772,0
327773,0
327774,0
327775,0
327776,0
327777,0
327778,0
327779,0
327780,0
327781,0
327782,0
327783,0
327784,0
327785,0
327786,0
327787,0
327788,0
327789,0
327790,0
327791,0
327792,0
327793,0
327794,0
327795,0
327796,0
327797,0
327798,0
327799,0
327800,0
327801,0
327802,0
327803,0
327804,0
327805,0
327806,0
327807,0
327808,0
327809,0
327810,0
327811,0
327812,0
327813,0
327814,0
327815,0
327816,0
327817,0
327818,0
327819,0
327820,0
327821,0
327822,0
327823,0
327824,0
327825,0
327826,0
327827,0
327828,0
327829,0
327830,0
327831,0
327832,0
327833,0
327834,0
327835,0
327836,0
327837,0
327838,0
327839,0
327840,0
327841,0
327842,0
327843,0
327844,0
327845,0
327846,0
327847,0
327848,0
327849,0
327850,0
327851,0
327852,0
327853,0
327854,0
327855,0
327856,0
327857,0
327858,0
327859,0
327860,0
327861,0
327862,0
327863,0
327864,0
327865,0
327866,0
327867,0
327868,0
327869,0
327870,0
327871,0
327872,0
327873,0
327874,0
327875,0
327876,0
327877,0
327878,0
327879,0
327880,0
327881,0
327882,0
327883,0
327884,0
327885,0
327886,0
327887,0
327888,0
327889,0
327890,0
327891,0
327892,0
327893,0
327894,0
327895,0
327896,0
327897,0
327898,0
327899,0
327900,0
327901,0
327902,0
327903,0
327904,0
327905,0
327906,0
327907,0
327908,0
327909,0
327910,0
327911,0
327912,0
327913,0
327914,0
327915,0
327916,0
327917,0
327918,0
327919,0
327920,0
327921,0
327922,0
327923,0
327924,0
327925,0
327926,0
327927,0
327928,0
327929,0
327930,0
327931,0
327932,0
327933,0
327934,0
327935,0
327936,0
327937,0
327938,0
327939,0
327940,0
327941,0
327942,0
327943,0
327944,0
327945,0
327946,0
327947,0
327948,0
327949,0
327950,0
327951,0
327952,0
327953,0
327954,0
327955,0
327956,0
327957,0
327958,0
327959,0
327960,0
327961,0
327962,0
327963,0
327964,0
327965,0
327966,0
327967,0
327968,0
327969,0
327970,0
327971,0
327972,0
327973,0
327974,0
327975,0
327976,0
327977,0
327978,0
327979,0
327980,0
327981,0
327982,0
327983,0
327984,0
327985,0
327986,0
327987,0
327988,0
327989,0
327990,0
327991,0
327992,0
327993,0
327994,0
327995,0
327996,0
327997,0
327998,0
327999,0
328000,0
328001,0
328002,0
328003,0
328004,0
328005,0
328006,0
328007,0
328008,0
328009,0
328010,0
328011,0
328012,0
328013,0
328014,0
328015,0
328016,0
328017,0
328018,0
328019,0
328020,0
328021,0
328022,0
328023,0
328024,0
328025,0
328026,0
328027,0
328028,0
328029,0
328030,0
328031,0
328032,0
328033,0
328034,0
328035,0
328036,0
328037,0
328038,0
328039,0
328040,0
328041,0
328042,0
328043,0
328044,0
328045,0
328046,0
328047,0
328048,0
328049,0
328050,0
328051,0
328052,0
328053,0
328054,0
328055,0
328056,0
328057,0
328058,0
328059,0
328060,0
328061,0
328062,0
328063,0
328064,0
328065,0
328066,0
328067,0
328068,0
328069,0
328070,0
328071,0
328072,0
328073,0
328074,0
328075,0
328076,0
328077,0
328078,0
328079,0
328080,0
328081,0
328082,0
328083,0
328084,0
328085,0
328086,0
328087,0
328088,0
328089,0
328090,0
328091,0
328092,0
328093,0
328094,0
328095,0
328096,0
328097,0
328098,0
328099,0
328100,0
328101,0
328102,0
328103,0
328104,0
328105,0
328106,0
328107,0
328108,0
328109,0
328110,0
328111,0
328112,0
328113,0
328114,0
328115,0
328116,0
328117,0
328118,0
328119,0
328120,0
328121,0
328122,0
328123,0
328124,0
328125,0
328126,0
328127,0
328128,0
328129,0
328130,0
328131,0
328132,0
328133,0
328134,0
328135,0
328136,0
328137,0
328138,0
328139,0
328140,0
328141,0
328142,0
328143,0
328144,0
328145,0
328146,0
328147,0
328148,0
328149,0
328150,0
328151,0
328152,0
328153,0
328154,0
328155,0
328156,0
328157,0
328158,0
328159,0
328160,0
328161,0
328162,0
328163,0
328164,0
328165,0
328166,0
328167,0
328168,0
328169,0
328170,0
328171,0
328172,0
328173,0
328174,0
328175,0
328176,0
328177,0
328178,0
328179,0
328180,0
328181,0
328182,0
328183,0
328184,0
328185,0
328186,0
328187,0
328188,0
328189,0
328190,0
328191,0
328192,0
328193,0
328194,0
328195,0
328196,0
328197,0
328198,0
328199,0
328200,0
328201,0
328202,0
328203,0
328204,0
328205,0
328206,0
328207,0
328208,0
328209,0
328210,0
328211,0
328212,0
328213,0
328214,0
328215,0
328216,0
328217,0
328218,0
328219,0
328220,0
328221,0
328222,0
328223,0
328224,0
328225,0
328226,0
328227,0
328228,0
328229,0
328230,0
328231,0
328232,0
328233,0
328234,0
328235,0
328236,0
328237,0
328238,0
328239,0
328240,0
328241,0
328242,0
328243,0
328244,0
328245,0
328246,0
328247,0
328248,0
328249,0
328250,0
328251,0
328252,0
328253,0
328254,0
328255,0
328256,0
328257,0
328258,0
328259,0
328260,0
328261,0
328262,0
328263,0
328264,0
328265,0
328266,0
328267,0
328268,0
328269,0
328270,0
328271,0
328272,0
328273,0
328274,0
328275,0
328276,0
328277,0
328278,0
328279,0
328280,0
328281,0
328282,0
328283,0
328284,0
328285,0
328286,0
328287,0
328288,0
328289,0
328290,0
328291,0
328292,0
328293,0
328294,0
328295,0
328296,0
328297,0
328298,0
328299,0
328300,0
328301,0
328302,0
328303,0
328304,0
328305,0
328306,0
328307,0
328308,0
328309,0
328310,0
328311,0
328312,0
328313,0
328314,0
328315,0
328316,0
328317,0
328318,0
328319,0
328320,0
328321,0
328322,0
328323,0
328324,0
328325,0
328326,0
328327,0
328328,0
328329,0
328330,0
328331,0
328332,0
328333,0
328334,0
328335,0
328336,0
328337,0
328338,0
328339,0
328340,0
328341,0
328342,0
328343,0
328344,0
328345,0
328346,0
328347,0
328348,0
328349,0
328350,0
328351,0
328352,0
328353,0
328354,0
328355,0
328356,0
328357,0
328358,0
328359,0
328360,0
328361,0
328362,0
328363,0
328364,0
328365,0
328366,0
328367,0
328368,0
328369,0
328370,0
328371,0
328372,0
328373,0
328374,0
328375,0
328376,0
328377,0
328378,0
328379,0
328380,0
328381,0
328382,0
328383,0
328384,0
328385,0
328386,0
328387,0
328388,0
328389,0
328390,0
328391,0
328392,0
328393,0
328394,0
328395,0
328396,0
328397,0
328398,0
328399,0
328400,0
328401,0
328402,0
328403,0
328404,0
328405,0
328406,0
328407,0
328408,0
328409,0
328410,0
328411,0
328412,0
328413,0
328414,0
328415,0
328416,0
328417,0
328418,0
328419,0
328420,0
328421,0
328422,0
328423,0
328424,0
328425,0
328426,0
328427,0
328428,0
328429,0
328430,0
328431,0
328432,0
328433,0
328434,0
328435,0
328436,0
328437,0
328438,0
328439,0
328440,0
328441,0
328442,0
328443,0
328444,0
328445,0
328446,0
328447,0
328448,0
328449,0
328450,0
328451,0
328452,0
328453,0
328454,0
328455,0
328456,0
328457,0
328458,0
328459,0
328460,0
328461,0
328462,0
328463,0
328464,0
328465,0
328466,0
328467,0
328468,0
328469,0
328470,0
328471,0
328472,0
328473,0
328474,0
328475,0
328476,0
328477,0
328478,0
328479,0
328480,0
328481,0
328482,0
328483,0
328484,0
328485,0
328486,0
328487,0
328488,0
328489,0
328490,0
328491,0
328492,0
328493,0
328494,0
328495,0
328496,0
328497,0
328498,0
328499,0
328500,0
328501,0
328502,0
328503,0
328504,0
328505,0
328506,0
328507,0
328508,0
328509,0
328510,0
328511,0
328512,0
328513,0
328514,0
328515,0
328516,0
328517,0
328518,0
328519,0
328520,0
328521,0
328522,0
328523,0
328524,0
328525,0
328526,0
328527,0
328528,0
328529,0
328530,0
328531,0
328532,0
328533,0
328534,0
328535,0
328536,0
328537,0
328538,0
328539,0
328540,0
328541,0
328542,0
328543,0
328544,0
328545,0
328546,0
328547,0
328548,0
328549,0
328550,0
328551,0
328552,0
328553,0
328554,0
328555,0
328556,0
328557,0
328558,0
328559,0
328560,0
328561,0
328562,0
328563,0
328564,0
328565,0
328566,0
328567,0
328568,0
328569,0
328570,0
328571,0
328572,0
328573,0
328574,0
328575,0
328576,0
328577,0
328578,0
328579,0
328580,0
328581,0
328582,0
328583,0
328584,0
328585,0
328586,0
328587,0
328588,0
328589,0
328590,0
328591,0
328592,0
328593,0
328594,0
328595,0
328596,0
328597,0
328598,0
328599,0
328600,0
328601,0
328602,0
328603,0
328604,0
328605,0
328606,0
328607,0
328608,0
328609,0
328610,0
328611,0
328612,0
328613,0
328614,0
328615,0
328616,0
328617,0
328618,0
328619,0
328620,0
328621,0
328622,0
328623,0
328624,0
328625,0
328626,0
328627,0
328628,0
328629,0
328630,0
328631,0
328632,0
328633,0
328634,0
328635,0
328636,0
328637,0
328638,0
328639,0
328640,0
328641,0
328642,0
328643,0
328644,0
328645,0
328646,0
328647,0
328648,0
328649,0
328650,0
328651,0
328652,0
328653,0
328654,0
328655,0
328656,0
328657,0
328658,0
328659,0
328660,0
328661,0
328662,0
328663,0
328664,0
328665,0
328666,0
328667,0
328668,0
328669,0
328670,0
328671,0
328672,0
328673,0
328674,0
328675,0
328676,0
328677,0
328678,0
328679,0
328680,0
328681,0
328682,0
328683,0
328684,0
328685,0
328686,0
328687,0
328688,0
328689,0
328690,0
328691,0
328692,0
328693,0
328694,0
328695,0
328696,0
328697,0
328698,0
328699,0
328700,0
328701,0
328702,0
328703,0
328704,0
328705,0
328706,0
328707,0
328708,0
328709,0
328710,0
328711,0
328712,0
328713,0
328714,0
328715,0
328716,0
328717,0
328718,0
328719,0
328720,0
328721,0
328722,0
328723,0
328724,0
328725,0
328726,0
328727,0
328728,0
328729,0
328730,0
328731,0
328732,0
328733,0
328734,0
328735,0
328736,0
328737,0
328738,0
328739,0
328740,0
328741,0
328742,0
328743,0
328744,0
328745,0
328746,0
328747,0
328748,0
328749,0
328750,0
328751,0
328752,0
328753,0
328754,0
328755,0
328756,0
328757,0
328758,0
328759,0
328760,0
328761,0
328762,0
328763,0
328764,0
328765,0
328766,0
328767,0
328768,0
328769,0
328770,0
328771,0
328772,0
328773,0
328774,0
328775,0
328776,0
328777,0
328778,0
328779,0
328780,0
328781,0
328782,0
328783,0
328784,0
328785,0
328786,0
328787,0
328788,0
328789,0
328790,0
328791,0
328792,0
328793,0
328794,0
328795,0
328796,0
328797,0
328798,0
328799,0
328800,0
328801,0
328802,0
328803,0
328804,0
328805,0
328806,0
328807,0
328808,0
328809,0
328810,0
328811,0
328812,0
328813,0
328814,0
328815,0
328816,0
328817,0
328818,0
328819,0
328820,0
328821,0
328822,0
328823,0
328824,0
328825,0
328826,0
328827,0
328828,0
328829,0
328830,0
328831,0
328832,0
328833,0
328834,0
328835,0
328836,0
328837,0
328838,0
328839,0
328840,0
328841,0
328842,0
328843,0
328844,0
328845,0
328846,0
328847,0
328848,0
328849,0
328850,0
328851,0
328852,0
328853,0
328854,0
328855,0
328856,0
328857,0
328858,0
328859,0
328860,0
328861,0
328862,0
328863,0
328864,0
328865,0
328866,0
328867,0
328868,0
328869,0
328870,0
328871,0
328872,0
328873,0
328874,0
328875,0
328876,0
328877,0
328878,0
328879,0
328880,0
328881,0
328882,0
328883,0
328884,0
328885,0
328886,0
328887,0
328888,0
328889,0
328890,0
328891,0
328892,0
328893,0
328894,0
328895,0
328896,0
328897,0
328898,0
328899,0
328900,0
328901,0
328902,0
328903,0
328904,0
328905,0
328906,0
328907,0
328908,0
328909,0
328910,0
328911,0
328912,0
328913,0
328914,0
328915,0
328916,0
328917,0
328918,0
328919,0
328920,0
328921,0
328922,0
328923,0
328924,0
328925,0
328926,0
328927,0
328928,0
328929,0
328930,0
328931,0
328932,0
328933,0
328934,0
328935,0
328936,0
328937,0
328938,0
328939,0
328940,0
328941,0
328942,0
328943,0
328944,0
328945,0
328946,0
328947,0
328948,0
328949,0
328950,0
328951,0
328952,0
328953,0
328954,0
328955,0
328956,0
328957,0
328958,0
328959,0
328960,0
328961,0
328962,0
328963,0
328964,0
328965,0
328966,0
328967,0
328968,0
328969,0
328970,0
328971,0
328972,0
328973,0
328974,0
328975,0
328976,0
328977,0
328978,0
328979,0
328980,0
328981,0
328982,0
328983,0
328984,0
328985,0
328986,0
328987,0
328988,0
328989,0
328990,0
328991,0
328992,0
328993,0
328994,0
328995,0
328996,0
328997,0
328998,0
328999,0
329000,0
329001,0
329002,0
329003,0
329004,0
329005,0
329006,0
329007,0
329008,0
329009,0
329010,0
329011,0
329012,0
329013,0
329014,0
329015,0
329016,0
329017,0
329018,0
329019,0
329020,0
329021,0
329022,0
329023,0
329024,0
329025,0
329026,0
329027,0
329028,0
329029,0
329030,0
329031,0
329032,0
329033,0
329034,0
329035,0
329036,0
329037,0
329038,0
329039,0
329040,0
329041,0
329042,0
329043,0
329044,0
329045,0
329046,0
329047,0
329048,0
329049,0
329050,0
329051,0
329052,0
329053,0
329054,0
329055,0
329056,0
329057,0
329058,0
329059,0
329060,0
329061,0
329062,0
329063,0
329064,0
329065,0
329066,0
329067,0
329068,0
329069,0
329070,0
329071,0
329072,0
329073,0
329074,0
329075,0
329076,0
329077,0
329078,0
329079,0
329080,0
329081,0
329082,0
329083,0
329084,0
329085,0
329086,0
329087,0
329088,0
329089,0
329090,0
329091,0
329092,0
329093,0
329094,0
329095,0
329096,0
329097,0
329098,0
329099,0
329100,0
329101,0
329102,0
329103,0
329104,0
329105,0
329106,0
329107,0
329108,0
329109,0
329110,0
329111,0
329112,0
329113,0
329114,0
329115,0
329116,0
329117,0
329118,0
329119,0
329120,0
329121,0
329122,0
329123,0
329124,0
329125,0
329126,0
329127,0
329128,0
329129,0
329130,0
329131,0
329132,0
329133,0
329134,0
329135,0
329136,0
329137,0
329138,0
329139,0
329140,0
329141,0
329142,0
329143,0
329144,0
329145,0
329146,0
329147,0
329148,0
329149,0
329150,0
329151,0
329152,0
329153,0
329154,0
329155,0
329156,0
329157,0
329158,0
329159,0
329160,0
329161,0
329162,0
329163,0
329164,0
329165,0
329166,0
329167,0
329168,0
329169,0
329170,0
329171,0
329172,0
329173,0
329174,0
329175,0
329176,0
329177,0
329178,0
329179,0
329180,0
329181,0
329182,0
329183,0
329184,0
329185,0
329186,0
329187,0
329188,0
329189,0
329190,0
329191,0
329192,0
329193,0
329194,0
329195,0
329196,0
329197,0
329198,0
329199,0
329200,0
329201,0
329202,0
329203,0
329204,0
329205,0
329206,0
329207,0
329208,0
329209,0
329210,0
329211,0
329212,0
329213,0
329214,0
329215,0
329216,0
329217,0
329218,0
329219,0
329220,0
329221,0
329222,0
329223,0
329224,0
329225,0
329226,0
329227,0
329228,0
329229,0
329230,0
329231,0
329232,0
329233,0
329234,0
329235,0
329236,0
329237,0
329238,0
329239,0
329240,0
329241,0
329242,0
329243,0
329244,0
329245,0
329246,0
329247,0
329248,0
329249,0
329250,0
329251,0
329252,0
329253,0
329254,0
329255,0
329256,0
329257,0
329258,0
329259,0
329260,0
329261,0
329262,0
329263,0
329264,0
329265,0
329266,0
329267,0
329268,0
329269,0
329270,0
329271,0
329272,0
329273,0
329274,0
329275,0
329276,0
329277,0
329278,0
329279,0
329280,0
329281,0
329282,0
329283,0
329284,0
329285,0
329286,0
329287,0
329288,0
329289,0
329290,0
329291,0
329292,0
329293,0
329294,0
329295,0
329296,0
329297,0
329298,0
329299,0
329300,0
329301,0
329302,0
329303,0
329304,0
329305,0
329306,0
329307,0
329308,0
329309,0
329310,0
329311,0
329312,0
329313,0
329314,0
329315,0
329316,0
329317,0
329318,0
329319,0
329320,0
329321,0
329322,0
329323,0
329324,0
329325,0
329326,0
329327,0
329328,0
329329,0
329330,0
329331,0
329332,0
329333,0
329334,0
329335,0
329336,0
329337,0
329338,0
329339,0
329340,0
329341,0
329342,0
329343,0
329344,0
329345,0
329346,0
329347,0
329348,0
329349,0
329350,0
329351,0
329352,0
329353,0
329354,0
329355,0
329356,0
329357,0
329358,0
329359,0
329360,0
329361,0
329362,0
329363,0
329364,0
329365,0
329366,0
329367,0
329368,0
329369,0
329370,0
329371,0
329372,0
329373,0
329374,0
329375,0
329376,0
329377,0
329378,0
329379,0
329380,0
329381,0
329382,0
329383,0
329384,0
329385,0
329386,0
329387,0
329388,0
329389,0
329390,0
329391,0
329392,0
329393,0
329394,0
329395,0
329396,0
329397,0
329398,0
329399,0
329400,0
329401,0
329402,0
329403,0
329404,0
329405,0
329406,0
329407,0
329408,0
329409,0
329410,0
329411,0
329412,0
329413,0
329414,0
329415,0
329416,0
329417,0
329418,0
329419,0
329420,0
329421,0
329422,0
329423,0
329424,0
329425,0
329426,0
329427,0
329428,0
329429,0
329430,0
329431,0
329432,0
329433,0
329434,0
329435,0
329436,0
329437,0
329438,0
329439,0
329440,0
329441,0
329442,0
329443,0
329444,0
329445,0
329446,0
329447,0
329448,0
329449,0
329450,0
329451,0
329452,0
329453,0
329454,0
329455,0
329456,0
329457,0
329458,0
329459,0
329460,0
329461,0
329462,0
329463,0
329464,0
329465,0
329466,0
329467,0
329468,0
329469,0
329470,0
329471,0
329472,0
329473,0
329474,0
329475,0
329476,0
329477,0
329478,0
329479,0
329480,0
329481,0
329482,0
329483,0
329484,0
329485,0
329486,0
329487,0
329488,0
329489,0
329490,0
329491,0
329492,0
329493,0
329494,0
329495,0
329496,0
329497,0
329498,0
329499,0
329500,0
329501,0
329502,0
329503,0
329504,0
329505,0
329506,0
329507,0
329508,0
329509,0
329510,0
329511,0
329512,0
329513,0
329514,0
329515,0
329516,0
329517,0
329518,0
329519,0
329520,0
329521,0
329522,0
329523,0
329524,0
329525,0
329526,0
329527,0
329528,0
329529,0
329530,0
329531,0
329532,0
329533,0
329534,0
329535,0
329536,0
329537,0
329538,0
329539,0
329540,0
329541,0
329542,0
329543,0
329544,0
329545,0
329546,0
329547,0
329548,0
329549,0
329550,0
329551,0
329552,0
329553,0
329554,0
329555,0
329556,0
329557,0
329558,0
329559,0
329560,0
329561,0
329562,0
329563,0
329564,0
329565,0
329566,0
329567,0
329568,0
329569,0
329570,0
329571,0
329572,0
329573,0
329574,0
329575,0
329576,0
329577,0
329578,0
329579,0
329580,0
329581,0
329582,0
329583,0
329584,0
329585,0
329586,0
329587,0
329588,0
329589,0
329590,0
329591,0
329592,0
329593,0
329594,0
329595,0
329596,0
329597,0
329598,0
329599,0
329600,0
329601,0
329602,0
329603,0
329604,0
329605,0
329606,0
329607,0
329608,0
329609,0
329610,0
329611,0
329612,0
329613,0
329614,0
329615,0
329616,0
329617,0
329618,0
329619,0
329620,0
329621,0
329622,0
329623,0
329624,0
329625,0
329626,0
329627,0
329628,0
329629,0
329630,0
329631,0
329632,0
329633,0
329634,0
329635,0
329636,0
329637,0
329638,0
329639,0
329640,0
329641,0
329642,0
329643,0
329644,0
329645,0
329646,0
329647,0
329648,0
329649,0
329650,0
329651,0
329652,0
329653,0
329654,0
329655,0
329656,0
329657,0
329658,0
329659,0
329660,0
329661,0
329662,0
329663,0
329664,0
329665,0
329666,0
329667,0
329668,0
329669,0
329670,0
329671,0
329672,0
329673,0
329674,0
329675,0
329676,0
329677,0
329678,0
329679,0
329680,0
329681,0
329682,0
329683,0
329684,0
329685,0
329686,0
329687,0
329688,0
329689,0
329690,0
329691,0
329692,0
329693,0
329694,0
329695,0
329696,0
329697,0
329698,0
329699,0
329700,0
329701,0
329702,0
329703,0
329704,0
329705,0
329706,0
329707,0
329708,0
329709,0
329710,0
329711,0
329712,0
329713,0
329714,0
329715,0
329716,0
329717,0
329718,0
329719,0
329720,0
329721,0
329722,0
329723,0
329724,0
329725,0
329726,0
329727,0
329728,0
329729,0
329730,0
329731,0
329732,0
329733,0
329734,0
329735,0
329736,0
329737,0
329738,0
329739,0
329740,0
329741,0
329742,0
329743,0
329744,0
329745,0
329746,0
329747,0
329748,0
329749,0
329750,0
329751,0
329752,0
329753,0
329754,0
329755,0
329756,0
329757,0
329758,0
329759,0
329760,0
329761,0
329762,0
329763,0
329764,0
329765,0
329766,0
329767,0
329768,0
329769,0
329770,0
329771,0
329772,0
329773,0
329774,0
329775,0
329776,0
329777,0
329778,0
329779,0
329780,0
329781,0
329782,0
329783,0
329784,0
329785,0
329786,0
329787,0
329788,0
329789,0
329790,0
329791,0
329792,0
329793,0
329794,0
329795,0
329796,0
329797,0
329798,0
329799,0
329800,0
329801,0
329802,0
329803,0
329804,0
329805,0
329806,0
329807,0
329808,0
329809,0
329810,0
329811,0
329812,0
329813,0
329814,0
329815,0
329816,0
329817,0
329818,0
329819,0
329820,0
329821,0
329822,0
329823,0
329824,0
329825,0
329826,0
329827,0
329828,0
329829,0
329830,0
329831,0
329832,0
329833,0
329834,0
329835,0
329836,0
329837,0
329838,0
329839,0
329840,0
329841,0
329842,0
329843,0
329844,0
329845,0
329846,0
329847,0
329848,0
329849,0
329850,0
329851,0
329852,0
329853,0
329854,0
329855,0
329856,0
329857,0
329858,0
329859,0
329860,0
329861,0
329862,0
329863,0
329864,0
329865,0
329866,0
329867,0
329868,0
329869,0
329870,0
329871,0
329872,0
329873,0
329874,0
329875,0
329876,0
329877,0
329878,0
329879,0
329880,0
329881,0
329882,0
329883,0
329884,0
329885,0
329886,0
329887,0
329888,0
329889,0
329890,0
329891,0
329892,0
329893,0
329894,0
329895,0
329896,0
329897,0
329898,0
329899,0
329900,0
329901,0
329902,0
329903,0
329904,0
329905,0
329906,0
329907,0
329908,0
329909,0
329910,0
329911,0
329912,0
329913,0
329914,0
329915,0
329916,0
329917,0
329918,0
329919,0
329920,0
329921,0
329922,0
329923,0
329924,0
329925,0
329926,0
329927,0
329928,0
329929,0
329930,0
329931,0
329932,0
329933,0
329934,0
329935,0
329936,0
329937,0
329938,0
329939,0
329940,0
329941,0
329942,0
329943,0
329944,0
329945,0
329946,0
329947,0
329948,0
329949,0
329950,0
329951,0
329952,0
329953,0
329954,0
329955,0
329956,0
329957,0
329958,0
329959,0
329960,0
329961,0
329962,0
329963,0
329964,0
329965,0
329966,0
329967,0
329968,0
329969,0
329970,0
329971,0
329972,0
329973,0
329974,0
329975,0
329976,0
329977,0
329978,0
329979,0
329980,0
329981,0
329982,0
329983,0
329984,0
329985,0
329986,0
329987,0
329988,0
329989,0
329990,0
329991,0
329992,0
329993,0
329994,0
329995,0
329996,0
329997,0
329998,0
329999,0
330000,0
330001,0
330002,0
330003,0
330004,0
330005,0
330006,0
330007,0
330008,0
330009,0
330010,0
330011,0
330012,0
330013,0
330014,0
330015,0
330016,0
330017,0
330018,0
330019,0
330020,0
330021,0
330022,0
330023,0
330024,0
330025,0
330026,0
330027,0
330028,0
330029,0
330030,0
330031,0
330032,0
330033,0
330034,0
330035,0
330036,0
330037,0
330038,0
330039,0
330040,0
330041,0
330042,0
330043,0
330044,0
330045,0
330046,0
330047,0
330048,0
330049,0
330050,0
330051,0
330052,0
330053,0
330054,0
330055,0
330056,0
330057,0
330058,0
330059,0
330060,0
330061,0
330062,0
330063,0
330064,0
330065,0
330066,0
330067,0
330068,0
330069,0
330070,0
330071,0
330072,0
330073,0
330074,0
330075,0
330076,0
330077,0
330078,0
330079,0
330080,0
330081,0
330082,0
330083,0
330084,0
330085,0
330086,0
330087,0
330088,0
330089,0
330090,0
330091,0
330092,0
330093,0
330094,0
330095,0
330096,0
330097,0
330098,0
330099,0
330100,0
330101,0
330102,0
330103,0
330104,0
330105,0
330106,0
330107,0
330108,0
330109,0
330110,0
330111,0
330112,0
330113,0
330114,0
330115,0
330116,0
330117,0
330118,0
330119,0
330120,0
330121,0
330122,0
330123,0
330124,0
330125,0
330126,0
330127,0
330128,0
330129,0
330130,0
330131,0
330132,0
330133,0
330134,0
330135,0
330136,0
330137,0
330138,0
330139,0
330140,0
330141,0
330142,0
330143,0
330144,0
330145,0
330146,0
330147,0
330148,0
330149,0
330150,0
330151,0
330152,0
330153,0
330154,0
330155,0
330156,0
330157,0
330158,0
330159,0
330160,0
330161,0
330162,0
330163,0
330164,0
330165,0
330166,0
330167,0
330168,0
330169,0
330170,0
330171,0
330172,0
330173,0
330174,0
330175,0
330176,0
330177,0
330178,0
330179,0
330180,0
330181,0
330182,0
330183,0
330184,0
330185,0
330186,0
330187,0
330188,0
330189,0
330190,0
330191,0
330192,0
330193,0
330194,0
330195,0
330196,0
330197,0
330198,0
330199,0
330200,0
330201,0
330202,0
330203,0
330204,0
330205,0
330206,0
330207,0
330208,0
330209,0
330210,0
330211,0
330212,0
330213,0
330214,0
330215,0
330216,0
330217,0
330218,0
330219,0
330220,0
330221,0
330222,0
330223,0
330224,0
330225,0
330226,0
330227,0
330228,0
330229,0
330230,0
330231,0
330232,0
330233,0
330234,0
330235,0
330236,0
330237,0
330238,0
330239,0
330240,0
330241,0
330242,0
330243,0
330244,0
330245,0
330246,0
330247,0
330248,0
330249,0
330250,0
330251,0
330252,0
330253,0
330254,0
330255,0
330256,0
330257,0
330258,0
330259,0
330260,0
330261,0
330262,0
330263,0
330264,0
330265,0
330266,0
330267,0
330268,0
330269,0
330270,0
330271,0
330272,0
330273,0
330274,0
330275,0
330276,0
330277,0
330278,0
330279,0
330280,0
330281,0
330282,0
330283,0
330284,0
330285,0
330286,0
330287,0
330288,0
330289,0
330290,0
330291,0
330292,0
330293,0
330294,0
330295,0
330296,0
330297,0
330298,0
330299,0
330300,0
330301,0
330302,0
330303,0
330304,0
330305,0
330306,0
330307,0
330308,0
330309,0
330310,0
330311,0
330312,0
330313,0
330314,0
330315,0
330316,0
330317,0
330318,0
330319,0
330320,0
330321,0
330322,0
330323,0
330324,0
330325,0
330326,0
330327,0
330328,0
330329,0
330330,0
330331,0
330332,0
330333,0
330334,0
330335,0
330336,0
330337,0
330338,0
330339,0
330340,0
330341,0
330342,0
330343,0
330344,0
330345,0
330346,0
330347,0
330348,0
330349,0
330350,0
330351,0
330352,0
330353,0
330354,0
330355,0
330356,0
330357,0
330358,0
330359,0
330360,0
330361,0
330362,0
330363,0
330364,0
330365,0
330366,0
330367,0
330368,0
330369,0
330370,0
330371,0
330372,0
330373,0
330374,0
330375,0
330376,0
330377,0
330378,0
330379,0
330380,0
330381,0
330382,0
330383,0
330384,0
330385,0
330386,0
330387,0
330388,0
330389,0
330390,0
330391,0
330392,0
330393,0
330394,0
330395,0
330396,0
330397,0
330398,0
330399,0
330400,0
330401,0
330402,0
330403,0
330404,0
330405,0
330406,0
330407,0
330408,0
330409,0
330410,0
330411,0
330412,0
330413,0
330414,0
330415,0
330416,0
330417,0
330418,0
330419,0
330420,0
330421,0
330422,0
330423,0
330424,0
330425,0
330426,0
330427,0
330428,0
330429,0
330430,0
330431,0
330432,0
330433,0
330434,0
330435,0
330436,0
330437,0
330438,0
330439,0
330440,0
330441,0
330442,0
330443,0
330444,0
330445,0
330446,0
330447,0
330448,0
330449,0
330450,0
330451,0
330452,0
330453,0
330454,0
330455,0
330456,0
330457,0
330458,0
330459,0
330460,0
330461,0
330462,0
330463,0
330464,0
330465,0
330466,0
330467,0
330468,0
330469,0
330470,0
330471,0
330472,0
330473,0
330474,0
330475,0
330476,0
330477,0
330478,0
330479,0
330480,0
330481,0
330482,0
330483,0
330484,0
330485,0
330486,0
330487,0
330488,0
330489,0
330490,0
330491,0
330492,0
330493,0
330494,0
330495,0
330496,0
330497,0
330498,0
330499,0
330500,0
330501,0
330502,0
330503,0
330504,0
330505,0
330506,0
330507,0
330508,0
330509,0
330510,0
330511,0
330512,0
330513,0
330514,0
330515,0
330516,0
330517,0
330518,0
330519,0
330520,0
330521,0
330522,0
330523,0
330524,0
330525,0
330526,0
330527,0
330528,0
330529,0
330530,0
330531,0
330532,0
330533,0
330534,0
330535,0
330536,0
330537,0
330538,0
330539,0
330540,0
330541,0
330542,0
330543,0
330544,0
330545,0
330546,0
330547,0
330548,0
330549,0
330550,0
330551,0
330552,0
330553,0
330554,0
330555,0
330556,0
330557,0
330558,0
330559,0
330560,0
330561,0
330562,0
330563,0
330564,0
330565,0
330566,0
330567,0
330568,0
330569,0
330570,0
330571,0
330572,0
330573,0
330574,0
330575,0
330576,0
330577,0
330578,0
330579,0
330580,0
330581,0
330582,0
330583,0
330584,0
330585,0
330586,0
330587,0
330588,0
330589,0
330590,0
330591,0
330592,0
330593,0
330594,0
330595,0
330596,0
330597,0
330598,0
330599,0
330600,0
330601,0
330602,0
330603,0
330604,0
330605,0
330606,0
330607,0
330608,0
330609,0
330610,0
330611,0
330612,0
330613,0
330614,0
330615,0
330616,0
330617,0
330618,0
330619,0
330620,0
330621,0
330622,0
330623,0
330624,0
330625,0
330626,0
330627,0
330628,0
330629,0
330630,0
330631,0
330632,0
330633,0
330634,0
330635,0
330636,0
330637,0
330638,0
330639,0
330640,0
330641,0
330642,0
330643,0
330644,0
330645,0
330646,0
330647,0
330648,0
330649,0
330650,0
330651,0
330652,0
330653,0
330654,0
330655,0
330656,0
330657,0
330658,0
330659,0
330660,0
330661,0
330662,0
330663,0
330664,0
330665,0
330666,0
330667,0
330668,0
330669,0
330670,0
330671,0
330672,0
330673,0
330674,0
330675,0
330676,0
330677,0
330678,0
330679,0
330680,0
330681,0
330682,0
330683,0
330684,0
330685,0
330686,0
330687,0
330688,0
330689,0
330690,0
330691,0
330692,0
330693,0
330694,0
330695,0
330696,0
330697,0
330698,0
330699,0
330700,0
330701,0
330702,0
330703,0
330704,0
330705,0
330706,0
330707,0
330708,0
330709,0
330710,0
330711,0
330712,0
330713,0
330714,0
330715,0
330716,0
330717,0
330718,0
330719,0
330720,0
330721,0
330722,0
330723,0
330724,0
330725,0
330726,0
330727,0
330728,0
330729,0
330730,0
330731,0
330732,0
330733,0
330734,0
330735,0
330736,0
330737,0
330738,0
330739,0
330740,0
330741,0
330742,0
330743,0
330744,0
330745,0
330746,0
330747,0
330748,0
330749,0
330750,0
330751,0
330752,0
330753,0
330754,0
330755,0
330756,0
330757,0
330758,0
330759,0
330760,0
330761,0
330762,0
330763,0
330764,0
330765,0
330766,0
330767,0
330768,0
330769,0
330770,0
330771,0
330772,0
330773,0
330774,0
330775,0
330776,0
330777,0
330778,0
330779,0
330780,0
330781,0
330782,0
330783,0
330784,0
330785,0
330786,0
330787,0
330788,0
330789,0
330790,0
330791,0
330792,0
330793,0
330794,0
330795,0
330796,0
330797,0
330798,0
330799,0
330800,0
330801,0
330802,0
330803,0
330804,0
330805,0
330806,0
330807,0
330808,0
330809,0
330810,0
330811,0
330812,0
330813,0
330814,0
330815,0
330816,0
330817,0
330818,0
330819,0
330820,0
330821,0
330822,0
330823,0
330824,0
330825,0
330826,0
330827,0
330828,0
330829,0
330830,0
330831,0
330832,0
330833,0
330834,0
330835,0
330836,0
330837,0
330838,0
330839,0
330840,0
330841,0
330842,0
330843,0
330844,0
330845,0
330846,0
330847,0
330848,0
330849,0
330850,0
330851,0
330852,0
330853,0
330854,0
330855,0
330856,0
330857,0
330858,0
330859,0
330860,0
330861,0
330862,0
330863,0
330864,0
330865,0
330866,0
330867,0
330868,0
330869,0
330870,0
330871,0
330872,0
330873,0
330874,0
330875,0
330876,0
330877,0
330878,0
330879,0
330880,0
330881,0
330882,0
330883,0
330884,0
330885,0
330886,0
330887,0
330888,0
330889,0
330890,0
330891,0
330892,0
330893,0
330894,0
330895,0
330896,0
330897,0
330898,0
330899,0
330900,0
330901,0
330902,0
330903,0
330904,0
330905,0
330906,0
330907,0
330908,0
330909,0
330910,0
330911,0
330912,0
330913,0
330914,0
330915,0
330916,0
330917,0
330918,0
330919,0
330920,0
330921,0
330922,0
330923,0
330924,0
330925,0
330926,0
330927,0
330928,0
330929,0
330930,0
330931,0
330932,0
330933,0
330934,0
330935,0
330936,0
330937,0
330938,0
330939,0
330940,0
330941,0
330942,0
330943,0
330944,0
330945,0
330946,0
330947,0
330948,0
330949,0
330950,0
330951,0
330952,0
330953,0
330954,0
330955,0
330956,0
330957,0
330958,0
330959,0
330960,0
330961,0
330962,0
330963,0
330964,0
330965,0
330966,0
330967,0
330968,0
330969,0
330970,0
330971,0
330972,0
330973,0
330974,0
330975,0
330976,0
330977,0
330978,0
330979,0
330980,0
330981,0
330982,0
330983,0
330984,0
330985,0
330986,0
330987,0
330988,0
330989,0
330990,0
330991,0
330992,0
330993,0
330994,0
330995,0
330996,0
330997,0
330998,0
330999,0
331000,0
331001,0
331002,0
331003,0
331004,0
331005,0
331006,0
331007,0
331008,0
331009,0
331010,0
331011,0
331012,0
331013,0
331014,0
331015,0
331016,0
331017,0
331018,0
331019,0
331020,0
331021,0
331022,0
331023,0
331024,0
331025,0
331026,0
331027,0
331028,0
331029,0
331030,0
331031,0
331032,0
331033,0
331034,0
331035,0
331036,0
331037,0
331038,0
331039,0
331040,0
331041,0
331042,0
331043,0
331044,0
331045,0
331046,0
331047,0
331048,0
331049,0
331050,0
331051,0
331052,0
331053,0
331054,0
331055,0
331056,0
331057,0
331058,0
331059,0
331060,0
331061,0
331062,0
331063,0
331064,0
331065,0
331066,0
331067,0
331068,0
331069,0
331070,0
331071,0
331072,0
331073,0
331074,0
331075,0
331076,0
331077,0
331078,0
331079,0
331080,0
331081,0
331082,0
331083,0
331084,0
331085,0
331086,0
331087,0
331088,0
331089,0
331090,0
331091,0
331092,0
331093,0
331094,0
331095,0
331096,0
331097,0
331098,0
331099,0
331100,0
331101,0
331102,0
331103,0
331104,0
331105,0
331106,0
331107,0
331108,0
331109,0
331110,0
331111,0
331112,0
331113,0
331114,0
331115,0
331116,0
331117,0
331118,0
331119,0
331120,0
331121,0
331122,0
331123,0
331124,0
331125,0
331126,0
331127,0
331128,0
331129,0
331130,0
331131,0
331132,0
331133,0
331134,0
331135,0
331136,0
331137,0
331138,0
331139,0
331140,0
331141,0
331142,0
331143,0
331144,0
331145,0
331146,0
331147,0
331148,0
331149,0
331150,0
331151,0
331152,0
331153,0
331154,0
331155,0
331156,0
331157,0
331158,0
331159,0
331160,0
331161,0
331162,0
331163,0
331164,0
331165,0
331166,0
331167,0
331168,0
331169,0
331170,0
331171,0
331172,0
331173,0
331174,0
331175,0
331176,0
331177,0
331178,0
331179,0
331180,0
331181,0
331182,0
331183,0
331184,0
331185,0
331186,0
331187,0
331188,0
331189,0
331190,0
331191,0
331192,0
331193,0
331194,0
331195,0
331196,0
331197,0
331198,0
331199,0
331200,0
331201,0
331202,0
331203,0
331204,0
331205,0
331206,0
331207,0
331208,0
331209,0
331210,0
331211,0
331212,0
331213,0
331214,0
331215,0
331216,0
331217,0
331218,0
331219,0
331220,0
331221,0
331222,0
331223,0
331224,0
331225,0
331226,0
331227,0
331228,0
331229,0
331230,0
331231,0
331232,0
331233,0
331234,0
331235,0
331236,0
331237,0
331238,0
331239,0
331240,0
331241,0
331242,0
331243,0
331244,0
331245,0
331246,0
331247,0
331248,0
331249,0
331250,0
331251,0
331252,0
331253,0
331254,0
331255,0
331256,0
331257,0
331258,0
331259,0
331260,0
331261,0
331262,0
331263,0
331264,0
331265,0
331266,0
331267,0
331268,0
331269,0
331270,0
331271,0
331272,0
331273,0
331274,0
331275,0
331276,0
331277,0
331278,0
331279,0
331280,0
331281,0
331282,0
331283,0
331284,0
331285,0
331286,0
331287,0
331288,0
331289,0
331290,0
331291,0
331292,0
331293,0
331294,0
331295,0
331296,0
331297,0
331298,0
331299,0
331300,0
331301,0
331302,0
331303,0
331304,0
331305,0
331306,0
331307,0
331308,0
331309,0
331310,0
331311,0
331312,0
331313,0
331314,0
331315,0
331316,0
331317,0
331318,0
331319,0
331320,0
331321,0
331322,0
331323,0
331324,0
331325,0
331326,0
331327,0
331328,0
331329,0
331330,0
331331,0
331332,0
331333,0
331334,0
331335,0
331336,0
331337,0
331338,0
331339,0
331340,0
331341,0
331342,0
331343,0
331344,0
331345,0
331346,0
331347,0
331348,0
331349,0
331350,0
331351,0
331352,0
331353,0
331354,0
331355,0
331356,0
331357,0
331358,0
331359,0
331360,0
331361,0
331362,0
331363,0
331364,0
331365,0
331366,0
331367,0
331368,0
331369,0
331370,0
331371,0
331372,0
331373,0
331374,0
331375,0
331376,0
331377,0
331378,0
331379,0
331380,0
331381,0
331382,0
331383,0
331384,0
331385,0
331386,0
331387,0
331388,0
331389,0
331390,0
331391,0
331392,0
331393,0
331394,0
331395,0
331396,0
331397,0
331398,0
331399,0
331400,0
331401,0
331402,0
331403,0
331404,0
331405,0
331406,0
331407,0
331408,0
331409,0
331410,0
331411,0
331412,0
331413,0
331414,0
331415,0
331416,0
331417,0
331418,0
331419,0
331420,0
331421,0
331422,0
331423,0
331424,0
331425,0
331426,0
331427,0
331428,0
331429,0
331430,0
331431,0
331432,0
331433,0
331434,0
331435,0
331436,0
331437,0
331438,0
331439,0
331440,0
331441,0
331442,0
331443,0
331444,0
331445,0
331446,0
331447,0
331448,0
331449,0
331450,0
331451,0
331452,0
331453,0
331454,0
331455,0
331456,0
331457,0
331458,0
331459,0
331460,0
331461,0
331462,0
331463,0
331464,0
331465,0
331466,0
331467,0
331468,0
331469,0
331470,0
331471,0
331472,0
331473,0
331474,0
331475,0
331476,0
331477,0
331478,0
331479,0
331480,0
331481,0
331482,0
331483,0
331484,0
331485,0
331486,0
331487,0
331488,0
331489,0
331490,0
331491,0
331492,0
331493,0
331494,0
331495,0
331496,0
331497,0
331498,0
331499,0
331500,0
331501,0
331502,0
331503,0
331504,0
331505,0
331506,0
331507,0
331508,0
331509,0
331510,0
331511,0
331512,0
331513,0
331514,0
331515,0
331516,0
331517,0
331518,0
331519,0
331520,0
331521,0
331522,0
331523,0
331524,0
331525,0
331526,0
331527,0
331528,0
331529,0
331530,0
331531,0
331532,0
331533,0
331534,0
331535,0
331536,0
331537,0
331538,0
331539,0
331540,0
331541,0
331542,0
331543,0
331544,0
331545,0
331546,0
331547,0
331548,0
331549,0
331550,0
331551,0
331552,0
331553,0
331554,0
331555,0
331556,0
331557,0
331558,0
331559,0
331560,0
331561,0
331562,0
331563,0
331564,0
331565,0
331566,0
331567,0
331568,0
331569,0
331570,0
331571,0
331572,0
331573,0
331574,0
331575,0
331576,0
331577,0
331578,0
331579,0
331580,0
331581,0
331582,0
331583,0
331584,0
331585,0
331586,0
331587,0
331588,0
331589,0
331590,0
331591,0
331592,0
331593,0
331594,0
331595,0
331596,0
331597,0
331598,0
331599,0
331600,0
331601,0
331602,0
331603,0
331604,0
331605,0
331606,0
331607,0
331608,0
331609,0
331610,0
331611,0
331612,0
331613,0
331614,0
331615,0
331616,0
331617,0
331618,0
331619,0
331620,0
331621,0
331622,0
331623,0
331624,0
331625,0
331626,0
331627,0
331628,0
331629,0
331630,0
331631,0
331632,0
331633,0
331634,0
331635,0
331636,0
331637,0
331638,0
331639,0
331640,0
331641,0
331642,0
331643,0
331644,0
331645,0
331646,0
331647,0
331648,0
331649,0
331650,0
331651,0
331652,0
331653,0
331654,0
331655,0
331656,0
331657,0
331658,0
331659,0
331660,0
331661,0
331662,0
331663,0
331664,0
331665,0
331666,0
331667,0
331668,0
331669,0
331670,0
331671,0
331672,0
331673,0
331674,0
331675,0
331676,0
331677,0
331678,0
331679,0
331680,0
331681,0
331682,0
331683,0
331684,0
331685,0
331686,0
331687,0
331688,0
331689,0
331690,0
331691,0
331692,0
331693,0
331694,0
331695,0
331696,0
331697,0
331698,0
331699,0
331700,0
331701,0
331702,0
331703,0
331704,0
331705,0
331706,0
331707,0
331708,0
331709,0
331710,0
331711,0
331712,0
331713,0
331714,0
331715,0
331716,0
331717,0
331718,0
331719,0
331720,0
331721,0
331722,0
331723,0
331724,0
331725,0
331726,0
331727,0
331728,0
331729,0
331730,0
331731,0
331732,0
331733,0
331734,0
331735,0
331736,0
331737,0
331738,0
331739,0
331740,0
331741,0
331742,0
331743,0
331744,0
331745,0
331746,0
331747,0
331748,0
331749,0
331750,0
331751,0
331752,0
331753,0
331754,0
331755,0
331756,0
331757,0
331758,0
331759,0
331760,0
331761,0
331762,0
331763,0
331764,0
331765,0
331766,0
331767,0
331768,0
331769,0
331770,0
331771,0
331772,0
331773,0
331774,0
331775,0
331776,0
331777,0
331778,0
331779,0
331780,0
331781,0
331782,0
331783,0
331784,0
331785,0
331786,0
331787,0
331788,0
331789,0
331790,0
331791,0
331792,0
331793,0
331794,0
331795,0
331796,0
331797,0
331798,0
331799,0
331800,0
331801,0
331802,0
331803,0
331804,0
331805,0
331806,0
331807,0
331808,0
331809,0
331810,0
331811,0
331812,0
331813,0
331814,0
331815,0
331816,0
331817,0
331818,0
331819,0
331820,0
331821,0
331822,0
331823,0
331824,0
331825,0
331826,0
331827,0
331828,0
331829,0
331830,0
331831,0
331832,0
331833,0
331834,0
331835,0
331836,0
331837,0
331838,0
331839,0
331840,0
331841,0
331842,0
331843,0
331844,0
331845,0
331846,0
331847,0
331848,0
331849,0
331850,0
331851,0
331852,0
331853,0
331854,0
331855,0
331856,0
331857,0
331858,0
331859,0
331860,0
331861,0
331862,0
331863,0
331864,0
331865,0
331866,0
331867,0
331868,0
331869,0
331870,0
331871,0
331872,0
331873,0
331874,0
331875,0
331876,0
331877,0
331878,0
331879,0
331880,0
331881,0
331882,0
331883,0
331884,0
331885,0
331886,0
331887,0
331888,0
331889,0
331890,0
331891,0
331892,0
331893,0
331894,0
331895,0
331896,0
331897,0
331898,0
331899,0
331900,0
331901,0
331902,0
331903,0
331904,0
331905,0
331906,0
331907,0
331908,0
331909,0
331910,0
331911,0
331912,0
331913,0
331914,0
331915,0
331916,0
331917,0
331918,0
331919,0
331920,0
331921,0
331922,0
331923,0
331924,0
331925,0
331926,0
331927,0
331928,0
331929,0
331930,0
331931,0
331932,0
331933,0
331934,0
331935,0
331936,0
331937,0
331938,0
331939,0
331940,0
331941,0
331942,0
331943,0
331944,0
331945,0
331946,0
331947,0
331948,0
331949,0
331950,0
331951,0
331952,0
331953,0
331954,0
331955,0
331956,0
331957,0
331958,0
331959,0
331960,0
331961,0
331962,0
331963,0
331964,0
331965,0
331966,0
331967,0
331968,0
331969,0
331970,0
331971,0
331972,0
331973,0
331974,0
331975,0
331976,0
331977,0
331978,0
331979,0
331980,0
331981,0
331982,0
331983,0
331984,0
331985,0
331986,0
331987,0
331988,0
331989,0
331990,0
331991,0
331992,0
331993,0
331994,0
331995,0
331996,0
331997,0
331998,0
331999,0
332000,0
332001,0
332002,0
332003,0
332004,0
332005,0
332006,0
332007,0
332008,0
332009,0
332010,0
332011,0
332012,0
332013,0
332014,0
332015,0
332016,0
332017,0
332018,0
332019,0
332020,0
332021,0
332022,0
332023,0
332024,0
332025,0
332026,0
332027,0
332028,0
332029,0
332030,0
332031,0
332032,0
332033,0
332034,0
332035,0
332036,0
332037,0
332038,0
332039,0
332040,0
332041,0
332042,0
332043,0
332044,0
332045,0
332046,0
332047,0
332048,0
332049,0
332050,0
332051,0
332052,0
332053,0
332054,0
332055,0
332056,0
332057,0
332058,0
332059,0
332060,0
332061,0
332062,0
332063,0
332064,0
332065,0
332066,0
332067,0
332068,0
332069,0
332070,0
332071,0
332072,0
332073,0
332074,0
332075,0
332076,0
332077,0
332078,0
332079,0
332080,0
332081,0
332082,0
332083,0
332084,0
332085,0
332086,0
332087,0
332088,0
332089,0
332090,0
332091,0
332092,0
332093,0
332094,0
332095,0
332096,0
332097,0
332098,0
332099,0
332100,0
332101,0
332102,0
332103,0
332104,0
332105,0
332106,0
332107,0
332108,0
332109,0
332110,0
332111,0
332112,0
332113,0
332114,0
332115,0
332116,0
332117,0
332118,0
332119,0
332120,0
332121,0
332122,0
332123,0
332124,0
332125,0
332126,0
332127,0
332128,0
332129,0
332130,0
332131,0
332132,0
332133,0
332134,0
332135,0
332136,0
332137,0
332138,0
332139,0
332140,0
332141,0
332142,0
332143,0
332144,0
332145,0
332146,0
332147,0
332148,0
332149,0
332150,0
332151,0
332152,0
332153,0
332154,0
332155,0
332156,0
332157,0
332158,0
332159,0
332160,0
332161,0
332162,0
332163,0
332164,0
332165,0
332166,0
332167,0
332168,0
332169,0
332170,0
332171,0
332172,0
332173,0
332174,0
332175,0
332176,0
332177,0
332178,0
332179,0
332180,0
332181,0
332182,0
332183,0
332184,0
332185,0
332186,0
332187,0
332188,0
332189,0
332190,0
332191,0
332192,0
332193,0
332194,0
332195,0
332196,0
332197,0
332198,0
332199,0
332200,0
332201,0
332202,0
332203,0
332204,0
332205,0
332206,0
332207,0
332208,0
332209,0
332210,0
332211,0
332212,0
332213,0
332214,0
332215,0
332216,0
332217,0
332218,0
332219,0
332220,0
332221,0
332222,0
332223,0
332224,0
332225,0
332226,0
332227,0
332228,0
332229,0
332230,0
332231,0
332232,0
332233,0
332234,0
332235,0
332236,0
332237,0
332238,0
332239,0
332240,0
332241,0
332242,0
332243,0
332244,0
332245,0
332246,0
332247,0
332248,0
332249,0
332250,0
332251,0
332252,0
332253,0
332254,0
332255,0
332256,0
332257,0
332258,0
332259,0
332260,0
332261,0
332262,0
332263,0
332264,0
332265,0
332266,0
332267,0
332268,0
332269,0
332270,0
332271,0
332272,0
332273,0
332274,0
332275,0
332276,0
332277,0
332278,0
332279,0
332280,0
332281,0
332282,0
332283,0
332284,0
332285,0
332286,0
332287,0
332288,0
332289,0
332290,0
332291,0
332292,0
332293,0
332294,0
332295,0
332296,0
332297,0
332298,0
332299,0
332300,0
332301,0
332302,0
332303,0
332304,0
332305,0
332306,0
332307,0
332308,0
332309,0
332310,0
332311,0
332312,0
332313,0
332314,0
332315,0
332316,0
332317,0
332318,0
332319,0
332320,0
332321,0
332322,0
332323,0
332324,0
332325,0
332326,0
332327,0
332328,0
332329,0
332330,0
332331,0
332332,0
332333,0
332334,0
332335,0
332336,0
332337,0
332338,0
332339,0
332340,0
332341,0
332342,0
332343,0
332344,0
332345,0
332346,0
332347,0
332348,0
332349,0
332350,0
332351,0
332352,0
332353,0
332354,0
332355,0
332356,0
332357,0
332358,0
332359,0
332360,0
332361,0
332362,0
332363,0
332364,0
332365,0
332366,0
332367,0
332368,0
332369,0
332370,0
332371,0
332372,0
332373,0
332374,0
332375,0
332376,0
332377,0
332378,0
332379,0
332380,0
332381,0
332382,0
332383,0
332384,0
332385,0
332386,0
332387,0
332388,0
332389,0
332390,0
332391,0
332392,0
332393,0
332394,0
332395,0
332396,0
332397,0
332398,0
332399,0
332400,0
332401,0
332402,0
332403,0
332404,0
332405,0
332406,0
332407,0
332408,0
332409,0
332410,0
332411,0
332412,0
332413,0
332414,0
332415,0
332416,0
332417,0
332418,0
332419,0
332420,0
332421,0
332422,0
332423,0
332424,0
332425,0
332426,0
332427,0
332428,0
332429,0
332430,0
332431,0
332432,0
332433,0
332434,0
332435,0
332436,0
332437,0
332438,0
332439,0
332440,0
332441,0
332442,0
332443,0
332444,0
332445,0
332446,0
332447,0
332448,0
332449,0
332450,0
332451,0
332452,0
332453,0
332454,0
332455,0
332456,0
332457,0
332458,0
332459,0
332460,0
332461,0
332462,0
332463,0
332464,0
332465,0
332466,0
332467,0
332468,0
332469,0
332470,0
332471,0
332472,0
332473,0
332474,0
332475,0
332476,0
332477,0
332478,0
332479,0
332480,0
332481,0
332482,0
332483,0
332484,0
332485,0
332486,0
332487,0
332488,0
332489,0
332490,0
332491,0
332492,0
332493,0
332494,0
332495,0
332496,0
332497,0
332498,0
332499,0
332500,0
332501,0
332502,0
332503,0
332504,0
332505,0
332506,0
332507,0
332508,0
332509,0
332510,0
332511,0
332512,0
332513,0
332514,0
332515,0
332516,0
332517,0
332518,0
332519,0
332520,0
332521,0
332522,0
332523,0
332524,0
332525,0
332526,0
332527,0
332528,0
332529,0
332530,0
332531,0
332532,0
332533,0
332534,0
332535,0
332536,0
332537,0
332538,0
332539,0
332540,0
332541,0
332542,0
332543,0
332544,0
332545,0
332546,0
332547,0
332548,0
332549,0
332550,0
332551,0
332552,0
332553,0
332554,0
332555,0
332556,0
332557,0
332558,0
332559,0
332560,0
332561,0
332562,0
332563,0
332564,0
332565,0
332566,0
332567,0
332568,0
332569,0
332570,0
332571,0
332572,0
332573,0
332574,0
332575,0
332576,0
332577,0
332578,0
332579,0
332580,0
332581,0
332582,0
332583,0
332584,0
332585,0
332586,0
332587,0
332588,0
332589,0
332590,0
332591,0
332592,0
332593,0
332594,0
332595,0
332596,0
332597,0
332598,0
332599,0
332600,0
332601,0
332602,0
332603,0
332604,0
332605,0
332606,0
332607,0
332608,0
332609,0
332610,0
332611,0
332612,0
332613,0
332614,0
332615,0
332616,0
332617,0
332618,0
332619,0
332620,0
332621,0
332622,0
332623,0
332624,0
332625,0
332626,0
332627,0
332628,0
332629,0
332630,0
332631,0
332632,0
332633,0
332634,0
332635,0
332636,0
332637,0
332638,0
332639,0
332640,0
332641,0
332642,0
332643,0
332644,0
332645,0
332646,0
332647,0
332648,0
332649,0
332650,0
332651,0
332652,0
332653,0
332654,0
332655,0
332656,0
332657,0
332658,0
332659,0
332660,0
332661,0
332662,0
332663,0
332664,0
332665,0
332666,0
332667,0
332668,0
332669,0
332670,0
332671,0
332672,0
332673,0
332674,0
332675,0
332676,0
332677,0
332678,0
332679,0
332680,0
332681,0
332682,0
332683,0
332684,0
332685,0
332686,0
332687,0
332688,0
332689,0
332690,0
332691,0
332692,0
332693,0
332694,0
332695,0
332696,0
332697,0
332698,0
332699,0
332700,0
332701,0
332702,0
332703,0
332704,0
332705,0
332706,0
332707,0
332708,0
332709,0
332710,0
332711,0
332712,0
332713,0
332714,0
332715,0
332716,0
332717,0
332718,0
332719,0
332720,0
332721,0
332722,0
332723,0
332724,0
332725,0
332726,0
332727,0
332728,0
332729,0
332730,0
332731,0
332732,0
332733,0
332734,0
332735,0
332736,0
332737,0
332738,0
332739,0
332740,0
332741,0
332742,0
332743,0
332744,0
332745,0
332746,0
332747,0
332748,0
332749,0
332750,0
332751,0
332752,0
332753,0
332754,0
332755,0
332756,0
332757,0
332758,0
332759,0
332760,0
332761,0
332762,0
332763,0
332764,0
332765,0
332766,0
332767,0
332768,0
332769,0
332770,0
332771,0
332772,0
332773,0
332774,0
332775,0
332776,0
332777,0
332778,0
332779,0
332780,0
332781,0
332782,0
332783,0
332784,0
332785,0
332786,0
332787,0
332788,0
332789,0
332790,0
332791,0
332792,0
332793,0
332794,0
332795,0
332796,0
332797,0
332798,0
332799,0
332800,0
332801,0
332802,0
332803,0
332804,0
332805,0
332806,0
332807,0
332808,0
332809,0
332810,0
332811,0
332812,0
332813,0
332814,0
332815,0
332816,0
332817,0
332818,0
332819,0
332820,0
332821,0
332822,0
332823,0
332824,0
332825,0
332826,0
332827,0
332828,0
332829,0
332830,0
332831,0
332832,0
332833,0
332834,0
332835,0
332836,0
332837,0
332838,0
332839,0
332840,0
332841,0
332842,0
332843,0
332844,0
332845,0
332846,0
332847,0
332848,0
332849,0
332850,0
332851,0
332852,0
332853,0
332854,0
332855,0
332856,0
332857,0
332858,0
332859,0
332860,0
332861,0
332862,0
332863,0
332864,0
332865,0
332866,0
332867,0
332868,0
332869,0
332870,0
332871,0
332872,0
332873,0
332874,0
332875,0
332876,0
332877,0
332878,0
332879,0
332880,0
332881,0
332882,0
332883,0
332884,0
332885,0
332886,0
332887,0
332888,0
332889,0
332890,0
332891,0
332892,0
332893,0
332894,0
332895,0
332896,0
332897,0
332898,0
332899,0
332900,0
332901,0
332902,0
332903,0
332904,0
332905,0
332906,0
332907,0
332908,0
332909,0
332910,0
332911,0
332912,0
332913,0
332914,0
332915,0
332916,0
332917,0
332918,0
332919,0
332920,0
332921,0
332922,0
332923,0
332924,0
332925,0
332926,0
332927,0
332928,0
332929,0
332930,0
332931,0
332932,0
332933,0
332934,0
332935,0
332936,0
332937,0
332938,0
332939,0
332940,0
332941,0
332942,0
332943,0
332944,0
332945,0
332946,0
332947,0
332948,0
332949,0
332950,0
332951,0
332952,0
332953,0
332954,0
332955,0
332956,0
332957,0
332958,0
332959,0
332960,0
332961,0
332962,0
332963,0
332964,0
332965,0
332966,0
332967,0
332968,0
332969,0
332970,0
332971,0
332972,0
332973,0
332974,0
332975,0
332976,0
332977,0
332978,0
332979,0
332980,0
332981,0
332982,0
332983,0
332984,0
332985,0
332986,0
332987,0
332988,0
332989,0
332990,0
332991,0
332992,0
332993,0
332994,0
332995,0
332996,0
332997,0
332998,0
332999,0
333000,0
333001,0
333002,0
333003,0
333004,0
333005,0
333006,0
333007,0
333008,0
333009,0
333010,0
333011,0
333012,0
333013,0
333014,0
333015,0
333016,0
333017,0
333018,0
333019,0
333020,0
333021,0
333022,0
333023,0
333024,0
333025,0
333026,0
333027,0
333028,0
333029,0
333030,0
333031,0
333032,0
333033,0
333034,0
333035,0
333036,0
333037,0
333038,0
333039,0
333040,0
333041,0
333042,0
333043,0
333044,0
333045,0
333046,0
333047,0
333048,0
333049,0
333050,0
333051,0
333052,0
333053,0
333054,0
333055,0
333056,0
333057,0
333058,0
333059,0
333060,0
333061,0
333062,0
333063,0
333064,0
333065,0
333066,0
333067,0
333068,0
333069,0
333070,0
333071,0
333072,0
333073,0
333074,0
333075,0
333076,0
333077,0
333078,0
333079,0
333080,0
333081,0
333082,0
333083,0
333084,0
333085,0
333086,0
333087,0
333088,0
333089,0
333090,0
333091,0
333092,0
333093,0
333094,0
333095,0
333096,0
333097,0
333098,0
333099,0
333100,0
333101,0
333102,0
333103,0
333104,0
333105,0
333106,0
333107,0
333108,0
333109,0
333110,0
333111,0
333112,0
333113,0
333114,0
333115,0
333116,0
333117,0
333118,0
333119,0
333120,0
333121,0
333122,0
333123,0
333124,0
333125,0
333126,0
333127,0
333128,0
333129,0
333130,0
333131,0
333132,0
333133,0
333134,0
333135,0
333136,0
333137,0
333138,0
333139,0
333140,0
333141,0
333142,0
333143,0
333144,0
333145,0
333146,0
333147,0
333148,0
333149,0
333150,0
333151,0
333152,0
333153,0
333154,0
333155,0
333156,0
333157,0
333158,0
333159,0
333160,0
333161,0
333162,0
333163,0
333164,0
333165,0
333166,0
333167,0
333168,0
333169,0
333170,0
333171,0
333172,0
333173,0
333174,0
333175,0
333176,0
333177,0
333178,0
333179,0
333180,0
333181,0
333182,0
333183,0
333184,0
333185,0
333186,0
333187,0
333188,0
333189,0
333190,0
333191,0
333192,0
333193,0
333194,0
333195,0
333196,0
333197,0
333198,0
333199,0
333200,0
333201,0
333202,0
333203,0
333204,0
333205,0
333206,0
333207,0
333208,0
333209,0
333210,0
333211,0
333212,0
333213,0
333214,0
333215,0
333216,0
333217,0
333218,0
333219,0
333220,0
333221,0
333222,0
333223,0
333224,0
333225,0
333226,0
333227,0
333228,0
333229,0
333230,0
333231,0
333232,0
333233,0
333234,0
333235,0
333236,0
333237,0
333238,0
333239,0
333240,0
333241,0
333242,0
333243,0
333244,0
333245,0
333246,0
333247,0
333248,0
333249,0
333250,0
333251,0
333252,0
333253,0
333254,0
333255,0
333256,0
333257,0
333258,0
333259,0
333260,0
333261,0
333262,0
333263,0
333264,0
333265,0
333266,0
333267,0
333268,0
333269,0
333270,0
333271,0
333272,0
333273,0
333274,0
333275,0
333276,0
333277,0
333278,0
333279,0
333280,0
333281,0
333282,0
333283,0
333284,0
333285,0
333286,0
333287,0
333288,0
333289,0
333290,0
333291,0
333292,0
333293,0
333294,0
333295,0
333296,0
333297,0
333298,0
333299,0
333300,0
333301,0
333302,0
333303,0
333304,0
333305,0
333306,0
333307,0
333308,0
333309,0
333310,0
333311,0
333312,0
333313,0
333314,0
333315,0
333316,0
333317,0
333318,0
333319,0
333320,0
333321,0
333322,0
333323,0
333324,0
333325,0
333326,0
333327,0
333328,0
333329,0
333330,0
333331,0
333332,0
333333,0
333334,0
333335,0
333336,0
333337,0
333338,0
333339,0
333340,0
333341,0
333342,0
333343,0
333344,0
333345,0
333346,0
333347,0
333348,0
333349,0
333350,0
333351,0
333352,0
333353,0
333354,0
333355,0
333356,0
333357,0
333358,0
333359,0
333360,0
333361,0
333362,0
333363,0
333364,0
333365,0
333366,0
333367,0
333368,0
333369,0
333370,0
333371,0
333372,0
333373,0
333374,0
333375,0
333376,0
333377,0
333378,0
333379,0
333380,0
333381,0
333382,0
333383,0
333384,0
333385,0
333386,0
333387,0
333388,0
333389,0
333390,0
333391,0
333392,0
333393,0
333394,0
333395,0
333396,0
333397,0
333398,0
333399,0
333400,0
333401,0
333402,0
333403,0
333404,0
333405,0
333406,0
333407,0
333408,0
333409,0
333410,0
333411,0
333412,0
333413,0
333414,0
333415,0
333416,0
333417,0
333418,0
333419,0
333420,0
333421,0
333422,0
333423,0
333424,0
333425,0
333426,0
333427,0
333428,0
333429,0
333430,0
333431,0
333432,0
333433,0
333434,0
333435,0
333436,0
333437,0
333438,0
333439,0
333440,0
333441,0
333442,0
333443,0
333444,0
333445,0
333446,0
333447,0
333448,0
333449,0
333450,0
333451,0
333452,0
333453,0
333454,0
333455,0
333456,0
333457,0
333458,0
333459,0
333460,0
333461,0
333462,0
333463,0
333464,0
333465,0
333466,0
333467,0
333468,0
333469,0
333470,0
333471,0
333472,0
333473,0
333474,0
333475,0
333476,0
333477,0
333478,0
333479,0
333480,0
333481,0
333482,0
333483,0
333484,0
333485,0
333486,0
333487,0
333488,0
333489,0
333490,0
333491,0
333492,0
333493,0
333494,0
333495,0
333496,0
333497,0
333498,0
333499,0
333500,0
333501,0
333502,0
333503,0
333504,0
333505,0
333506,0
333507,0
333508,0
333509,0
333510,0
333511,0
333512,0
333513,0
333514,0
333515,0
333516,0
333517,0
333518,0
333519,0
333520,0
333521,0
333522,0
333523,0
333524,0
333525,0
333526,0
333527,0
333528,0
333529,0
333530,0
333531,0
333532,0
333533,0
333534,0
333535,0
333536,0
333537,0
333538,0
333539,0
333540,0
333541,0
333542,0
333543,0
333544,0
333545,0
333546,0
333547,0
333548,0
333549,0
333550,0
333551,0
333552,0
333553,0
333554,0
333555,0
333556,0
333557,0
333558,0
333559,0
333560,0
333561,0
333562,0
333563,0
333564,0
333565,0
333566,0
333567,0
333568,0
333569,0
333570,0
333571,0
333572,0
333573,0
333574,0
333575,0
333576,0
333577,0
333578,0
333579,0
333580,0
333581,0
333582,0
333583,0
333584,0
333585,0
333586,0
333587,0
333588,0
333589,0
333590,0
333591,0
333592,0
333593,0
333594,0
333595,0
333596,0
333597,0
333598,0
333599,0
333600,0
333601,0
333602,0
333603,0
333604,0
333605,0
333606,0
333607,0
333608,0
333609,0
333610,0
333611,0
333612,0
333613,0
333614,0
333615,0
333616,0
333617,0
333618,0
333619,0
333620,0
333621,0
333622,0
333623,0
333624,0
333625,0
333626,0
333627,0
333628,0
333629,0
333630,0
333631,0
333632,0
333633,0
333634,0
333635,0
333636,0
333637,0
333638,0
333639,0
333640,0
333641,0
333642,0
333643,0
333644,0
333645,0
333646,0
333647,0
333648,0
333649,0
333650,0
333651,0
333652,0
333653,0
333654,0
333655,0
333656,0
333657,0
333658,0
333659,0
333660,0
333661,0
333662,0
333663,0
333664,0
333665,0
333666,0
333667,0
333668,0
333669,0
333670,0
333671,0
333672,0
333673,0
333674,0
333675,0
333676,0
333677,0
333678,0
333679,0
333680,0
333681,0
333682,0
333683,0
333684,0
333685,0
333686,0
333687,0
333688,0
333689,0
333690,0
333691,0
333692,0
333693,0
333694,0
333695,0
333696,0
333697,0
333698,0
333699,0
333700,0
333701,0
333702,0
333703,0
333704,0
333705,0
333706,0
333707,0
333708,0
333709,0
333710,0
333711,0
333712,0
333713,0
333714,0
333715,0
333716,0
333717,0
333718,0
333719,0
333720,0
333721,0
333722,0
333723,0
333724,0
333725,0
333726,0
333727,0
333728,0
333729,0
333730,0
333731,0
333732,0
333733,0
333734,0
333735,0
333736,0
333737,0
333738,0
333739,0
333740,0
333741,0
333742,0
333743,0
333744,0
333745,0
333746,0
333747,0
333748,0
333749,0
333750,0
333751,0
333752,0
333753,0
333754,0
333755,0
333756,0
333757,0
333758,0
333759,0
333760,0
333761,0
333762,0
333763,0
333764,0
333765,0
333766,0
333767,0
333768,0
333769,0
333770,0
333771,0
333772,0
333773,0
333774,0
333775,0
333776,0
333777,0
333778,0
333779,0
333780,0
333781,0
333782,0
333783,0
333784,0
333785,0
333786,0
333787,0
333788,0
333789,0
333790,0
333791,0
333792,0
333793,0
333794,0
333795,0
333796,0
333797,0
333798,0
333799,0
333800,0
333801,0
333802,0
333803,0
333804,0
333805,0
333806,0
333807,0
333808,0
333809,0
333810,0
333811,0
333812,0
333813,0
333814,0
333815,0
333816,0
333817,0
333818,0
333819,0
333820,0
333821,0
333822,0
333823,0
333824,0
333825,0
333826,0
333827,0
333828,0
333829,0
333830,0
333831,0
333832,0
333833,0
333834,0
333835,0
333836,0
333837,0
333838,0
333839,0
333840,0
333841,0
333842,0
333843,0
333844,0
333845,0
333846,0
333847,0
333848,0
333849,0
333850,0
333851,0
333852,0
333853,0
333854,0
333855,0
333856,0
333857,0
333858,0
333859,0
333860,0
333861,0
333862,0
333863,0
333864,0
333865,0
333866,0
333867,0
333868,0
333869,0
333870,0
333871,0
333872,0
333873,0
333874,0
333875,0
333876,0
333877,0
333878,0
333879,0
333880,0
333881,0
333882,0
333883,0
333884,0
333885,0
333886,0
333887,0
333888,0
333889,0
333890,0
333891,0
333892,0
333893,0
333894,0
333895,0
333896,0
333897,0
333898,0
333899,0
333900,0
333901,0
333902,0
333903,0
333904,0
333905,0
333906,0
333907,0
333908,0
333909,0
333910,0
333911,0
333912,0
333913,0
333914,0
333915,0
333916,0
333917,0
333918,0
333919,0
333920,0
333921,0
333922,0
333923,0
333924,0
333925,0
333926,0
333927,0
333928,0
333929,0
333930,0
333931,0
333932,0
333933,0
333934,0
333935,0
333936,0
333937,0
333938,0
333939,0
333940,0
333941,0
333942,0
333943,0
333944,0
333945,0
333946,0
333947,0
333948,0
333949,0
333950,0
333951,0
333952,0
333953,0
333954,0
333955,0
333956,0
333957,0
333958,0
333959,0
333960,0
333961,0
333962,0
333963,0
333964,0
333965,0
333966,0
333967,0
333968,0
333969,0
333970,0
333971,0
333972,0
333973,0
333974,0
333975,0
333976,0
333977,0
333978,0
333979,0
333980,0
333981,0
333982,0
333983,0
333984,0
333985,0
333986,0
333987,0
333988,0
333989,0
333990,0
333991,0
333992,0
333993,0
333994,0
333995,0
333996,0
333997,0
333998,0
333999,0
334000,0
334001,0
334002,0
334003,0
334004,0
334005,0
334006,0
334007,0
334008,0
334009,0
334010,0
334011,0
334012,0
334013,0
334014,0
334015,0
334016,0
334017,0
334018,0
334019,0
334020,0
334021,0
334022,0
334023,0
334024,0
334025,0
334026,0
334027,0
334028,0
334029,0
334030,0
334031,0
334032,0
334033,0
334034,0
334035,0
334036,0
334037,0
334038,0
334039,0
334040,0
334041,0
334042,0
334043,0
334044,0
334045,0
334046,0
334047,0
334048,0
334049,0
334050,0
334051,0
334052,0
334053,0
334054,0
334055,0
334056,0
334057,0
334058,0
334059,0
334060,0
334061,0
334062,0
334063,0
334064,0
334065,0
334066,0
334067,0
334068,0
334069,0
334070,0
334071,0
334072,0
334073,0
334074,0
334075,0
334076,0
334077,0
334078,0
334079,0
334080,0
334081,0
334082,0
334083,0
334084,0
334085,0
334086,0
334087,0
334088,0
334089,0
334090,0
334091,0
334092,0
334093,0
334094,0
334095,0
334096,0
334097,0
334098,0
334099,0
334100,0
334101,0
334102,0
334103,0
334104,0
334105,0
334106,0
334107,0
334108,0
334109,0
334110,0
334111,0
334112,0
334113,0
334114,0
334115,0
334116,0
334117,0
334118,0
334119,0
334120,0
334121,0
334122,0
334123,0
334124,0
334125,0
334126,0
334127,0
334128,0
334129,0
334130,0
334131,0
334132,0
334133,0
334134,0
334135,0
334136,0
334137,0
334138,0
334139,0
334140,0
334141,0
334142,0
334143,0
334144,0
334145,0
334146,0
334147,0
334148,0
334149,0
334150,0
334151,0
334152,0
334153,0
334154,0
334155,0
334156,0
334157,0
334158,0
334159,0
334160,0
334161,0
334162,0
334163,0
334164,0
334165,0
334166,0
334167,0
334168,0
334169,0
334170,0
334171,0
334172,0
334173,0
334174,0
334175,0
334176,0
334177,0
334178,0
334179,0
334180,0
334181,0
334182,0
334183,0
334184,0
334185,0
334186,0
334187,0
334188,0
334189,0
334190,0
334191,0
334192,0
334193,0
334194,0
334195,0
334196,0
334197,0
334198,0
334199,0
334200,0
334201,0
334202,0
334203,0
334204,0
334205,0
334206,0
334207,0
334208,0
334209,0
334210,0
334211,0
334212,0
334213,0
334214,0
334215,0
334216,0
334217,0
334218,0
334219,0
334220,0
334221,0
334222,0
334223,0
334224,0
334225,0
334226,0
334227,0
334228,0
334229,0
334230,0
334231,0
334232,0
334233,0
334234,0
334235,0
334236,0
334237,0
334238,0
334239,0
334240,0
334241,0
334242,0
334243,0
334244,0
334245,0
334246,0
334247,0
334248,0
334249,0
334250,0
334251,0
334252,0
334253,0
334254,0
334255,0
334256,0
334257,0
334258,0
334259,0
334260,0
334261,0
334262,0
334263,0
334264,0
334265,0
334266,0
334267,0
334268,0
334269,0
334270,0
334271,0
334272,0
334273,0
334274,0
334275,0
334276,0
334277,0
334278,0
334279,0
334280,0
334281,0
334282,0
334283,0
334284,0
334285,0
334286,0
334287,0
334288,0
334289,0
334290,0
334291,0
334292,0
334293,0
334294,0
334295,0
334296,0
334297,0
334298,0
334299,0
334300,0
334301,0
334302,0
334303,0
334304,0
334305,0
334306,0
334307,0
334308,0
334309,0
334310,0
334311,0
334312,0
334313,0
334314,0
334315,0
334316,0
334317,0
334318,0
334319,0
334320,0
334321,0
334322,0
334323,0
334324,0
334325,0
334326,0
334327,0
334328,0
334329,0
334330,0
334331,0
334332,0
334333,0
334334,0
334335,0
334336,0
334337,0
334338,0
334339,0
334340,0
334341,0
334342,0
334343,0
334344,0
334345,0
334346,0
334347,0
334348,0
334349,0
334350,0
334351,0
334352,0
334353,0
334354,0
334355,0
334356,0
334357,0
334358,0
334359,0
334360,0
334361,0
334362,0
334363,0
334364,0
334365,0
334366,0
334367,0
334368,0
334369,0
334370,0
334371,0
334372,0
334373,0
334374,0
334375,0
334376,0
334377,0
334378,0
334379,0
334380,0
334381,0
334382,0
334383,0
334384,0
334385,0
334386,0
334387,0
334388,0
334389,0
334390,0
334391,0
334392,0
334393,0
334394,0
334395,0
334396,0
334397,0
334398,0
334399,0
334400,0
334401,0
334402,0
334403,0
334404,0
334405,0
334406,0
334407,0
334408,0
334409,0
334410,0
334411,0
334412,0
334413,0
334414,0
334415,0
334416,0
334417,0
334418,0
334419,0
334420,0
334421,0
334422,0
334423,0
334424,0
334425,0
334426,0
334427,0
334428,0
334429,0
334430,0
334431,0
334432,0
334433,0
334434,0
334435,0
334436,0
334437,0
334438,0
334439,0
334440,0
334441,0
334442,0
334443,0
334444,0
334445,0
334446,0
334447,0
334448,0
334449,0
334450,0
334451,0
334452,0
334453,0
334454,0
334455,0
334456,0
334457,0
334458,0
334459,0
334460,0
334461,0
334462,0
334463,0
334464,0
334465,0
334466,0
334467,0
334468,0
334469,0
334470,0
334471,0
334472,0
334473,0
334474,0
334475,0
334476,0
334477,0
334478,0
334479,0
334480,0
334481,0
334482,0
334483,0
334484,0
334485,0
334486,0
334487,0
334488,0
334489,0
334490,0
334491,0
334492,0
334493,0
334494,0
334495,0
334496,0
334497,0
334498,0
334499,0
334500,0
334501,0
334502,0
334503,0
334504,0
334505,0
334506,0
334507,0
334508,0
334509,0
334510,0
334511,0
334512,0
334513,0
334514,0
334515,0
334516,0
334517,0
334518,0
334519,0
334520,0
334521,0
334522,0
334523,0
334524,0
334525,0
334526,0
334527,0
334528,0
334529,0
334530,0
334531,0
334532,0
334533,0
334534,0
334535,0
334536,0
334537,0
334538,0
334539,0
334540,0
334541,0
334542,0
334543,0
334544,0
334545,0
334546,0
334547,0
334548,0
334549,0
334550,0
334551,0
334552,0
334553,0
334554,0
334555,0
334556,0
334557,0
334558,0
334559,0
334560,0
334561,0
334562,0
334563,0
334564,0
334565,0
334566,0
334567,0
334568,0
334569,0
334570,0
334571,0
334572,0
334573,0
334574,0
334575,0
334576,0
334577,0
334578,0
334579,0
334580,0
334581,0
334582,0
334583,0
334584,0
334585,0
334586,0
334587,0
334588,0
334589,0
334590,0
334591,0
334592,0
334593,0
334594,0
334595,0
334596,0
334597,0
334598,0
334599,0
334600,0
334601,0
334602,0
334603,0
334604,0
334605,0
334606,0
334607,0
334608,0
334609,0
334610,0
334611,0
334612,0
334613,0
334614,0
334615,0
334616,0
334617,0
334618,0
334619,0
334620,0
334621,0
334622,0
334623,0
334624,0
334625,0
334626,0
334627,0
334628,0
334629,0
334630,0
334631,0
334632,0
334633,0
334634,0
334635,0
334636,0
334637,0
334638,0
334639,0
334640,0
334641,0
334642,0
334643,0
334644,0
334645,0
334646,0
334647,0
334648,0
334649,0
334650,0
334651,0
334652,0
334653,0
334654,0
334655,0
334656,0
334657,0
334658,0
334659,0
334660,0
334661,0
334662,0
334663,0
334664,0
334665,0
334666,0
334667,0
334668,0
334669,0
334670,0
334671,0
334672,0
334673,0
334674,0
334675,0
334676,0
334677,0
334678,0
334679,0
334680,0
334681,0
334682,0
334683,0
334684,0
334685,0
334686,0
334687,0
334688,0
334689,0
334690,0
334691,0
334692,0
334693,0
334694,0
334695,0
334696,0
334697,0
334698,0
334699,0
334700,0
334701,0
334702,0
334703,0
334704,0
334705,0
334706,0
334707,0
334708,0
334709,0
334710,0
334711,0
334712,0
334713,0
334714,0
334715,0
334716,0
334717,0
334718,0
334719,0
334720,0
334721,0
334722,0
334723,0
334724,0
334725,0
334726,0
334727,0
334728,0
334729,0
334730,0
334731,0
334732,0
334733,0
334734,0
334735,0
334736,0
334737,0
334738,0
334739,0
334740,0
334741,0
334742,0
334743,0
334744,0
334745,0
334746,0
334747,0
334748,0
334749,0
334750,0
334751,0
334752,0
334753,0
334754,0
334755,0
334756,0
334757,0
334758,0
334759,0
334760,0
334761,0
334762,0
334763,0
334764,0
334765,0
334766,0
334767,0
334768,0
334769,0
334770,0
334771,0
334772,0
334773,0
334774,0
334775,0
334776,0
334777,0
334778,0
334779,0
334780,0
334781,0
334782,0
334783,0
334784,0
334785,0
334786,0
334787,0
334788,0
334789,0
334790,0
334791,0
334792,0
334793,0
334794,0
334795,0
334796,0
334797,0
334798,0
334799,0
334800,0
334801,0
334802,0
334803,0
334804,0
334805,0
334806,0
334807,0
334808,0
334809,0
334810,0
334811,0
334812,0
334813,0
334814,0
334815,0
334816,0
334817,0
334818,0
334819,0
334820,0
334821,0
334822,0
334823,0
334824,0
334825,0
334826,0
334827,0
334828,0
334829,0
334830,0
334831,0
334832,0
334833,0
334834,0
334835,0
334836,0
334837,0
334838,0
334839,0
334840,0
334841,0
334842,0
334843,0
334844,0
334845,0
334846,0
334847,0
334848,0
334849,0
334850,0
334851,0
334852,0
334853,0
334854,0
334855,0
334856,0
334857,0
334858,0
334859,0
334860,0
334861,0
334862,0
334863,0
334864,0
334865,0
334866,0
334867,0
334868,0
334869,0
334870,0
334871,0
334872,0
334873,0
334874,0
334875,0
334876,0
334877,0
334878,0
334879,0
334880,0
334881,0
334882,0
334883,0
334884,0
334885,0
334886,0
334887,0
334888,0
334889,0
334890,0
334891,0
334892,0
334893,0
334894,0
334895,0
334896,0
334897,0
334898,0
334899,0
334900,0
334901,0
334902,0
334903,0
334904,0
334905,0
334906,0
334907,0
334908,0
334909,0
334910,0
334911,0
334912,0
334913,0
334914,0
334915,0
334916,0
334917,0
334918,0
334919,0
334920,0
334921,0
334922,0
334923,0
334924,0
334925,0
334926,0
334927,0
334928,0
334929,0
334930,0
334931,0
334932,0
334933,0
334934,0
334935,0
334936,0
334937,0
334938,0
334939,0
334940,0
334941,0
334942,0
334943,0
334944,0
334945,0
334946,0
334947,0
334948,0
334949,0
334950,0
334951,0
334952,0
334953,0
334954,0
334955,0
334956,0
334957,0
334958,0
334959,0
334960,0
334961,0
334962,0
334963,0
334964,0
334965,0
334966,0
334967,0
334968,0
334969,0
334970,0
334971,0
334972,0
334973,0
334974,0
334975,0
334976,0
334977,0
334978,0
334979,0
334980,0
334981,0
334982,0
334983,0
334984,0
334985,0
334986,0
334987,0
334988,0
334989,0
334990,0
334991,0
334992,0
334993,0
334994,0
334995,0
334996,0
334997,0
334998,0
334999,0
335000,0
335001,0
335002,0
335003,0
335004,0
335005,0
335006,0
335007,0
335008,0
335009,0
335010,0
335011,0
335012,0
335013,0
335014,0
335015,0
335016,0
335017,0
335018,0
335019,0
335020,0
335021,0
335022,0
335023,0
335024,0
335025,0
335026,0
335027,0
335028,0
335029,0
335030,0
335031,0
335032,0
335033,0
335034,0
335035,0
335036,0
335037,0
335038,0
335039,0
335040,0
335041,0
335042,0
335043,0
335044,0
335045,0
335046,0
335047,0
335048,0
335049,0
335050,0
335051,0
335052,0
335053,0
335054,0
335055,0
335056,0
335057,0
335058,0
335059,0
335060,0
335061,0
335062,0
335063,0
335064,0
335065,0
335066,0
335067,0
335068,0
335069,0
335070,0
335071,0
335072,0
335073,0
335074,0
335075,0
335076,0
335077,0
335078,0
335079,0
335080,0
335081,0
335082,0
335083,0
335084,0
335085,0
335086,0
335087,0
335088,0
335089,0
335090,0
335091,0
335092,0
335093,0
335094,0
335095,0
335096,0
335097,0
335098,0
335099,0
335100,0
335101,0
335102,0
335103,0
335104,0
335105,0
335106,0
335107,0
335108,0
335109,0
335110,0
335111,0
335112,0
335113,0
335114,0
335115,0
335116,0
335117,0
335118,0
335119,0
335120,0
335121,0
335122,0
335123,0
335124,0
335125,0
335126,0
335127,0
335128,0
335129,0
335130,0
335131,0
335132,0
335133,0
335134,0
335135,0
335136,0
335137,0
335138,0
335139,0
335140,0
335141,0
335142,0
335143,0
335144,0
335145,0
335146,0
335147,0
335148,0
335149,0
335150,0
335151,0
335152,0
335153,0
335154,0
335155,0
335156,0
335157,0
335158,0
335159,0
335160,0
335161,0
335162,0
335163,0
335164,0
335165,0
335166,0
335167,0
335168,0
335169,0
335170,0
335171,0
335172,0
335173,0
335174,0
335175,0
335176,0
335177,0
335178,0
335179,0
335180,0
335181,0
335182,0
335183,0
335184,0
335185,0
335186,0
335187,0
335188,0
335189,0
335190,0
335191,0
335192,0
335193,0
335194,0
335195,0
335196,0
335197,0
335198,0
335199,0
335200,0
335201,0
335202,0
335203,0
335204,0
335205,0
335206,0
335207,0
335208,0
335209,0
335210,0
335211,0
335212,0
335213,0
335214,0
335215,0
335216,0
335217,0
335218,0
335219,0
335220,0
335221,0
335222,0
335223,0
335224,0
335225,0
335226,0
335227,0
335228,0
335229,0
335230,0
335231,0
335232,0
335233,0
335234,0
335235,0
335236,0
335237,0
335238,0
335239,0
335240,0
335241,0
335242,0
335243,0
335244,0
335245,0
335246,0
335247,0
335248,0
335249,0
335250,0
335251,0
335252,0
335253,0
335254,0
335255,0
335256,0
335257,0
335258,0
335259,0
335260,0
335261,0
335262,0
335263,0
335264,0
335265,0
335266,0
335267,0
335268,0
335269,0
335270,0
335271,0
335272,0
335273,0
335274,0
335275,0
335276,0
335277,0
335278,0
335279,0
335280,0
335281,0
335282,0
335283,0
335284,0
335285,0
335286,0
335287,0
335288,0
335289,0
335290,0
335291,0
335292,0
335293,0
335294,0
335295,0
335296,0
335297,0
335298,0
335299,0
335300,0
335301,0
335302,0
335303,0
335304,0
335305,0
335306,0
335307,0
335308,0
335309,0
335310,0
335311,0
335312,0
335313,0
335314,0
335315,0
335316,0
335317,0
335318,0
335319,0
335320,0
335321,0
335322,0
335323,0
335324,0
335325,0
335326,0
335327,0
335328,0
335329,0
335330,0
335331,0
335332,0
335333,0
335334,0
335335,0
335336,0
335337,0
335338,0
335339,0
335340,0
335341,0
335342,0
335343,0
335344,0
335345,0
335346,0
335347,0
335348,0
335349,0
335350,0
335351,0
335352,0
335353,0
335354,0
335355,0
335356,0
335357,0
335358,0
335359,0
335360,0
335361,0
335362,0
335363,0
335364,0
335365,0
335366,0
335367,0
335368,0
335369,0
335370,0
335371,0
335372,0
335373,0
335374,0
335375,0
335376,0
335377,0
335378,0
335379,0
335380,0
335381,0
335382,0
335383,0
335384,0
335385,0
335386,0
335387,0
335388,0
335389,0
335390,0
335391,0
335392,0
335393,0
335394,0
335395,0
335396,0
335397,0
335398,0
335399,0
335400,0
335401,0
335402,0
335403,0
335404,0
335405,0
335406,0
335407,0
335408,0
335409,0
335410,0
335411,0
335412,0
335413,0
335414,0
335415,0
335416,0
335417,0
335418,0
335419,0
335420,0
335421,0
335422,0
335423,0
335424,0
335425,0
335426,0
335427,0
335428,0
335429,0
335430,0
335431,0
335432,0
335433,0
335434,0
335435,0
335436,0
335437,0
335438,0
335439,0
335440,0
335441,0
335442,0
335443,0
335444,0
335445,0
335446,0
335447,0
335448,0
335449,0
335450,0
335451,0
335452,0
335453,0
335454,0
335455,0
335456,0
335457,0
335458,0
335459,0
335460,0
335461,0
335462,0
335463,0
335464,0
335465,0
335466,0
335467,0
335468,0
335469,0
335470,0
335471,0
335472,0
335473,0
335474,0
335475,0
335476,0
335477,0
335478,0
335479,0
335480,0
335481,0
335482,0
335483,0
335484,0
335485,0
335486,0
335487,0
335488,0
335489,0
335490,0
335491,0
335492,0
335493,0
335494,0
335495,0
335496,0
335497,0
335498,0
335499,0
335500,0
335501,0
335502,0
335503,0
335504,0
335505,0
335506,0
335507,0
335508,0
335509,0
335510,0
335511,0
335512,0
335513,0
335514,0
335515,0
335516,0
335517,0
335518,0
335519,0
335520,0
335521,0
335522,0
335523,0
335524,0
335525,0
335526,0
335527,0
335528,0
335529,0
335530,0
335531,0
335532,0
335533,0
335534,0
335535,0
335536,0
335537,0
335538,0
335539,0
335540,0
335541,0
335542,0
335543,0
335544,0
335545,0
335546,0
335547,0
335548,0
335549,0
335550,0
335551,0
335552,0
335553,0
335554,0
335555,0
335556,0
335557,0
335558,0
335559,0
335560,0
335561,0
335562,0
335563,0
335564,0
335565,0
335566,0
335567,0
335568,0
335569,0
335570,0
335571,0
335572,0
335573,0
335574,0
335575,0
335576,0
335577,0
335578,0
335579,0
335580,0
335581,0
335582,0
335583,0
335584,0
335585,0
335586,0
335587,0
335588,0
335589,0
335590,0
335591,0
335592,0
335593,0
335594,0
335595,0
335596,0
335597,0
335598,0
335599,0
335600,0
335601,0
335602,0
335603,0
335604,0
335605,0
335606,0
335607,0
335608,0
335609,0
335610,0
335611,0
335612,0
335613,0
335614,0
335615,0
335616,0
335617,0
335618,0
335619,0
335620,0
335621,0
335622,0
335623,0
335624,0
335625,0
335626,0
335627,0
335628,0
335629,0
335630,0
335631,0
335632,0
335633,0
335634,0
335635,0
335636,0
335637,0
335638,0
335639,0
335640,0
335641,0
335642,0
335643,0
335644,0
335645,0
335646,0
335647,0
335648,0
335649,0
335650,0
335651,0
335652,0
335653,0
335654,0
335655,0
335656,0
335657,0
335658,0
335659,0
335660,0
335661,0
335662,0
335663,0
335664,0
335665,0
335666,0
335667,0
335668,0
335669,0
335670,0
335671,0
335672,0
335673,0
335674,0
335675,0
335676,0
335677,0
335678,0
335679,0
335680,0
335681,0
335682,0
335683,0
335684,0
335685,0
335686,0
335687,0
335688,0
335689,0
335690,0
335691,0
335692,0
335693,0
335694,0
335695,0
335696,0
335697,0
335698,0
335699,0
335700,0
335701,0
335702,0
335703,0
335704,0
335705,0
335706,0
335707,0
335708,0
335709,0
335710,0
335711,0
335712,0
335713,0
335714,0
335715,0
335716,0
335717,0
335718,0
335719,0
335720,0
335721,0
335722,0
335723,0
335724,0
335725,0
335726,0
335727,0
335728,0
335729,0
335730,0
335731,0
335732,0
335733,0
335734,0
335735,0
335736,0
335737,0
335738,0
335739,0
335740,0
335741,0
335742,0
335743,0
335744,0
335745,0
335746,0
335747,0
335748,0
335749,0
335750,0
335751,0
335752,0
335753,0
335754,0
335755,0
335756,0
335757,0
335758,0
335759,0
335760,0
335761,0
335762,0
335763,0
335764,0
335765,0
335766,0
335767,0
335768,0
335769,0
335770,0
335771,0
335772,0
335773,0
335774,0
335775,0
335776,0
335777,0
335778,0
335779,0
335780,0
335781,0
335782,0
335783,0
335784,0
335785,0
335786,0
335787,0
335788,0
335789,0
335790,0
335791,0
335792,0
335793,0
335794,0
335795,0
335796,0
335797,0
335798,0
335799,0
335800,0
335801,0
335802,0
335803,0
335804,0
335805,0
335806,0
335807,0
335808,0
335809,0
335810,0
335811,0
335812,0
335813,0
335814,0
335815,0
335816,0
335817,0
335818,0
335819,0
335820,0
335821,0
335822,0
335823,0
335824,0
335825,0
335826,0
335827,0
335828,0
335829,0
335830,0
335831,0
335832,0
335833,0
335834,0
335835,0
335836,0
335837,0
335838,0
335839,0
335840,0
335841,0
335842,0
335843,0
335844,0
335845,0
335846,0
335847,0
335848,0
335849,0
335850,0
335851,0
335852,0
335853,0
335854,0
335855,0
335856,0
335857,0
335858,0
335859,0
335860,0
335861,0
335862,0
335863,0
335864,0
335865,0
335866,0
335867,0
335868,0
335869,0
335870,0
335871,0
335872,0
335873,0
335874,0
335875,0
335876,0
335877,0
335878,0
335879,0
335880,0
335881,0
335882,0
335883,0
335884,0
335885,0
335886,0
335887,0
335888,0
335889,0
335890,0
335891,0
335892,0
335893,0
335894,0
335895,0
335896,0
335897,0
335898,0
335899,0
335900,0
335901,0
335902,0
335903,0
335904,0
335905,0
335906,0
335907,0
335908,0
335909,0
335910,0
335911,0
335912,0
335913,0
335914,0
335915,0
335916,0
335917,0
335918,0
335919,0
335920,0
335921,0
335922,0
335923,0
335924,0
335925,0
335926,0
335927,0
335928,0
335929,0
335930,0
335931,0
335932,0
335933,0
335934,0
335935,0
335936,0
335937,0
335938,0
335939,0
335940,0
335941,0
335942,0
335943,0
335944,0
335945,0
335946,0
335947,0
335948,0
335949,0
335950,0
335951,0
335952,0
335953,0
335954,0
335955,0
335956,0
335957,0
335958,0
335959,0
335960,0
335961,0
335962,0
335963,0
335964,0
335965,0
335966,0
335967,0
335968,0
335969,0
335970,0
335971,0
335972,0
335973,0
335974,0
335975,0
335976,0
335977,0
335978,0
335979,0
335980,0
335981,0
335982,0
335983,0
335984,0
335985,0
335986,0
335987,0
335988,0
335989,0
335990,0
335991,0
335992,0
335993,0
335994,0
335995,0
335996,0
335997,0
335998,0
335999,0
336000,0
336001,0
336002,0
336003,0
336004,0
336005,0
336006,0
336007,0
336008,0
336009,0
336010,0
336011,0
336012,0
336013,0
336014,0
336015,0
336016,0
336017,0
336018,0
336019,0
336020,0
336021,0
336022,0
336023,0
336024,0
336025,0
336026,0
336027,0
336028,0
336029,0
336030,0
336031,0
336032,0
336033,0
336034,0
336035,0
336036,0
336037,0
336038,0
336039,0
336040,0
336041,0
336042,0
336043,0
336044,0
336045,0
336046,0
336047,0
336048,0
336049,0
336050,0
336051,0
336052,0
336053,0
336054,0
336055,0
336056,0
336057,0
336058,0
336059,0
336060,0
336061,0
336062,0
336063,0
336064,0
336065,0
336066,0
336067,0
336068,0
336069,0
336070,0
336071,0
336072,0
336073,0
336074,0
336075,0
336076,0
336077,0
336078,0
336079,0
336080,0
336081,0
336082,0
336083,0
336084,0
336085,0
336086,0
336087,0
336088,0
336089,0
336090,0
336091,0
336092,0
336093,0
336094,0
336095,0
336096,0
336097,0
336098,0
336099,0
336100,0
336101,0
336102,0
336103,0
336104,0
336105,0
336106,0
336107,0
336108,0
336109,0
336110,0
336111,0
336112,0
336113,0
336114,0
336115,0
336116,0
336117,0
336118,0
336119,0
336120,0
336121,0
336122,0
336123,0
336124,0
336125,0
336126,0
336127,0
336128,0
336129,0
336130,0
336131,0
336132,0
336133,0
336134,0
336135,0
336136,0
336137,0
336138,0
336139,0
336140,0
336141,0
336142,0
336143,0
336144,0
336145,0
336146,0
336147,0
336148,0
336149,0
336150,0
336151,0
336152,0
336153,0
336154,0
336155,0
336156,0
336157,0
336158,0
336159,0
336160,0
336161,0
336162,0
336163,0
336164,0
336165,0
336166,0
336167,0
336168,0
336169,0
336170,0
336171,0
336172,0
336173,0
336174,0
336175,0
336176,0
336177,0
336178,0
336179,0
336180,0
336181,0
336182,0
336183,0
336184,0
336185,0
336186,0
336187,0
336188,0
336189,0
336190,0
336191,0
336192,0
336193,0
336194,0
336195,0
336196,0
336197,0
336198,0
336199,0
336200,0
336201,0
336202,0
336203,0
336204,0
336205,0
336206,0
336207,0
336208,0
336209,0
336210,0
336211,0
336212,0
336213,0
336214,0
336215,0
336216,0
336217,0
336218,0
336219,0
336220,0
336221,0
336222,0
336223,0
336224,0
336225,0
336226,0
336227,0
336228,0
336229,0
336230,0
336231,0
336232,0
336233,0
336234,0
336235,0
336236,0
336237,0
336238,0
336239,0
336240,0
336241,0
336242,0
336243,0
336244,0
336245,0
336246,0
336247,0
336248,0
336249,0
336250,0
336251,0
336252,0
336253,0
336254,0
336255,0
336256,0
336257,0
336258,0
336259,0
336260,0
336261,0
336262,0
336263,0
336264,0
336265,0
336266,0
336267,0
336268,0
336269,0
336270,0
336271,0
336272,0
336273,0
336274,0
336275,0
336276,0
336277,0
336278,0
336279,0
336280,0
336281,0
336282,0
336283,0
336284,0
336285,0
336286,0
336287,0
336288,0
336289,0
336290,0
336291,0
336292,0
336293,0
336294,0
336295,0
336296,0
336297,0
336298,0
336299,0
336300,0
336301,0
336302,0
336303,0
336304,0
336305,0
336306,0
336307,0
336308,0
336309,0
336310,0
336311,0
336312,0
336313,0
336314,0
336315,0
336316,0
336317,0
336318,0
336319,0
336320,0
336321,0
336322,0
336323,0
336324,0
336325,0
336326,0
336327,0
336328,0
336329,0
336330,0
336331,0
336332,0
336333,0
336334,0
336335,0
336336,0
336337,0
336338,0
336339,0
336340,0
336341,0
336342,0
336343,0
336344,0
336345,0
336346,0
336347,0
336348,0
336349,0
336350,0
336351,0
336352,0
336353,0
336354,0
336355,0
336356,0
336357,0
336358,0
336359,0
336360,0
336361,0
336362,0
336363,0
336364,0
336365,0
336366,0
336367,0
336368,0
336369,0
336370,0
336371,0
336372,0
336373,0
336374,0
336375,0
336376,0
336377,0
336378,0
336379,0
336380,0
336381,0
336382,0
336383,0
336384,0
336385,0
336386,0
336387,0
336388,0
336389,0
336390,0
336391,0
336392,0
336393,0
336394,0
336395,0
336396,0
336397,0
336398,0
336399,0
336400,0
336401,0
336402,0
336403,0
336404,0
336405,0
336406,0
336407,0
336408,0
336409,0
336410,0
336411,0
336412,0
336413,0
336414,0
336415,0
336416,0
336417,0
336418,0
336419,0
336420,0
336421,0
336422,0
336423,0
336424,0
336425,0
336426,0
336427,0
336428,0
336429,0
336430,0
336431,0
336432,0
336433,0
336434,0
336435,0
336436,0
336437,0
336438,0
336439,0
336440,0
336441,0
336442,0
336443,0
336444,0
336445,0
336446,0
336447,0
336448,0
336449,0
336450,0
336451,0
336452,0
336453,0
336454,0
336455,0
336456,0
336457,0
336458,0
336459,0
336460,0
336461,0
336462,0
336463,0
336464,0
336465,0
336466,0
336467,0
336468,0
336469,0
336470,0
336471,0
336472,0
336473,0
336474,0
336475,0
336476,0
336477,0
336478,0
336479,0
336480,0
336481,0
336482,0
336483,0
336484,0
336485,0
336486,0
336487,0
336488,0
336489,0
336490,0
336491,0
336492,0
336493,0
336494,0
336495,0
336496,0
336497,0
336498,0
336499,0
336500,0
336501,0
336502,0
336503,0
336504,0
336505,0
336506,0
336507,0
336508,0
336509,0
336510,0
336511,0
336512,0
336513,0
336514,0
336515,0
336516,0
336517,0
336518,0
336519,0
336520,0
336521,0
336522,0
336523,0
336524,0
336525,0
336526,0
336527,0
336528,0
336529,0
336530,0
336531,0
336532,0
336533,0
336534,0
336535,0
336536,0
336537,0
336538,0
336539,0
336540,0
336541,0
336542,0
336543,0
336544,0
336545,0
336546,0
336547,0
336548,0
336549,0
336550,0
336551,0
336552,0
336553,0
336554,0
336555,0
336556,0
336557,0
336558,0
336559,0
336560,0
336561,0
336562,0
336563,0
336564,0
336565,0
336566,0
336567,0
336568,0
336569,0
336570,0
336571,0
336572,0
336573,0
336574,0
336575,0
336576,0
336577,0
336578,0
336579,0
336580,0
336581,0
336582,0
336583,0
336584,0
336585,0
336586,0
336587,0
336588,0
336589,0
336590,0
336591,0
336592,0
336593,0
336594,0
336595,0
336596,0
336597,0
336598,0
336599,0
336600,0
336601,0
336602,0
336603,0
336604,0
336605,0
336606,0
336607,0
336608,0
336609,0
336610,0
336611,0
336612,0
336613,0
336614,0
336615,0
336616,0
336617,0
336618,0
336619,0
336620,0
336621,0
336622,0
336623,0
336624,0
336625,0
336626,0
336627,0
336628,0
336629,0
336630,0
336631,0
336632,0
336633,0
336634,0
336635,0
336636,0
336637,0
336638,0
336639,0
336640,0
336641,0
336642,0
336643,0
336644,0
336645,0
336646,0
336647,0
336648,0
336649,0
336650,0
336651,0
336652,0
336653,0
336654,0
336655,0
336656,0
336657,0
336658,0
336659,0
336660,0
336661,0
336662,0
336663,0
336664,0
336665,0
336666,0
336667,0
336668,0
336669,0
336670,0
336671,0
336672,0
336673,0
336674,0
336675,0
336676,0
336677,0
336678,0
336679,0
336680,0
336681,0
336682,0
336683,0
336684,0
336685,0
336686,0
336687,0
336688,0
336689,0
336690,0
336691,0
336692,0
336693,0
336694,0
336695,0
336696,0
336697,0
336698,0
336699,0
336700,0
336701,0
336702,0
336703,0
336704,0
336705,0
336706,0
336707,0
336708,0
336709,0
336710,0
336711,0
336712,0
336713,0
336714,0
336715,0
336716,0
336717,0
336718,0
336719,0
336720,0
336721,0
336722,0
336723,0
336724,0
336725,0
336726,0
336727,0
336728,0
336729,0
336730,0
336731,0
336732,0
336733,0
336734,0
336735,0
336736,0
336737,0
336738,0
336739,0
336740,0
336741,0
336742,0
336743,0
336744,0
336745,0
336746,0
336747,0
336748,0
336749,0
336750,0
336751,0
336752,0
336753,0
336754,0
336755,0
336756,0
336757,0
336758,0
336759,0
336760,0
336761,0
336762,0
336763,0
336764,0
336765,0
336766,0
336767,0
336768,0
336769,0
336770,0
336771,0
336772,0
336773,0
336774,0
336775,0
336776,0
336777,0
336778,0
336779,0
336780,0
336781,0
336782,0
336783,0
336784,0
336785,0
336786,0
336787,0
336788,0
336789,0
336790,0
336791,0
336792,0
336793,0
336794,0
336795,0
336796,0
336797,0
336798,0
336799,0
336800,0
336801,0
336802,0
336803,0
336804,0
336805,0
336806,0
336807,0
336808,0
336809,0
336810,0
336811,0
336812,0
336813,0
336814,0
336815,0
336816,0
336817,0
336818,0
336819,0
336820,0
336821,0
336822,0
336823,0
336824,0
336825,0
336826,0
336827,0
336828,0
336829,0
336830,0
336831,0
336832,0
336833,0
336834,0
336835,0
336836,0
336837,0
336838,0
336839,0
336840,0
336841,0
336842,0
336843,0
336844,0
336845,0
336846,0
336847,0
336848,0
336849,0
336850,0
336851,0
336852,0
336853,0
336854,0
336855,0
336856,0
336857,0
336858,0
336859,0
336860,0
336861,0
336862,0
336863,0
336864,0
336865,0
336866,0
336867,0
336868,0
336869,0
336870,0
336871,0
336872,0
336873,0
336874,0
336875,0
336876,0
336877,0
336878,0
336879,0
336880,0
336881,0
336882,0
336883,0
336884,0
336885,0
336886,0
336887,0
336888,0
336889,0
336890,0
336891,0
336892,0
336893,0
336894,0
336895,0
336896,0
336897,0
336898,0
336899,0
336900,0
336901,0
336902,0
336903,0
336904,0
336905,0
336906,0
336907,0
336908,0
336909,0
336910,0
336911,0
336912,0
336913,0
336914,0
336915,0
336916,0
336917,0
336918,0
336919,0
336920,0
336921,0
336922,0
336923,0
336924,0
336925,0
336926,0
336927,0
336928,0
336929,0
336930,0
336931,0
336932,0
336933,0
336934,0
336935,0
336936,0
336937,0
336938,0
336939,0
336940,0
336941,0
336942,0
336943,0
336944,0
336945,0
336946,0
336947,0
336948,0
336949,0
336950,0
336951,0
336952,0
336953,0
336954,0
336955,0
336956,0
336957,0
336958,0
336959,0
336960,0
336961,0
336962,0
336963,0
336964,0
336965,0
336966,0
336967,0
336968,0
336969,0
336970,0
336971,0
336972,0
336973,0
336974,0
336975,0
336976,0
336977,0
336978,0
336979,0
336980,0
336981,0
336982,0
336983,0
336984,0
336985,0
336986,0
336987,0
336988,0
336989,0
336990,0
336991,0
336992,0
336993,0
336994,0
336995,0
336996,0
336997,0
336998,0
336999,0
337000,0
337001,0
337002,0
337003,0
337004,0
337005,0
337006,0
337007,0
337008,0
337009,0
337010,0
337011,0
337012,0
337013,0
337014,0
337015,0
337016,0
337017,0
337018,0
337019,0
337020,0
337021,0
337022,0
337023,0
337024,0
337025,0
337026,0
337027,0
337028,0
337029,0
337030,0
337031,0
337032,0
337033,0
337034,0
337035,0
337036,0
337037,0
337038,0
337039,0
337040,0
337041,0
337042,0
337043,0
337044,0
337045,0
337046,0
337047,0
337048,0
337049,0
337050,0
337051,0
337052,0
337053,0
337054,0
337055,0
337056,0
337057,0
337058,0
337059,0
337060,0
337061,0
337062,0
337063,0
337064,0
337065,0
337066,0
337067,0
337068,0
337069,0
337070,0
337071,0
337072,0
337073,0
337074,0
337075,0
337076,0
337077,0
337078,0
337079,0
337080,0
337081,0
337082,0
337083,0
337084,0
337085,0
337086,0
337087,0
337088,0
337089,0
337090,0
337091,0
337092,0
337093,0
337094,0
337095,0
337096,0
337097,0
337098,0
337099,0
337100,0
337101,0
337102,0
337103,0
337104,0
337105,0
337106,0
337107,0
337108,0
337109,0
337110,0
337111,0
337112,0
337113,0
337114,0
337115,0
337116,0
337117,0
337118,0
337119,0
337120,0
337121,0
337122,0
337123,0
337124,0
337125,0
337126,0
337127,0
337128,0
337129,0
337130,0
337131,0
337132,0
337133,0
337134,0
337135,0
337136,0
337137,0
337138,0
337139,0
337140,0
337141,0
337142,0
337143,0
337144,0
337145,0
337146,0
337147,0
337148,0
337149,0
337150,0
337151,0
337152,0
337153,0
337154,0
337155,0
337156,0
337157,0
337158,0
337159,0
337160,0
337161,0
337162,0
337163,0
337164,0
337165,0
337166,0
337167,0
337168,0
337169,0
337170,0
337171,0
337172,0
337173,0
337174,0
337175,0
337176,0
337177,0
337178,0
337179,0
337180,0
337181,0
337182,0
337183,0
337184,0
337185,0
337186,0
337187,0
337188,0
337189,0
337190,0
337191,0
337192,0
337193,0
337194,0
337195,0
337196,0
337197,0
337198,0
337199,0
337200,0
337201,0
337202,0
337203,0
337204,0
337205,0
337206,0
337207,0
337208,0
337209,0
337210,0
337211,0
337212,0
337213,0
337214,0
337215,0
337216,0
337217,0
337218,0
337219,0
337220,0
337221,0
337222,0
337223,0
337224,0
337225,0
337226,0
337227,0
337228,0
337229,0
337230,0
337231,0
337232,0
337233,0
337234,0
337235,0
337236,0
337237,0
337238,0
337239,0
337240,0
337241,0
337242,0
337243,0
337244,0
337245,0
337246,0
337247,0
337248,0
337249,0
337250,0
337251,0
337252,0
337253,0
337254,0
337255,0
337256,0
337257,0
337258,0
337259,0
337260,0
337261,0
337262,0
337263,0
337264,0
337265,0
337266,0
337267,0
337268,0
337269,0
337270,0
337271,0
337272,0
337273,0
337274,0
337275,0
337276,0
337277,0
337278,0
337279,0
337280,0
337281,0
337282,0
337283,0
337284,0
337285,0
337286,0
337287,0
337288,0
337289,0
337290,0
337291,0
337292,0
337293,0
337294,0
337295,0
337296,0
337297,0
337298,0
337299,0
337300,0
337301,0
337302,0
337303,0
337304,0
337305,0
337306,0
337307,0
337308,0
337309,0
337310,0
337311,0
337312,0
337313,0
337314,0
337315,0
337316,0
337317,0
337318,0
337319,0
337320,0
337321,0
337322,0
337323,0
337324,0
337325,0
337326,0
337327,0
337328,0
337329,0
337330,0
337331,0
337332,0
337333,0
337334,0
337335,0
337336,0
337337,0
337338,0
337339,0
337340,0
337341,0
337342,0
337343,0
337344,0
337345,0
337346,0
337347,0
337348,0
337349,0
337350,0
337351,0
337352,0
337353,0
337354,0
337355,0
337356,0
337357,0
337358,0
337359,0
337360,0
337361,0
337362,0
337363,0
337364,0
337365,0
337366,0
337367,0
337368,0
337369,0
337370,0
337371,0
337372,0
337373,0
337374,0
337375,0
337376,0
337377,0
337378,0
337379,0
337380,0
337381,0
337382,0
337383,0
337384,0
337385,0
337386,0
337387,0
337388,0
337389,0
337390,0
337391,0
337392,0
337393,0
337394,0
337395,0
337396,0
337397,0
337398,0
337399,0
337400,0
337401,0
337402,0
337403,0
337404,0
337405,0
337406,0
337407,0
337408,0
337409,0
337410,0
337411,0
337412,0
337413,0
337414,0
337415,0
337416,0
337417,0
337418,0
337419,0
337420,0
337421,0
337422,0
337423,0
337424,0
337425,0
337426,0
337427,0
337428,0
337429,0
337430,0
337431,0
337432,0
337433,0
337434,0
337435,0
337436,0
337437,0
337438,0
337439,0
337440,0
337441,0
337442,0
337443,0
337444,0
337445,0
337446,0
337447,0
337448,0
337449,0
337450,0
337451,0
337452,0
337453,0
337454,0
337455,0
337456,0
337457,0
337458,0
337459,0
337460,0
337461,0
337462,0
337463,0
337464,0
337465,0
337466,0
337467,0
337468,0
337469,0
337470,0
337471,0
337472,0
337473,0
337474,0
337475,0
337476,0
337477,0
337478,0
337479,0
337480,0
337481,0
337482,0
337483,0
337484,0
337485,0
337486,0
337487,0
337488,0
337489,0
337490,0
337491,0
337492,0
337493,0
337494,0
337495,0
337496,0
337497,0
337498,0
337499,0
337500,0
337501,0
337502,0
337503,0
337504,0
337505,0
337506,0
337507,0
337508,0
337509,0
337510,0
337511,0
337512,0
337513,0
337514,0
337515,0
337516,0
337517,0
337518,0
337519,0
337520,0
337521,0
337522,0
337523,0
337524,0
337525,0
337526,0
337527,0
337528,0
337529,0
337530,0
337531,0
337532,0
337533,0
337534,0
337535,0
337536,0
337537,0
337538,0
337539,0
337540,0
337541,0
337542,0
337543,0
337544,0
337545,0
337546,0
337547,0
337548,0
337549,0
337550,0
337551,0
337552,0
337553,0
337554,0
337555,0
337556,0
337557,0
337558,0
337559,0
337560,0
337561,0
337562,0
337563,0
337564,0
337565,0
337566,0
337567,0
337568,0
337569,0
337570,0
337571,0
337572,0
337573,0
337574,0
337575,0
337576,0
337577,0
337578,0
337579,0
337580,0
337581,0
337582,0
337583,0
337584,0
337585,0
337586,0
337587,0
337588,0
337589,0
337590,0
337591,0
337592,0
337593,0
337594,0
337595,0
337596,0
337597,0
337598,0
337599,0
337600,0
337601,0
337602,0
337603,0
337604,0
337605,0
337606,0
337607,0
337608,0
337609,0
337610,0
337611,0
337612,0
337613,0
337614,0
337615,0
337616,0
337617,0
337618,0
337619,0
337620,0
337621,0
337622,0
337623,0
337624,0
337625,0
337626,0
337627,0
337628,0
337629,0
337630,0
337631,0
337632,0
337633,0
337634,0
337635,0
337636,0
337637,0
337638,0
337639,0
337640,0
337641,0
337642,0
337643,0
337644,0
337645,0
337646,0
337647,0
337648,0
337649,0
337650,0
337651,0
337652,0
337653,0
337654,0
337655,0
337656,0
337657,0
337658,0
337659,0
337660,0
337661,0
337662,0
337663,0
337664,0
337665,0
337666,0
337667,0
337668,0
337669,0
337670,0
337671,0
337672,0
337673,0
337674,0
337675,0
337676,0
337677,0
337678,0
337679,0
337680,0
337681,0
337682,0
337683,0
337684,0
337685,0
337686,0
337687,0
337688,0
337689,0
337690,0
337691,0
337692,0
337693,0
337694,0
337695,0
337696,0
337697,0
337698,0
337699,0
337700,0
337701,0
337702,0
337703,0
337704,0
337705,0
337706,0
337707,0
337708,0
337709,0
337710,0
337711,0
337712,0
337713,0
337714,0
337715,0
337716,0
337717,0
337718,0
337719,0
337720,0
337721,0
337722,0
337723,0
337724,0
337725,0
337726,0
337727,0
337728,0
337729,0
337730,0
337731,0
337732,0
337733,0
337734,0
337735,0
337736,0
337737,0
337738,0
337739,0
337740,0
337741,0
337742,0
337743,0
337744,0
337745,0
337746,0
337747,0
337748,0
337749,0
337750,0
337751,0
337752,0
337753,0
337754,0
337755,0
337756,0
337757,0
337758,0
337759,0
337760,0
337761,0
337762,0
337763,0
337764,0
337765,0
337766,0
337767,0
337768,0
337769,0
337770,0
337771,0
337772,0
337773,0
337774,0
337775,0
337776,0
337777,0
337778,0
337779,0
337780,0
337781,0
337782,0
337783,0
337784,0
337785,0
337786,0
337787,0
337788,0
337789,0
337790,0
337791,0
337792,0
337793,0
337794,0
337795,0
337796,0
337797,0
337798,0
337799,0
337800,0
337801,0
337802,0
337803,0
337804,0
337805,0
337806,0
337807,0
337808,0
337809,0
337810,0
337811,0
337812,0
337813,0
337814,0
337815,0
337816,0
337817,0
337818,0
337819,0
337820,0
337821,0
337822,0
337823,0
337824,0
337825,0
337826,0
337827,0
337828,0
337829,0
337830,0
337831,0
337832,0
337833,0
337834,0
337835,0
337836,0
337837,0
337838,0
337839,0
337840,0
337841,0
337842,0
337843,0
337844,0
337845,0
337846,0
337847,0
337848,0
337849,0
337850,0
337851,0
337852,0
337853,0
337854,0
337855,0
337856,0
337857,0
337858,0
337859,0
337860,0
337861,0
337862,0
337863,0
337864,0
337865,0
337866,0
337867,0
337868,0
337869,0
337870,0
337871,0
337872,0
337873,0
337874,0
337875,0
337876,0
337877,0
337878,0
337879,0
337880,0
337881,0
337882,0
337883,0
337884,0
337885,0
337886,0
337887,0
337888,0
337889,0
337890,0
337891,0
337892,0
337893,0
337894,0
337895,0
337896,0
337897,0
337898,0
337899,0
337900,0
337901,0
337902,0
337903,0
337904,0
337905,0
337906,0
337907,0
337908,0
337909,0
337910,0
337911,0
337912,0
337913,0
337914,0
337915,0
337916,0
337917,0
337918,0
337919,0
337920,0
337921,0
337922,0
337923,0
337924,0
337925,0
337926,0
337927,0
337928,0
337929,0
337930,0
337931,0
337932,0
337933,0
337934,0
337935,0
337936,0
337937,0
337938,0
337939,0
337940,0
337941,0
337942,0
337943,0
337944,0
337945,0
337946,0
337947,0
337948,0
337949,0
337950,0
337951,0
337952,0
337953,0
337954,0
337955,0
337956,0
337957,0
337958,0
337959,0
337960,0
337961,0
337962,0
337963,0
337964,0
337965,0
337966,0
337967,0
337968,0
337969,0
337970,0
337971,0
337972,0
337973,0
337974,0
337975,0
337976,0
337977,0
337978,0
337979,0
337980,0
337981,0
337982,0
337983,0
337984,0
337985,0
337986,0
337987,0
337988,0
337989,0
337990,0
337991,0
337992,0
337993,0
337994,0
337995,0
337996,0
337997,0
337998,0
337999,0
338000,0
338001,0
338002,0
338003,0
338004,0
338005,0
338006,0
338007,0
338008,0
338009,0
338010,0
338011,0
338012,0
338013,0
338014,0
338015,0
338016,0
338017,0
338018,0
338019,0
338020,0
338021,0
338022,0
338023,0
338024,0
338025,0
338026,0
338027,0
338028,0
338029,0
338030,0
338031,0
338032,0
338033,0
338034,0
338035,0
338036,0
338037,0
338038,0
338039,0
338040,0
338041,0
338042,0
338043,0
338044,0
338045,0
338046,0
338047,0
338048,0
338049,0
338050,0
338051,0
338052,0
338053,0
338054,0
338055,0
338056,0
338057,0
338058,0
338059,0
338060,0
338061,0
338062,0
338063,0
338064,0
338065,0
338066,0
338067,0
338068,0
338069,0
338070,0
338071,0
338072,0
338073,0
338074,0
338075,0
338076,0
338077,0
338078,0
338079,0
338080,0
338081,0
338082,0
338083,0
338084,0
338085,0
338086,0
338087,0
338088,0
338089,0
338090,0
338091,0
338092,0
338093,0
338094,0
338095,0
338096,0
338097,0
338098,0
338099,0
338100,0
338101,0
338102,0
338103,0
338104,0
338105,0
338106,0
338107,0
338108,0
338109,0
338110,0
338111,0
338112,0
338113,0
338114,0
338115,0
338116,0
338117,0
338118,0
338119,0
338120,0
338121,0
338122,0
338123,0
338124,0
338125,0
338126,0
338127,0
338128,0
338129,0
338130,0
338131,0
338132,0
338133,0
338134,0
338135,0
338136,0
338137,0
338138,0
338139,0
338140,0
338141,0
338142,0
338143,0
338144,0
338145,0
338146,0
338147,0
338148,0
338149,0
338150,0
338151,0
338152,0
338153,0
338154,0
338155,0
338156,0
338157,0
338158,0
338159,0
338160,0
338161,0
338162,0
338163,0
338164,0
338165,0
338166,0
338167,0
338168,0
338169,0
338170,0
338171,0
338172,0
338173,0
338174,0
338175,0
338176,0
338177,0
338178,0
338179,0
338180,0
338181,0
338182,0
338183,0
338184,0
338185,0
338186,0
338187,0
338188,0
338189,0
338190,0
338191,0
338192,0
338193,0
338194,0
338195,0
338196,0
338197,0
338198,0
338199,0
338200,0
338201,0
338202,0
338203,0
338204,0
338205,0
338206,0
338207,0
338208,0
338209,0
338210,0
338211,0
338212,0
338213,0
338214,0
338215,0
338216,0
338217,0
338218,0
338219,0
338220,0
338221,0
338222,0
338223,0
338224,0
338225,0
338226,0
338227,0
338228,0
338229,0
338230,0
338231,0
338232,0
338233,0
338234,0
338235,0
338236,0
338237,0
338238,0
338239,0
338240,0
338241,0
338242,0
338243,0
338244,0
338245,0
338246,0
338247,0
338248,0
338249,0
338250,0
338251,0
338252,0
338253,0
338254,0
338255,0
338256,0
338257,0
338258,0
338259,0
338260,0
338261,0
338262,0
338263,0
338264,0
338265,0
338266,0
338267,0
338268,0
338269,0
338270,0
338271,0
338272,0
338273,0
338274,0
338275,0
338276,0
338277,0
338278,0
338279,0
338280,0
338281,0
338282,0
338283,0
338284,0
338285,0
338286,0
338287,0
338288,0
338289,0
338290,0
338291,0
338292,0
338293,0
338294,0
338295,0
338296,0
338297,0
338298,0
338299,0
338300,0
338301,0
338302,0
338303,0
338304,0
338305,0
338306,0
338307,0
338308,0
338309,0
338310,0
338311,0
338312,0
338313,0
338314,0
338315,0
338316,0
338317,0
338318,0
338319,0
338320,0
338321,0
338322,0
338323,0
338324,0
338325,0
338326,0
338327,0
338328,0
338329,0
338330,0
338331,0
338332,0
338333,0
338334,0
338335,0
338336,0
338337,0
338338,0
338339,0
338340,0
338341,0
338342,0
338343,0
338344,0
338345,0
338346,0
338347,0
338348,0
338349,0
338350,0
338351,0
338352,0
338353,0
338354,0
338355,0
338356,0
338357,0
338358,0
338359,0
338360,0
338361,0
338362,0
338363,0
338364,0
338365,0
338366,0
338367,0
338368,0
338369,0
338370,0
338371,0
338372,0
338373,0
338374,0
338375,0
338376,0
338377,0
338378,0
338379,0
338380,0
338381,0
338382,0
338383,0
338384,0
338385,0
338386,0
338387,0
338388,0
338389,0
338390,0
338391,0
338392,0
338393,0
338394,0
338395,0
338396,0
338397,0
338398,0
338399,0
338400,0
338401,0
338402,0
338403,0
338404,0
338405,0
338406,0
338407,0
338408,0
338409,0
338410,0
338411,0
338412,0
338413,0
338414,0
338415,0
338416,0
338417,0
338418,0
338419,0
338420,0
338421,0
338422,0
338423,0
338424,0
338425,0
338426,0
338427,0
338428,0
338429,0
338430,0
338431,0
338432,0
338433,0
338434,0
338435,0
338436,0
338437,0
338438,0
338439,0
338440,0
338441,0
338442,0
338443,0
338444,0
338445,0
338446,0
338447,0
338448,0
338449,0
338450,0
338451,0
338452,0
338453,0
338454,0
338455,0
338456,0
338457,0
338458,0
338459,0
338460,0
338461,0
338462,0
338463,0
338464,0
338465,0
338466,0
338467,0
338468,0
338469,0
338470,0
338471,0
338472,0
338473,0
338474,0
338475,0
338476,0
338477,0
338478,0
338479,0
338480,0
338481,0
338482,0
338483,0
338484,0
338485,0
338486,0
338487,0
338488,0
338489,0
338490,0
338491,0
338492,0
338493,0
338494,0
338495,0
338496,0
338497,0
338498,0
338499,0
338500,0
338501,0
338502,0
338503,0
338504,0
338505,0
338506,0
338507,0
338508,0
338509,0
338510,0
338511,0
338512,0
338513,0
338514,0
338515,0
338516,0
338517,0
338518,0
338519,0
338520,0
338521,0
338522,0
338523,0
338524,0
338525,0
338526,0
338527,0
338528,0
338529,0
338530,0
338531,0
338532,0
338533,0
338534,0
338535,0
338536,0
338537,0
338538,0
338539,0
338540,0
338541,0
338542,0
338543,0
338544,0
338545,0
338546,0
338547,0
338548,0
338549,0
338550,0
338551,0
338552,0
338553,0
338554,0
338555,0
338556,0
338557,0
338558,0
338559,0
338560,0
338561,0
338562,0
338563,0
338564,0
338565,0
338566,0
338567,0
338568,0
338569,0
338570,0
338571,0
338572,0
338573,0
338574,0
338575,0
338576,0
338577,0
338578,0
338579,0
338580,0
338581,0
338582,0
338583,0
338584,0
338585,0
338586,0
338587,0
338588,0
338589,0
338590,0
338591,0
338592,0
338593,0
338594,0
338595,0
338596,0
338597,0
338598,0
338599,0
338600,0
338601,0
338602,0
338603,0
338604,0
338605,0
338606,0
338607,0
338608,0
338609,0
338610,0
338611,0
338612,0
338613,0
338614,0
338615,0
338616,0
338617,0
338618,0
338619,0
338620,0
338621,0
338622,0
338623,0
338624,0
338625,0
338626,0
338627,0
338628,0
338629,0
338630,0
338631,0
338632,0
338633,0
338634,0
338635,0
338636,0
338637,0
338638,0
338639,0
338640,0
338641,0
338642,0
338643,0
338644,0
338645,0
338646,0
338647,0
338648,0
338649,0
338650,0
338651,0
338652,0
338653,0
338654,0
338655,0
338656,0
338657,0
338658,0
338659,0
338660,0
338661,0
338662,0
338663,0
338664,0
338665,0
338666,0
338667,0
338668,0
338669,0
338670,0
338671,0
338672,0
338673,0
338674,0
338675,0
338676,0
338677,0
338678,0
338679,0
338680,0
338681,0
338682,0
338683,0
338684,0
338685,0
338686,0
338687,0
338688,0
338689,0
338690,0
338691,0
338692,0
338693,0
338694,0
338695,0
338696,0
338697,0
338698,0
338699,0
338700,0
338701,0
338702,0
338703,0
338704,0
338705,0
338706,0
338707,0
338708,0
338709,0
338710,0
338711,0
338712,0
338713,0
338714,0
338715,0
338716,0
338717,0
338718,0
338719,0
338720,0
338721,0
338722,0
338723,0
338724,0
338725,0
338726,0
338727,0
338728,0
338729,0
338730,0
338731,0
338732,0
338733,0
338734,0
338735,0
338736,0
338737,0
338738,0
338739,0
338740,0
338741,0
338742,0
338743,0
338744,0
338745,0
338746,0
338747,0
338748,0
338749,0
338750,0
338751,0
338752,0
338753,0
338754,0
338755,0
338756,0
338757,0
338758,0
338759,0
338760,0
338761,0
338762,0
338763,0
338764,0
338765,0
338766,0
338767,0
338768,0
338769,0
338770,0
338771,0
338772,0
338773,0
338774,0
338775,0
338776,0
338777,0
338778,0
338779,0
338780,0
338781,0
338782,0
338783,0
338784,0
338785,0
338786,0
338787,0
338788,0
338789,0
338790,0
338791,0
338792,0
338793,0
338794,0
338795,0
338796,0
338797,0
338798,0
338799,0
338800,0
338801,0
338802,0
338803,0
338804,0
338805,0
338806,0
338807,0
338808,0
338809,0
338810,0
338811,0
338812,0
338813,0
338814,0
338815,0
338816,0
338817,0
338818,0
338819,0
338820,0
338821,0
338822,0
338823,0
338824,0
338825,0
338826,0
338827,0
338828,0
338829,0
338830,0
338831,0
338832,0
338833,0
338834,0
338835,0
338836,0
338837,0
338838,0
338839,0
338840,0
338841,0
338842,0
338843,0
338844,0
338845,0
338846,0
338847,0
338848,0
338849,0
338850,0
338851,0
338852,0
338853,0
338854,0
338855,0
338856,0
338857,0
338858,0
338859,0
338860,0
338861,0
338862,0
338863,0
338864,0
338865,0
338866,0
338867,0
338868,0
338869,0
338870,0
338871,0
338872,0
338873,0
338874,0
338875,0
338876,0
338877,0
338878,0
338879,0
338880,0
338881,0
338882,0
338883,0
338884,0
338885,0
338886,0
338887,0
338888,0
338889,0
338890,0
338891,0
338892,0
338893,0
338894,0
338895,0
338896,0
338897,0
338898,0
338899,0
338900,0
338901,0
338902,0
338903,0
338904,0
338905,0
338906,0
338907,0
338908,0
338909,0
338910,0
338911,0
338912,0
338913,0
338914,0
338915,0
338916,0
338917,0
338918,0
338919,0
338920,0
338921,0
338922,0
338923,0
338924,0
338925,0
338926,0
338927,0
338928,0
338929,0
338930,0
338931,0
338932,0
338933,0
338934,0
338935,0
338936,0
338937,0
338938,0
338939,0
338940,0
338941,0
338942,0
338943,0
338944,0
338945,0
338946,0
338947,0
338948,0
338949,0
338950,0
338951,0
338952,0
338953,0
338954,0
338955,0
338956,0
338957,0
338958,0
338959,0
338960,0
338961,0
338962,0
338963,0
338964,0
338965,0
338966,0
338967,0
338968,0
338969,0
338970,0
338971,0
338972,0
338973,0
338974,0
338975,0
338976,0
338977,0
338978,0
338979,0
338980,0
338981,0
338982,0
338983,0
338984,0
338985,0
338986,0
338987,0
338988,0
338989,0
338990,0
338991,0
338992,0
338993,0
338994,0
338995,0
338996,0
338997,0
338998,0
338999,0
339000,0
339001,0
339002,0
339003,0
339004,0
339005,0
339006,0
339007,0
339008,0
339009,0
339010,0
339011,0
339012,0
339013,0
339014,0
339015,0
339016,0
339017,0
339018,0
339019,0
339020,0
339021,0
339022,0
339023,0
339024,0
339025,0
339026,0
339027,0
339028,0
339029,0
339030,0
339031,0
339032,0
339033,0
339034,0
339035,0
339036,0
339037,0
339038,0
339039,0
339040,0
339041,0
339042,0
339043,0
339044,0
339045,0
339046,0
339047,0
339048,0
339049,0
339050,0
339051,0
339052,0
339053,0
339054,0
339055,0
339056,0
339057,0
339058,0
339059,0
339060,0
339061,0
339062,0
339063,0
339064,0
339065,0
339066,0
339067,0
339068,0
339069,0
339070,0
339071,0
339072,0
339073,0
339074,0
339075,0
339076,0
339077,0
339078,0
339079,0
339080,0
339081,0
339082,0
339083,0
339084,0
339085,0
339086,0
339087,0
339088,0
339089,0
339090,0
339091,0
339092,0
339093,0
339094,0
339095,0
339096,0
339097,0
339098,0
339099,0
339100,0
339101,0
339102,0
339103,0
339104,0
339105,0
339106,0
339107,0
339108,0
339109,0
339110,0
339111,0
339112,0
339113,0
339114,0
339115,0
339116,0
339117,0
339118,0
339119,0
339120,0
339121,0
339122,0
339123,0
339124,0
339125,0
339126,0
339127,0
339128,0
339129,0
339130,0
339131,0
339132,0
339133,0
339134,0
339135,0
339136,0
339137,0
339138,0
339139,0
339140,0
339141,0
339142,0
339143,0
339144,0
339145,0
339146,0
339147,0
339148,0
339149,0
339150,0
339151,0
339152,0
339153,0
339154,0
339155,0
339156,0
339157,0
339158,0
339159,0
339160,0
339161,0
339162,0
339163,0
339164,0
339165,0
339166,0
339167,0
339168,0
339169,0
339170,0
339171,0
339172,0
339173,0
339174,0
339175,0
339176,0
339177,0
339178,0
339179,0
339180,0
339181,0
339182,0
339183,0
339184,0
339185,0
339186,0
339187,0
339188,0
339189,0
339190,0
339191,0
339192,0
339193,0
339194,0
339195,0
339196,0
339197,0
339198,0
339199,0
339200,0
339201,0
339202,0
339203,0
339204,0
339205,0
339206,0
339207,0
339208,0
339209,0
339210,0
339211,0
339212,0
339213,0
339214,0
339215,0
339216,0
339217,0
339218,0
339219,0
339220,0
339221,0
339222,0
339223,0
339224,0
339225,0
339226,0
339227,0
339228,0
339229,0
339230,0
339231,0
339232,0
339233,0
339234,0
339235,0
339236,0
339237,0
339238,0
339239,0
339240,0
339241,0
339242,0
339243,0
339244,0
339245,0
339246,0
339247,0
339248,0
339249,0
339250,0
339251,0
339252,0
339253,0
339254,0
339255,0
339256,0
339257,0
339258,0
339259,0
339260,0
339261,0
339262,0
339263,0
339264,0
339265,0
339266,0
339267,0
339268,0
339269,0
339270,0
339271,0
339272,0
339273,0
339274,0
339275,0
339276,0
339277,0
339278,0
339279,0
339280,0
339281,0
339282,0
339283,0
339284,0
339285,0
339286,0
339287,0
339288,0
339289,0
339290,0
339291,0
339292,0
339293,0
339294,0
339295,0
339296,0
339297,0
339298,0
339299,0
339300,0
339301,0
339302,0
339303,0
339304,0
339305,0
339306,0
339307,0
339308,0
339309,0
339310,0
339311,0
339312,0
339313,0
339314,0
339315,0
339316,0
339317,0
339318,0
339319,0
339320,0
339321,0
339322,0
339323,0
339324,0
339325,0
339326,0
339327,0
339328,0
339329,0
339330,0
339331,0
339332,0
339333,0
339334,0
339335,0
339336,0
339337,0
339338,0
339339,0
339340,0
339341,0
339342,0
339343,0
339344,0
339345,0
339346,0
339347,0
339348,0
339349,0
339350,0
339351,0
339352,0
339353,0
339354,0
339355,0
339356,0
339357,0
339358,0
339359,0
339360,0
339361,0
339362,0
339363,0
339364,0
339365,0
339366,0
339367,0
339368,0
339369,0
339370,0
339371,0
339372,0
339373,0
339374,0
339375,0
339376,0
339377,0
339378,0
339379,0
339380,0
339381,0
339382,0
339383,0
339384,0
339385,0
339386,0
339387,0
339388,0
339389,0
339390,0
339391,0
339392,0
339393,0
339394,0
339395,0
339396,0
339397,0
339398,0
339399,0
339400,0
339401,0
339402,0
339403,0
339404,0
339405,0
339406,0
339407,0
339408,0
339409,0
339410,0
339411,0
339412,0
339413,0
339414,0
339415,0
339416,0
339417,0
339418,0
339419,0
339420,0
339421,0
339422,0
339423,0
339424,0
339425,0
339426,0
339427,0
339428,0
339429,0
339430,0
339431,0
339432,0
339433,0
339434,0
339435,0
339436,0
339437,0
339438,0
339439,0
339440,0
339441,0
339442,0
339443,0
339444,0
339445,0
339446,0
339447,0
339448,0
339449,0
339450,0
339451,0
339452,0
339453,0
339454,0
339455,0
339456,0
339457,0
339458,0
339459,0
339460,0
339461,0
339462,0
339463,0
339464,0
339465,0
339466,0
339467,0
339468,0
339469,0
339470,0
339471,0
339472,0
339473,0
339474,0
339475,0
339476,0
339477,0
339478,0
339479,0
339480,0
339481,0
339482,0
339483,0
339484,0
339485,0
339486,0
339487,0
339488,0
339489,0
339490,0
339491,0
339492,0
339493,0
339494,0
339495,0
339496,0
339497,0
339498,0
339499,0
339500,0
339501,0
339502,0
339503,0
339504,0
339505,0
339506,0
339507,0
339508,0
339509,0
339510,0
339511,0
339512,0
339513,0
339514,0
339515,0
339516,0
339517,0
339518,0
339519,0
339520,0
339521,0
339522,0
339523,0
339524,0
339525,0
339526,0
339527,0
339528,0
339529,0
339530,0
339531,0
339532,0
339533,0
339534,0
339535,0
339536,0
339537,0
339538,0
339539,0
339540,0
339541,0
339542,0
339543,0
339544,0
339545,0
339546,0
339547,0
339548,0
339549,0
339550,0
339551,0
339552,0
339553,0
339554,0
339555,0
339556,0
339557,0
339558,0
339559,0
339560,0
339561,0
339562,0
339563,0
339564,0
339565,0
339566,0
339567,0
339568,0
339569,0
339570,0
339571,0
339572,0
339573,0
339574,0
339575,0
339576,0
339577,0
339578,0
339579,0
339580,0
339581,0
339582,0
339583,0
339584,0
339585,0
339586,0
339587,0
339588,0
339589,0
339590,0
339591,0
339592,0
339593,0
339594,0
339595,0
339596,0
339597,0
339598,0
339599,0
339600,0
339601,0
339602,0
339603,0
339604,0
339605,0
339606,0
339607,0
339608,0
339609,0
339610,0
339611,0
339612,0
339613,0
339614,0
339615,0
339616,0
339617,0
339618,0
339619,0
339620,0
339621,0
339622,0
339623,0
339624,0
339625,0
339626,0
339627,0
339628,0
339629,0
339630,0
339631,0
339632,0
339633,0
339634,0
339635,0
339636,0
339637,0
339638,0
339639,0
339640,0
339641,0
339642,0
339643,0
339644,0
339645,0
339646,0
339647,0
339648,0
339649,0
339650,0
339651,0
339652,0
339653,0
339654,0
339655,0
339656,0
339657,0
339658,0
339659,0
339660,0
339661,0
339662,0
339663,0
339664,0
339665,0
339666,0
339667,0
339668,0
339669,0
339670,0
339671,0
339672,0
339673,0
339674,0
339675,0
339676,0
339677,0
339678,0
339679,0
339680,0
339681,0
339682,0
339683,0
339684,0
339685,0
339686,0
339687,0
339688,0
339689,0
339690,0
339691,0
339692,0
339693,0
339694,0
339695,0
339696,0
339697,0
339698,0
339699,0
339700,0
339701,0
339702,0
339703,0
339704,0
339705,0
339706,0
339707,0
339708,0
339709,0
339710,0
339711,0
339712,0
339713,0
339714,0
339715,0
339716,0
339717,0
339718,0
339719,0
339720,0
339721,0
339722,0
339723,0
339724,0
339725,0
339726,0
339727,0
339728,0
339729,0
339730,0
339731,0
339732,0
339733,0
339734,0
339735,0
339736,0
339737,0
339738,0
339739,0
339740,0
339741,0
339742,0
339743,0
339744,0
339745,0
339746,0
339747,0
339748,0
339749,0
339750,0
339751,0
339752,0
339753,0
339754,0
339755,0
339756,0
339757,0
339758,0
339759,0
339760,0
339761,0
339762,0
339763,0
339764,0
339765,0
339766,0
339767,0
339768,0
339769,0
339770,0
339771,0
339772,0
339773,0
339774,0
339775,0
339776,0
339777,0
339778,0
339779,0
339780,0
339781,0
339782,0
339783,0
339784,0
339785,0
339786,0
339787,0
339788,0
339789,0
339790,0
339791,0
339792,0
339793,0
339794,0
339795,0
339796,0
339797,0
339798,0
339799,0
339800,0
339801,0
339802,0
339803,0
339804,0
339805,0
339806,0
339807,0
339808,0
339809,0
339810,0
339811,0
339812,0
339813,0
339814,0
339815,0
339816,0
339817,0
339818,0
339819,0
339820,0
339821,0
339822,0
339823,0
339824,0
339825,0
339826,0
339827,0
339828,0
339829,0
339830,0
339831,0
339832,0
339833,0
339834,0
339835,0
339836,0
339837,0
339838,0
339839,0
339840,0
339841,0
339842,0
339843,0
339844,0
339845,0
339846,0
339847,0
339848,0
339849,0
339850,0
339851,0
339852,0
339853,0
339854,0
339855,0
339856,0
339857,0
339858,0
339859,0
339860,0
339861,0
339862,0
339863,0
339864,0
339865,0
339866,0
339867,0
339868,0
339869,0
339870,0
339871,0
339872,0
339873,0
339874,0
339875,0
339876,0
339877,0
339878,0
339879,0
339880,0
339881,0
339882,0
339883,0
339884,0
339885,0
339886,0
339887,0
339888,0
339889,0
339890,0
339891,0
339892,0
339893,0
339894,0
339895,0
339896,0
339897,0
339898,0
339899,0
339900,0
339901,0
339902,0
339903,0
339904,0
339905,0
339906,0
339907,0
339908,0
339909,0
339910,0
339911,0
339912,0
339913,0
339914,0
339915,0
339916,0
339917,0
339918,0
339919,0
339920,0
339921,0
339922,0
339923,0
339924,0
339925,0
339926,0
339927,0
339928,0
339929,0
339930,0
339931,0
339932,0
339933,0
339934,0
339935,0
339936,0
339937,0
339938,0
339939,0
339940,0
339941,0
339942,0
339943,0
339944,0
339945,0
339946,0
339947,0
339948,0
339949,0
339950,0
339951,0
339952,0
339953,0
339954,0
339955,0
339956,0
339957,0
339958,0
339959,0
339960,0
339961,0
339962,0
339963,0
339964,0
339965,0
339966,0
339967,0
339968,0
339969,0
339970,0
339971,0
339972,0
339973,0
339974,0
339975,0
339976,0
339977,0
339978,0
339979,0
339980,0
339981,0
339982,0
339983,0
339984,0
339985,0
339986,0
339987,0
339988,0
339989,0
339990,0
339991,0
339992,0
339993,0
339994,0
339995,0
339996,0
339997,0
339998,0
339999,0
340000,0
340001,0
340002,0
340003,0
340004,0
340005,0
340006,0
340007,0
340008,0
340009,0
340010,0
340011,0
340012,0
340013,0
340014,0
340015,0
340016,0
340017,0
340018,0
340019,0
340020,0
340021,0
340022,0
340023,0
340024,0
340025,0
340026,0
340027,0
340028,0
340029,0
340030,0
340031,0
340032,0
340033,0
340034,0
340035,0
340036,0
340037,0
340038,0
340039,0
340040,0
340041,0
340042,0
340043,0
340044,0
340045,0
340046,0
340047,0
340048,0
340049,0
340050,0
340051,0
340052,0
340053,0
340054,0
340055,0
340056,0
340057,0
340058,0
340059,0
340060,0
340061,0
340062,0
340063,0
340064,0
340065,0
340066,0
340067,0
340068,0
340069,0
340070,0
340071,0
340072,0
340073,0
340074,0
340075,0
340076,0
340077,0
340078,0
340079,0
340080,0
340081,0
340082,0
340083,0
340084,0
340085,0
340086,0
340087,0
340088,0
340089,0
340090,0
340091,0
340092,0
340093,0
340094,0
340095,0
340096,0
340097,0
340098,0
340099,0
340100,0
340101,0
340102,0
340103,0
340104,0
340105,0
340106,0
340107,0
340108,0
340109,0
340110,0
340111,0
340112,0
340113,0
340114,0
340115,0
340116,0
340117,0
340118,0
340119,0
340120,0
340121,0
340122,0
340123,0
340124,0
340125,0
340126,0
340127,0
340128,0
340129,0
340130,0
340131,0
340132,0
340133,0
340134,0
340135,0
340136,0
340137,0
340138,0
340139,0
340140,0
340141,0
340142,0
340143,0
340144,0
340145,0
340146,0
340147,0
340148,0
340149,0
340150,0
340151,0
340152,0
340153,0
340154,0
340155,0
340156,0
340157,0
340158,0
340159,0
340160,0
340161,0
340162,0
340163,0
340164,0
340165,0
340166,0
340167,0
340168,0
340169,0
340170,0
340171,0
340172,0
340173,0
340174,0
340175,0
340176,0
340177,0
340178,0
340179,0
340180,0
340181,0
340182,0
340183,0
340184,0
340185,0
340186,0
340187,0
340188,0
340189,0
340190,0
340191,0
340192,0
340193,0
340194,0
340195,0
340196,0
340197,0
340198,0
340199,0
340200,0
340201,0
340202,0
340203,0
340204,0
340205,0
340206,0
340207,0
340208,0
340209,0
340210,0
340211,0
340212,0
340213,0
340214,0
340215,0
340216,0
340217,0
340218,0
340219,0
340220,0
340221,0
340222,0
340223,0
340224,0
340225,0
340226,0
340227,0
340228,0
340229,0
340230,0
340231,0
340232,0
340233,0
340234,0
340235,0
340236,0
340237,0
340238,0
340239,0
340240,0
340241,0
340242,0
340243,0
340244,0
340245,0
340246,0
340247,0
340248,0
340249,0
340250,0
340251,0
340252,0
340253,0
340254,0
340255,0
340256,0
340257,0
340258,0
340259,0
340260,0
340261,0
340262,0
340263,0
340264,0
340265,0
340266,0
340267,0
340268,0
340269,0
340270,0
340271,0
340272,0
340273,0
340274,0
340275,0
340276,0
340277,0
340278,0
340279,0
340280,0
340281,0
340282,0
340283,0
340284,0
340285,0
340286,0
340287,0
340288,0
340289,0
340290,0
340291,0
340292,0
340293,0
340294,0
340295,0
340296,0
340297,0
340298,0
340299,0
340300,0
340301,0
340302,0
340303,0
340304,0
340305,0
340306,0
340307,0
340308,0
340309,0
340310,0
340311,0
340312,0
340313,0
340314,0
340315,0
340316,0
340317,0
340318,0
340319,0
340320,0
340321,0
340322,0
340323,0
340324,0
340325,0
340326,0
340327,0
340328,0
340329,0
340330,0
340331,0
340332,0
340333,0
340334,0
340335,0
340336,0
340337,0
340338,0
340339,0
340340,0
340341,0
340342,0
340343,0
340344,0
340345,0
340346,0
340347,0
340348,0
340349,0
340350,0
340351,0
340352,0
340353,0
340354,0
340355,0
340356,0
340357,0
340358,0
340359,0
340360,0
340361,0
340362,0
340363,0
340364,0
340365,0
340366,0
340367,0
340368,0
340369,0
340370,0
340371,0
340372,0
340373,0
340374,0
340375,0
340376,0
340377,0
340378,0
340379,0
340380,0
340381,0
340382,0
340383,0
340384,0
340385,0
340386,0
340387,0
340388,0
340389,0
340390,0
340391,0
340392,0
340393,0
340394,0
340395,0
340396,0
340397,0
340398,0
340399,0
340400,0
340401,0
340402,0
340403,0
340404,0
340405,0
340406,0
340407,0
340408,0
340409,0
340410,0
340411,0
340412,0
340413,0
340414,0
340415,0
340416,0
340417,0
340418,0
340419,0
340420,0
340421,0
340422,0
340423,0
340424,0
340425,0
340426,0
340427,0
340428,0
340429,0
340430,0
340431,0
340432,0
340433,0
340434,0
340435,0
340436,0
340437,0
340438,0
340439,0
340440,0
340441,0
340442,0
340443,0
340444,0
340445,0
340446,0
340447,0
340448,0
340449,0
340450,0
340451,0
340452,0
340453,0
340454,0
340455,0
340456,0
340457,0
340458,0
340459,0
340460,0
340461,0
340462,0
340463,0
340464,0
340465,0
340466,0
340467,0
340468,0
340469,0
340470,0
340471,0
340472,0
340473,0
340474,0
340475,0
340476,0
340477,0
340478,0
340479,0
340480,0
340481,0
340482,0
340483,0
340484,0
340485,0
340486,0
340487,0
340488,0
340489,0
340490,0
340491,0
340492,0
340493,0
340494,0
340495,0
340496,0
340497,0
340498,0
340499,0
340500,0
340501,0
340502,0
340503,0
340504,0
340505,0
340506,0
340507,0
340508,0
340509,0
340510,0
340511,0
340512,0
340513,0
340514,0
340515,0
340516,0
340517,0
340518,0
340519,0
340520,0
340521,0
340522,0
340523,0
340524,0
340525,0
340526,0
340527,0
340528,0
340529,0
340530,0
340531,0
340532,0
340533,0
340534,0
340535,0
340536,0
340537,0
340538,0
340539,0
340540,0
340541,0
340542,0
340543,0
340544,0
340545,0
340546,0
340547,0
340548,0
340549,0
340550,0
340551,0
340552,0
340553,0
340554,0
340555,0
340556,0
340557,0
340558,0
340559,0
340560,0
340561,0
340562,0
340563,0
340564,0
340565,0
340566,0
340567,0
340568,0
340569,0
340570,0
340571,0
340572,0
340573,0
340574,0
340575,0
340576,0
340577,0
340578,0
340579,0
340580,0
340581,0
340582,0
340583,0
340584,0
340585,0
340586,0
340587,0
340588,0
340589,0
340590,0
340591,0
340592,0
340593,0
340594,0
340595,0
340596,0
340597,0
340598,0
340599,0
340600,0
340601,0
340602,0
340603,0
340604,0
340605,0
340606,0
340607,0
340608,0
340609,0
340610,0
340611,0
340612,0
340613,0
340614,0
340615,0
340616,0
340617,0
340618,0
340619,0
340620,0
340621,0
340622,0
340623,0
340624,0
340625,0
340626,0
340627,0
340628,0
340629,0
340630,0
340631,0
340632,0
340633,0
340634,0
340635,0
340636,0
340637,0
340638,0
340639,0
340640,0
340641,0
340642,0
340643,0
340644,0
340645,0
340646,0
340647,0
340648,0
340649,0
340650,0
340651,0
340652,0
340653,0
340654,0
340655,0
340656,0
340657,0
340658,0
340659,0
340660,0
340661,0
340662,0
340663,0
340664,0
340665,0
340666,0
340667,0
340668,0
340669,0
340670,0
340671,0
340672,0
340673,0
340674,0
340675,0
340676,0
340677,0
340678,0
340679,0
340680,0
340681,0
340682,0
340683,0
340684,0
340685,0
340686,0
340687,0
340688,0
340689,0
340690,0
340691,0
340692,0
340693,0
340694,0
340695,0
340696,0
340697,0
340698,0
340699,0
340700,0
340701,0
340702,0
340703,0
340704,0
340705,0
340706,0
340707,0
340708,0
340709,0
340710,0
340711,0
340712,0
340713,0
340714,0
340715,0
340716,0
340717,0
340718,0
340719,0
340720,0
340721,0
340722,0
340723,0
340724,0
340725,0
340726,0
340727,0
340728,0
340729,0
340730,0
340731,0
340732,0
340733,0
340734,0
340735,0
340736,0
340737,0
340738,0
340739,0
340740,0
340741,0
340742,0
340743,0
340744,0
340745,0
340746,0
340747,0
340748,0
340749,0
340750,0
340751,0
340752,0
340753,0
340754,0
340755,0
340756,0
340757,0
340758,0
340759,0
340760,0
340761,0
340762,0
340763,0
340764,0
340765,0
340766,0
340767,0
340768,0
340769,0
340770,0
340771,0
340772,0
340773,0
340774,0
340775,0
340776,0
340777,0
340778,0
340779,0
340780,0
340781,0
340782,0
340783,0
340784,0
340785,0
340786,0
340787,0
340788,0
340789,0
340790,0
340791,0
340792,0
340793,0
340794,0
340795,0
340796,0
340797,0
340798,0
340799,0
340800,0
340801,0
340802,0
340803,0
340804,0
340805,0
340806,0
340807,0
340808,0
340809,0
340810,0
340811,0
340812,0
340813,0
340814,0
340815,0
340816,0
340817,0
340818,0
340819,0
340820,0
340821,0
340822,0
340823,0
340824,0
340825,0
340826,0
340827,0
340828,0
340829,0
340830,0
340831,0
340832,0
340833,0
340834,0
340835,0
340836,0
340837,0
340838,0
340839,0
340840,0
340841,0
340842,0
340843,0
340844,0
340845,0
340846,0
340847,0
340848,0
340849,0
340850,0
340851,0
340852,0
340853,0
340854,0
340855,0
340856,0
340857,0
340858,0
340859,0
340860,0
340861,0
340862,0
340863,0
340864,0
340865,0
340866,0
340867,0
340868,0
340869,0
340870,0
340871,0
340872,0
340873,0
340874,0
340875,0
340876,0
340877,0
340878,0
340879,0
340880,0
340881,0
340882,0
340883,0
340884,0
340885,0
340886,0
340887,0
340888,0
340889,0
340890,0
340891,0
340892,0
340893,0
340894,0
340895,0
340896,0
340897,0
340898,0
340899,0
340900,0
340901,0
340902,0
340903,0
340904,0
340905,0
340906,0
340907,0
340908,0
340909,0
340910,0
340911,0
340912,0
340913,0
340914,0
340915,0
340916,0
340917,0
340918,0
340919,0
340920,0
340921,0
340922,0
340923,0
340924,0
340925,0
340926,0
340927,0
340928,0
340929,0
340930,0
340931,0
340932,0
340933,0
340934,0
340935,0
340936,0
340937,0
340938,0
340939,0
340940,0
340941,0
340942,0
340943,0
340944,0
340945,0
340946,0
340947,0
340948,0
340949,0
340950,0
340951,0
340952,0
340953,0
340954,0
340955,0
340956,0
340957,0
340958,0
340959,0
340960,0
340961,0
340962,0
340963,0
340964,0
340965,0
340966,0
340967,0
340968,0
340969,0
340970,0
340971,0
340972,0
340973,0
340974,0
340975,0
340976,0
340977,0
340978,0
340979,0
340980,0
340981,0
340982,0
340983,0
340984,0
340985,0
340986,0
340987,0
340988,0
340989,0
340990,0
340991,0
340992,0
340993,0
340994,0
340995,0
340996,0
340997,0
340998,0
340999,0
341000,0
341001,0
341002,0
341003,0
341004,0
341005,0
341006,0
341007,0
341008,0
341009,0
341010,0
341011,0
341012,0
341013,0
341014,0
341015,0
341016,0
341017,0
341018,0
341019,0
341020,0
341021,0
341022,0
341023,0
341024,0
341025,0
341026,0
341027,0
341028,0
341029,0
341030,0
341031,0
341032,0
341033,0
341034,0
341035,0
341036,0
341037,0
341038,0
341039,0
341040,0
341041,0
341042,0
341043,0
341044,0
341045,0
341046,0
341047,0
341048,0
341049,0
341050,0
341051,0
341052,0
341053,0
341054,0
341055,0
341056,0
341057,0
341058,0
341059,0
341060,0
341061,0
341062,0
341063,0
341064,0
341065,0
341066,0
341067,0
341068,0
341069,0
341070,0
341071,0
341072,0
341073,0
341074,0
341075,0
341076,0
341077,0
341078,0
341079,0
341080,0
341081,0
341082,0
341083,0
341084,0
341085,0
341086,0
341087,0
341088,0
341089,0
341090,0
341091,0
341092,0
341093,0
341094,0
341095,0
341096,0
341097,0
341098,0
341099,0
341100,0
341101,0
341102,0
341103,0
341104,0
341105,0
341106,0
341107,0
341108,0
341109,0
341110,0
341111,0
341112,0
341113,0
341114,0
341115,0
341116,0
341117,0
341118,0
341119,0
341120,0
341121,0
341122,0
341123,0
341124,0
341125,0
341126,0
341127,0
341128,0
341129,0
341130,0
341131,0
341132,0
341133,0
341134,0
341135,0
341136,0
341137,0
341138,0
341139,0
341140,0
341141,0
341142,0
341143,0
341144,0
341145,0
341146,0
341147,0
341148,0
341149,0
341150,0
341151,0
341152,0
341153,0
341154,0
341155,0
341156,0
341157,0
341158,0
341159,0
341160,0
341161,0
341162,0
341163,0
341164,0
341165,0
341166,0
341167,0
341168,0
341169,0
341170,0
341171,0
341172,0
341173,0
341174,0
341175,0
341176,0
341177,0
341178,0
341179,0
341180,0
341181,0
341182,0
341183,0
341184,0
341185,0
341186,0
341187,0
341188,0
341189,0
341190,0
341191,0
341192,0
341193,0
341194,0
341195,0
341196,0
341197,0
341198,0
341199,0
341200,0
341201,0
341202,0
341203,0
341204,0
341205,0
341206,0
341207,0
341208,0
341209,0
341210,0
341211,0
341212,0
341213,0
341214,0
341215,0
341216,0
341217,0
341218,0
341219,0
341220,0
341221,0
341222,0
341223,0
341224,0
341225,0
341226,0
341227,0
341228,0
341229,0
341230,0
341231,0
341232,0
341233,0
341234,0
341235,0
341236,0
341237,0
341238,0
341239,0
341240,0
341241,0
341242,0
341243,0
341244,0
341245,0
341246,0
341247,0
341248,0
341249,0
341250,0
341251,0
341252,0
341253,0
341254,0
341255,0
341256,0
341257,0
341258,0
341259,0
341260,0
341261,0
341262,0
341263,0
341264,0
341265,0
341266,0
341267,0
341268,0
341269,0
341270,0
341271,0
341272,0
341273,0
341274,0
341275,0
341276,0
341277,0
341278,0
341279,0
341280,0
341281,0
341282,0
341283,0
341284,0
341285,0
341286,0
341287,0
341288,0
341289,0
341290,0
341291,0
341292,0
341293,0
341294,0
341295,0
341296,0
341297,0
341298,0
341299,0
341300,0
341301,0
341302,0
341303,0
341304,0
341305,0
341306,0
341307,0
341308,0
341309,0
341310,0
341311,0
341312,0
341313,0
341314,0
341315,0
341316,0
341317,0
341318,0
341319,0
341320,0
341321,0
341322,0
341323,0
341324,0
341325,0
341326,0
341327,0
341328,0
341329,0
341330,0
341331,0
341332,0
341333,0
341334,0
341335,0
341336,0
341337,0
341338,0
341339,0
341340,0
341341,0
341342,0
341343,0
341344,0
341345,0
341346,0
341347,0
341348,0
341349,0
341350,0
341351,0
341352,0
341353,0
341354,0
341355,0
341356,0
341357,0
341358,0
341359,0
341360,0
341361,0
341362,0
341363,0
341364,0
341365,0
341366,0
341367,0
341368,0
341369,0
341370,0
341371,0
341372,0
341373,0
341374,0
341375,0
341376,0
341377,0
341378,0
341379,0
341380,0
341381,0
341382,0
341383,0
341384,0
341385,0
341386,0
341387,0
341388,0
341389,0
341390,0
341391,0
341392,0
341393,0
341394,0
341395,0
341396,0
341397,0
341398,0
341399,0
341400,0
341401,0
341402,0
341403,0
341404,0
341405,0
341406,0
341407,0
341408,0
341409,0
341410,0
341411,0
341412,0
341413,0
341414,0
341415,0
341416,0
341417,0
341418,0
341419,0
341420,0
341421,0
341422,0
341423,0
341424,0
341425,0
341426,0
341427,0
341428,0
341429,0
341430,0
341431,0
341432,0
341433,0
341434,0
341435,0
341436,0
341437,0
341438,0
341439,0
341440,0
341441,0
341442,0
341443,0
341444,0
341445,0
341446,0
341447,0
341448,0
341449,0
341450,0
341451,0
341452,0
341453,0
341454,0
341455,0
341456,0
341457,0
341458,0
341459,0
341460,0
341461,0
341462,0
341463,0
341464,0
341465,0
341466,0
341467,0
341468,0
341469,0
341470,0
341471,0
341472,0
341473,0
341474,0
341475,0
341476,0
341477,0
341478,0
341479,0
341480,0
341481,0
341482,0
341483,0
341484,0
341485,0
341486,0
341487,0
341488,0
341489,0
341490,0
341491,0
341492,0
341493,0
341494,0
341495,0
341496,0
341497,0
341498,0
341499,0
341500,0
341501,0
341502,0
341503,0
341504,0
341505,0
341506,0
341507,0
341508,0
341509,0
341510,0
341511,0
341512,0
341513,0
341514,0
341515,0
341516,0
341517,0
341518,0
341519,0
341520,0
341521,0
341522,0
341523,0
341524,0
341525,0
341526,0
341527,0
341528,0
341529,0
341530,0
341531,0
341532,0
341533,0
341534,0
341535,0
341536,0
341537,0
341538,0
341539,0
341540,0
341541,0
341542,0
341543,0
341544,0
341545,0
341546,0
341547,0
341548,0
341549,0
341550,0
341551,0
341552,0
341553,0
341554,0
341555,0
341556,0
341557,0
341558,0
341559,0
341560,0
341561,0
341562,0
341563,0
341564,0
341565,0
341566,0
341567,0
341568,0
341569,0
341570,0
341571,0
341572,0
341573,0
341574,0
341575,0
341576,0
341577,0
341578,0
341579,0
341580,0
341581,0
341582,0
341583,0
341584,0
341585,0
341586,0
341587,0
341588,0
341589,0
341590,0
341591,0
341592,0
341593,0
341594,0
341595,0
341596,0
341597,0
341598,0
341599,0
341600,0
341601,0
341602,0
341603,0
341604,0
341605,0
341606,0
341607,0
341608,0
341609,0
341610,0
341611,0
341612,0
341613,0
341614,0
341615,0
341616,0
341617,0
341618,0
341619,0
341620,0
341621,0
341622,0
341623,0
341624,0
341625,0
341626,0
341627,0
341628,0
341629,0
341630,0
341631,0
341632,0
341633,0
341634,0
341635,0
341636,0
341637,0
341638,0
341639,0
341640,0
341641,0
341642,0
341643,0
341644,0
341645,0
341646,0
341647,0
341648,0
341649,0
341650,0
341651,0
341652,0
341653,0
341654,0
341655,0
341656,0
341657,0
341658,0
341659,0
341660,0
341661,0
341662,0
341663,0
341664,0
341665,0
341666,0
341667,0
341668,0
341669,0
341670,0
341671,0
341672,0
341673,0
341674,0
341675,0
341676,0
341677,0
341678,0
341679,0
341680,0
341681,0
341682,0
341683,0
341684,0
341685,0
341686,0
341687,0
341688,0
341689,0
341690,0
341691,0
341692,0
341693,0
341694,0
341695,0
341696,0
341697,0
341698,0
341699,0
341700,0
341701,0
341702,0
341703,0
341704,0
341705,0
341706,0
341707,0
341708,0
341709,0
341710,0
341711,0
341712,0
341713,0
341714,0
341715,0
341716,0
341717,0
341718,0
341719,0
341720,0
341721,0
341722,0
341723,0
341724,0
341725,0
341726,0
341727,0
341728,0
341729,0
341730,0
341731,0
341732,0
341733,0
341734,0
341735,0
341736,0
341737,0
341738,0
341739,0
341740,0
341741,0
341742,0
341743,0
341744,0
341745,0
341746,0
341747,0
341748,0
341749,0
341750,0
341751,0
341752,0
341753,0
341754,0
341755,0
341756,0
341757,0
341758,0
341759,0
341760,0
341761,0
341762,0
341763,0
341764,0
341765,0
341766,0
341767,0
341768,0
341769,0
341770,0
341771,0
341772,0
341773,0
341774,0
341775,0
341776,0
341777,0
341778,0
341779,0
341780,0
341781,0
341782,0
341783,0
341784,0
341785,0
341786,0
341787,0
341788,0
341789,0
341790,0
341791,0
341792,0
341793,0
341794,0
341795,0
341796,0
341797,0
341798,0
341799,0
341800,0
341801,0
341802,0
341803,0
341804,0
341805,0
341806,0
341807,0
341808,0
341809,0
341810,0
341811,0
341812,0
341813,0
341814,0
341815,0
341816,0
341817,0
341818,0
341819,0
341820,0
341821,0
341822,0
341823,0
341824,0
341825,0
341826,0
341827,0
341828,0
341829,0
341830,0
341831,0
341832,0
341833,0
341834,0
341835,0
341836,0
341837,0
341838,0
341839,0
341840,0
341841,0
341842,0
341843,0
341844,0
341845,0
341846,0
341847,0
341848,0
341849,0
341850,0
341851,0
341852,0
341853,0
341854,0
341855,0
341856,0
341857,0
341858,0
341859,0
341860,0
341861,0
341862,0
341863,0
341864,0
341865,0
341866,0
341867,0
341868,0
341869,0
341870,0
341871,0
341872,0
341873,0
341874,0
341875,0
341876,0
341877,0
341878,0
341879,0
341880,0
341881,0
341882,0
341883,0
341884,0
341885,0
341886,0
341887,0
341888,0
341889,0
341890,0
341891,0
341892,0
341893,0
341894,0
341895,0
341896,0
341897,0
341898,0
341899,0
341900,0
341901,0
341902,0
341903,0
341904,0
341905,0
341906,0
341907,0
341908,0
341909,0
341910,0
341911,0
341912,0
341913,0
341914,0
341915,0
341916,0
341917,0
341918,0
341919,0
341920,0
341921,0
341922,0
341923,0
341924,0
341925,0
341926,0
341927,0
341928,0
341929,0
341930,0
341931,0
341932,0
341933,0
341934,0
341935,0
341936,0
341937,0
341938,0
341939,0
341940,0
341941,0
341942,0
341943,0
341944,0
341945,0
341946,0
341947,0
341948,0
341949,0
341950,0
341951,0
341952,0
341953,0
341954,0
341955,0
341956,0
341957,0
341958,0
341959,0
341960,0
341961,0
341962,0
341963,0
341964,0
341965,0
341966,0
341967,0
341968,0
341969,0
341970,0
341971,0
341972,0
341973,0
341974,0
341975,0
341976,0
341977,0
341978,0
341979,0
341980,0
341981,0
341982,0
341983,0
341984,0
341985,0
341986,0
341987,0
341988,0
341989,0
341990,0
341991,0
341992,0
341993,0
341994,0
341995,0
341996,0
341997,0
341998,0
341999,0
342000,0
342001,0
342002,0
342003,0
342004,0
342005,0
342006,0
342007,0
342008,0
342009,0
342010,0
342011,0
342012,0
342013,0
342014,0
342015,0
342016,0
342017,0
342018,0
342019,0
342020,0
342021,0
342022,0
342023,0
342024,0
342025,0
342026,0
342027,0
342028,0
342029,0
342030,0
342031,0
342032,0
342033,0
342034,0
342035,0
342036,0
342037,0
342038,0
342039,0
342040,0
342041,0
342042,0
342043,0
342044,0
342045,0
342046,0
342047,0
342048,0
342049,0
342050,0
342051,0
342052,0
342053,0
342054,0
342055,0
342056,0
342057,0
342058,0
342059,0
342060,0
342061,0
342062,0
342063,0
342064,0
342065,0
342066,0
342067,0
342068,0
342069,0
342070,0
342071,0
342072,0
342073,0
342074,0
342075,0
342076,0
342077,0
342078,0
342079,0
342080,0
342081,0
342082,0
342083,0
342084,0
342085,0
342086,0
342087,0
342088,0
342089,0
342090,0
342091,0
342092,0
342093,0
342094,0
342095,0
342096,0
342097,0
342098,0
342099,0
342100,0
342101,0
342102,0
342103,0
342104,0
342105,0
342106,0
342107,0
342108,0
342109,0
342110,0
342111,0
342112,0
342113,0
342114,0
342115,0
342116,0
342117,0
342118,0
342119,0
342120,0
342121,0
342122,0
342123,0
342124,0
342125,0
342126,0
342127,0
342128,0
342129,0
342130,0
342131,0
342132,0
342133,0
342134,0
342135,0
342136,0
342137,0
342138,0
342139,0
342140,0
342141,0
342142,0
342143,0
342144,0
342145,0
342146,0
342147,0
342148,0
342149,0
342150,0
342151,0
342152,0
342153,0
342154,0
342155,0
342156,0
342157,0
342158,0
342159,0
342160,0
342161,0
342162,0
342163,0
342164,0
342165,0
342166,0
342167,0
342168,0
342169,0
342170,0
342171,0
342172,0
342173,0
342174,0
342175,0
342176,0
342177,0
342178,0
342179,0
342180,0
342181,0
342182,0
342183,0
342184,0
342185,0
342186,0
342187,0
342188,0
342189,0
342190,0
342191,0
342192,0
342193,0
342194,0
342195,0
342196,0
342197,0
342198,0
342199,0
342200,0
342201,0
342202,0
342203,0
342204,0
342205,0
342206,0
342207,0
342208,0
342209,0
342210,0
342211,0
342212,0
342213,0
342214,0
342215,0
342216,0
342217,0
342218,0
342219,0
342220,0
342221,0
342222,0
342223,0
342224,0
342225,0
342226,0
342227,0
342228,0
342229,0
342230,0
342231,0
342232,0
342233,0
342234,0
342235,0
342236,0
342237,0
342238,0
342239,0
342240,0
342241,0
342242,0
342243,0
342244,0
342245,0
342246,0
342247,0
342248,0
342249,0
342250,0
342251,0
342252,0
342253,0
342254,0
342255,0
342256,0
342257,0
342258,0
342259,0
342260,0
342261,0
342262,0
342263,0
342264,0
342265,0
342266,0
342267,0
342268,0
342269,0
342270,0
342271,0
342272,0
342273,0
342274,0
342275,0
342276,0
342277,0
342278,0
342279,0
342280,0
342281,0
342282,0
342283,0
342284,0
342285,0
342286,0
342287,0
342288,0
342289,0
342290,0
342291,0
342292,0
342293,0
342294,0
342295,0
342296,0
342297,0
342298,0
342299,0
342300,0
342301,0
342302,0
342303,0
342304,0
342305,0
342306,0
342307,0
342308,0
342309,0
342310,0
342311,0
342312,0
342313,0
342314,0
342315,0
342316,0
342317,0
342318,0
342319,0
342320,0
342321,0
342322,0
342323,0
342324,0
342325,0
342326,0
342327,0
342328,0
342329,0
342330,0
342331,0
342332,0
342333,0
342334,0
342335,0
342336,0
342337,0
342338,0
342339,0
342340,0
342341,0
342342,0
342343,0
342344,0
342345,0
342346,0
342347,0
342348,0
342349,0
342350,0
342351,0
342352,0
342353,0
342354,0
342355,0
342356,0
342357,0
342358,0
342359,0
342360,0
342361,0
342362,0
342363,0
342364,0
342365,0
342366,0
342367,0
342368,0
342369,0
342370,0
342371,0
342372,0
342373,0
342374,0
342375,0
342376,0
342377,0
342378,0
342379,0
342380,0
342381,0
342382,0
342383,0
342384,0
342385,0
342386,0
342387,0
342388,0
342389,0
342390,0
342391,0
342392,0
342393,0
342394,0
342395,0
342396,0
342397,0
342398,0
342399,0
342400,0
342401,0
342402,0
342403,0
342404,0
342405,0
342406,0
342407,0
342408,0
342409,0
342410,0
342411,0
342412,0
342413,0
342414,0
342415,0
342416,0
342417,0
342418,0
342419,0
342420,0
342421,0
342422,0
342423,0
342424,0
342425,0
342426,0
342427,0
342428,0
342429,0
342430,0
342431,0
342432,0
342433,0
342434,0
342435,0
342436,0
342437,0
342438,0
342439,0
342440,0
342441,0
342442,0
342443,0
342444,0
342445,0
342446,0
342447,0
342448,0
342449,0
342450,0
342451,0
342452,0
342453,0
342454,0
342455,0
342456,0
342457,0
342458,0
342459,0
342460,0
342461,0
342462,0
342463,0
342464,0
342465,0
342466,0
342467,0
342468,0
342469,0
342470,0
342471,0
342472,0
342473,0
342474,0
342475,0
342476,0
342477,0
342478,0
342479,0
342480,0
342481,0
342482,0
342483,0
342484,0
342485,0
342486,0
342487,0
342488,0
342489,0
342490,0
342491,0
342492,0
342493,0
342494,0
342495,0
342496,0
342497,0
342498,0
342499,0
342500,0
342501,0
342502,0
342503,0
342504,0
342505,0
342506,0
342507,0
342508,0
342509,0
342510,0
342511,0
342512,0
342513,0
342514,0
342515,0
342516,0
342517,0
342518,0
342519,0
342520,0
342521,0
342522,0
342523,0
342524,0
342525,0
342526,0
342527,0
342528,0
342529,0
342530,0
342531,0
342532,0
342533,0
342534,0
342535,0
342536,0
342537,0
342538,0
342539,0
342540,0
342541,0
342542,0
342543,0
342544,0
342545,0
342546,0
342547,0
342548,0
342549,0
342550,0
342551,0
342552,0
342553,0
342554,0
342555,0
342556,0
342557,0
342558,0
342559,0
342560,0
342561,0
342562,0
342563,0
342564,0
342565,0
342566,0
342567,0
342568,0
342569,0
342570,0
342571,0
342572,0
342573,0
342574,0
342575,0
342576,0
342577,0
342578,0
342579,0
342580,0
342581,0
342582,0
342583,0
342584,0
342585,0
342586,0
342587,0
342588,0
342589,0
342590,0
342591,0
342592,0
342593,0
342594,0
342595,0
342596,0
342597,0
342598,0
342599,0
342600,0
342601,0
342602,0
342603,0
342604,0
342605,0
342606,0
342607,0
342608,0
342609,0
342610,0
342611,0
342612,0
342613,0
342614,0
342615,0
342616,0
342617,0
342618,0
342619,0
342620,0
342621,0
342622,0
342623,0
342624,0
342625,0
342626,0
342627,0
342628,0
342629,0
342630,0
342631,0
342632,0
342633,0
342634,0
342635,0
342636,0
342637,0
342638,0
342639,0
342640,0
342641,0
342642,0
342643,0
342644,0
342645,0
342646,0
342647,0
342648,0
342649,0
342650,0
342651,0
342652,0
342653,0
342654,0
342655,0
342656,0
342657,0
342658,0
342659,0
342660,0
342661,0
342662,0
342663,0
342664,0
342665,0
342666,0
342667,0
342668,0
342669,0
342670,0
342671,0
342672,0
342673,0
342674,0
342675,0
342676,0
342677,0
342678,0
342679,0
342680,0
342681,0
342682,0
342683,0
342684,0
342685,0
342686,0
342687,0
342688,0
342689,0
342690,0
342691,0
342692,0
342693,0
342694,0
342695,0
342696,0
342697,0
342698,0
342699,0
342700,0
342701,0
342702,0
342703,0
342704,0
342705,0
342706,0
342707,0
342708,0
342709,0
342710,0
342711,0
342712,0
342713,0
342714,0
342715,0
342716,0
342717,0
342718,0
342719,0
342720,0
342721,0
342722,0
342723,0
342724,0
342725,0
342726,0
342727,0
342728,0
342729,0
342730,0
342731,0
342732,0
342733,0
342734,0
342735,0
342736,0
342737,0
342738,0
342739,0
342740,0
342741,0
342742,0
342743,0
342744,0
342745,0
342746,0
342747,0
342748,0
342749,0
342750,0
342751,0
342752,0
342753,0
342754,0
342755,0
342756,0
342757,0
342758,0
342759,0
342760,0
342761,0
342762,0
342763,0
342764,0
342765,0
342766,0
342767,0
342768,0
342769,0
342770,0
342771,0
342772,0
342773,0
342774,0
342775,0
342776,0
342777,0
342778,0
342779,0
342780,0
342781,0
342782,0
342783,0
342784,0
342785,0
342786,0
342787,0
342788,0
342789,0
342790,0
342791,0
342792,0
342793,0
342794,0
342795,0
342796,0
342797,0
342798,0
342799,0
342800,0
342801,0
342802,0
342803,0
342804,0
342805,0
342806,0
342807,0
342808,0
342809,0
342810,0
342811,0
342812,0
342813,0
342814,0
342815,0
342816,0
342817,0
342818,0
342819,0
342820,0
342821,0
342822,0
342823,0
342824,0
342825,0
342826,0
342827,0
342828,0
342829,0
342830,0
342831,0
342832,0
342833,0
342834,0
342835,0
342836,0
342837,0
342838,0
342839,0
342840,0
342841,0
342842,0
342843,0
342844,0
342845,0
342846,0
342847,0
342848,0
342849,0
342850,0
342851,0
342852,0
342853,0
342854,0
342855,0
342856,0
342857,0
342858,0
342859,0
342860,0
342861,0
342862,0
342863,0
342864,0
342865,0
342866,0
342867,0
342868,0
342869,0
342870,0
342871,0
342872,0
342873,0
342874,0
342875,0
342876,0
342877,0
342878,0
342879,0
342880,0
342881,0
342882,0
342883,0
342884,0
342885,0
342886,0
342887,0
342888,0
342889,0
342890,0
342891,0
342892,0
342893,0
342894,0
342895,0
342896,0
342897,0
342898,0
342899,0
342900,0
342901,0
342902,0
342903,0
342904,0
342905,0
342906,0
342907,0
342908,0
342909,0
342910,0
342911,0
342912,0
342913,0
342914,0
342915,0
342916,0
342917,0
342918,0
342919,0
342920,0
342921,0
342922,0
342923,0
342924,0
342925,0
342926,0
342927,0
342928,0
342929,0
342930,0
342931,0
342932,0
342933,0
342934,0
342935,0
342936,0
342937,0
342938,0
342939,0
342940,0
342941,0
342942,0
342943,0
342944,0
342945,0
342946,0
342947,0
342948,0
342949,0
342950,0
342951,0
342952,0
342953,0
342954,0
342955,0
342956,0
342957,0
342958,0
342959,0
342960,0
342961,0
342962,0
342963,0
342964,0
342965,0
342966,0
342967,0
342968,0
342969,0
342970,0
342971,0
342972,0
342973,0
342974,0
342975,0
342976,0
342977,0
342978,0
342979,0
342980,0
342981,0
342982,0
342983,0
342984,0
342985,0
342986,0
342987,0
342988,0
342989,0
342990,0
342991,0
342992,0
342993,0
342994,0
342995,0
342996,0
342997,0
342998,0
342999,0
343000,0
343001,0
343002,0
343003,0
343004,0
343005,0
343006,0
343007,0
343008,0
343009,0
343010,0
343011,0
343012,0
343013,0
343014,0
343015,0
343016,0
343017,0
343018,0
343019,0
343020,0
343021,0
343022,0
343023,0
343024,0
343025,0
343026,0
343027,0
343028,0
343029,0
343030,0
343031,0
343032,0
343033,0
343034,0
343035,0
343036,0
343037,0
343038,0
343039,0
343040,0
343041,0
343042,0
343043,0
343044,0
343045,0
343046,0
343047,0
343048,0
343049,0
343050,0
343051,0
343052,0
343053,0
343054,0
343055,0
343056,0
343057,0
343058,0
343059,0
343060,0
343061,0
343062,0
343063,0
343064,0
343065,0
343066,0
343067,0
343068,0
343069,0
343070,0
343071,0
343072,0
343073,0
343074,0
343075,0
343076,0
343077,0
343078,0
343079,0
343080,0
343081,0
343082,0
343083,0
343084,0
343085,0
343086,0
343087,0
343088,0
343089,0
343090,0
343091,0
343092,0
343093,0
343094,0
343095,0
343096,0
343097,0
343098,0
343099,0
343100,0
343101,0
343102,0
343103,0
343104,0
343105,0
343106,0
343107,0
343108,0
343109,0
343110,0
343111,0
343112,0
343113,0
343114,0
343115,0
343116,0
343117,0
343118,0
343119,0
343120,0
343121,0
343122,0
343123,0
343124,0
343125,0
343126,0
343127,0
343128,0
343129,0
343130,0
343131,0
343132,0
343133,0
343134,0
343135,0
343136,0
343137,0
343138,0
343139,0
343140,0
343141,0
343142,0
343143,0
343144,0
343145,0
343146,0
343147,0
343148,0
343149,0
343150,0
343151,0
343152,0
343153,0
343154,0
343155,0
343156,0
343157,0
343158,0
343159,0
343160,0
343161,0
343162,0
343163,0
343164,0
343165,0
343166,0
343167,0
343168,0
343169,0
343170,0
343171,0
343172,0
343173,0
343174,0
343175,0
343176,0
343177,0
343178,0
343179,0
343180,0
343181,0
343182,0
343183,0
343184,0
343185,0
343186,0
343187,0
343188,0
343189,0
343190,0
343191,0
343192,0
343193,0
343194,0
343195,0
343196,0
343197,0
343198,0
343199,0
343200,0
343201,0
343202,0
343203,0
343204,0
343205,0
343206,0
343207,0
343208,0
343209,0
343210,0
343211,0
343212,0
343213,0
343214,0
343215,0
343216,0
343217,0
343218,0
343219,0
343220,0
343221,0
343222,0
343223,0
343224,0
343225,0
343226,0
343227,0
343228,0
343229,0
343230,0
343231,0
343232,0
343233,0
343234,0
343235,0
343236,0
343237,0
343238,0
343239,0
343240,0
343241,0
343242,0
343243,0
343244,0
343245,0
343246,0
343247,0
343248,0
343249,0
343250,0
343251,0
343252,0
343253,0
343254,0
343255,0
343256,0
343257,0
343258,0
343259,0
343260,0
343261,0
343262,0
343263,0
343264,0
343265,0
343266,0
343267,0
343268,0
343269,0
343270,0
343271,0
343272,0
343273,0
343274,0
343275,0
343276,0
343277,0
343278,0
343279,0
343280,0
343281,0
343282,0
343283,0
343284,0
343285,0
343286,0
343287,0
343288,0
343289,0
343290,0
343291,0
343292,0
343293,0
343294,0
343295,0
343296,0
343297,0
343298,0
343299,0
343300,0
343301,0
343302,0
343303,0
343304,0
343305,0
343306,0
343307,0
343308,0
343309,0
343310,0
343311,0
343312,0
343313,0
343314,0
343315,0
343316,0
343317,0
343318,0
343319,0
343320,0
343321,0
343322,0
343323,0
343324,0
343325,0
343326,0
343327,0
343328,0
343329,0
343330,0
343331,0
343332,0
343333,0
343334,0
343335,0
343336,0
343337,0
343338,0
343339,0
343340,0
343341,0
343342,0
343343,0
343344,0
343345,0
343346,0
343347,0
343348,0
343349,0
343350,0
343351,0
343352,0
343353,0
343354,0
343355,0
343356,0
343357,0
343358,0
343359,0
343360,0
343361,0
343362,0
343363,0
343364,0
343365,0
343366,0
343367,0
343368,0
343369,0
343370,0
343371,0
343372,0
343373,0
343374,0
343375,0
343376,0
343377,0
343378,0
343379,0
343380,0
343381,0
343382,0
343383,0
343384,0
343385,0
343386,0
343387,0
343388,0
343389,0
343390,0
343391,0
343392,0
343393,0
343394,0
343395,0
343396,0
343397,0
343398,0
343399,0
343400,0
343401,0
343402,0
343403,0
343404,0
343405,0
343406,0
343407,0
343408,0
343409,0
343410,0
343411,0
343412,0
343413,0
343414,0
343415,0
343416,0
343417,0
343418,0
343419,0
343420,0
343421,0
343422,0
343423,0
343424,0
343425,0
343426,0
343427,0
343428,0
343429,0
343430,0
343431,0
343432,0
343433,0
343434,0
343435,0
343436,0
343437,0
343438,0
343439,0
343440,0
343441,0
343442,0
343443,0
343444,0
343445,0
343446,0
343447,0
343448,0
343449,0
343450,0
343451,0
343452,0
343453,0
343454,0
343455,0
343456,0
343457,0
343458,0
343459,0
343460,0
343461,0
343462,0
343463,0
343464,0
343465,0
343466,0
343467,0
343468,0
343469,0
343470,0
343471,0
343472,0
343473,0
343474,0
343475,0
343476,0
343477,0
343478,0
343479,0
343480,0
343481,0
343482,0
343483,0
343484,0
343485,0
343486,0
343487,0
343488,0
343489,0
343490,0
343491,0
343492,0
343493,0
343494,0
343495,0
343496,0
343497,0
343498,0
343499,0
343500,0
343501,0
343502,0
343503,0
343504,0
343505,0
343506,0
343507,0
343508,0
343509,0
343510,0
343511,0
343512,0
343513,0
343514,0
343515,0
343516,0
343517,0
343518,0
343519,0
343520,0
343521,0
343522,0
343523,0
343524,0
343525,0
343526,0
343527,0
343528,0
343529,0
343530,0
343531,0
343532,0
343533,0
343534,0
343535,0
343536,0
343537,0
343538,0
343539,0
343540,0
343541,0
343542,0
343543,0
343544,0
343545,0
343546,0
343547,0
343548,0
343549,0
343550,0
343551,0
343552,0
343553,0
343554,0
343555,0
343556,0
343557,0
343558,0
343559,0
343560,0
343561,0
343562,0
343563,0
343564,0
343565,0
343566,0
343567,0
343568,0
343569,0
343570,0
343571,0
343572,0
343573,0
343574,0
343575,0
343576,0
343577,0
343578,0
343579,0
343580,0
343581,0
343582,0
343583,0
343584,0
343585,0
343586,0
343587,0
343588,0
343589,0
343590,0
343591,0
343592,0
343593,0
343594,0
343595,0
343596,0
343597,0
343598,0
343599,0
343600,0
343601,0
343602,0
343603,0
343604,0
343605,0
343606,0
343607,0
343608,0
343609,0
343610,0
343611,0
343612,0
343613,0
343614,0
343615,0
343616,0
343617,0
343618,0
343619,0
343620,0
343621,0
343622,0
343623,0
343624,0
343625,0
343626,0
343627,0
343628,0
343629,0
343630,0
343631,0
343632,0
343633,0
343634,0
343635,0
343636,0
343637,0
343638,0
343639,0
343640,0
343641,0
343642,0
343643,0
343644,0
343645,0
343646,0
343647,0
343648,0
343649,0
343650,0
343651,0
343652,0
343653,0
343654,0
343655,0
343656,0
343657,0
343658,0
343659,0
343660,0
343661,0
343662,0
343663,0
343664,0
343665,0
343666,0
343667,0
343668,0
343669,0
343670,0
343671,0
343672,0
343673,0
343674,0
343675,0
343676,0
343677,0
343678,0
343679,0
343680,0
343681,0
343682,0
343683,0
343684,0
343685,0
343686,0
343687,0
343688,0
343689,0
343690,0
343691,0
343692,0
343693,0
343694,0
343695,0
343696,0
343697,0
343698,0
343699,0
343700,0
343701,0
343702,0
343703,0
343704,0
343705,0
343706,0
343707,0
343708,0
343709,0
343710,0
343711,0
343712,0
343713,0
343714,0
343715,0
343716,0
343717,0
343718,0
343719,0
343720,0
343721,0
343722,0
343723,0
343724,0
343725,0
343726,0
343727,0
343728,0
343729,0
343730,0
343731,0
343732,0
343733,0
343734,0
343735,0
343736,0
343737,0
343738,0
343739,0
343740,0
343741,0
343742,0
343743,0
343744,0
343745,0
343746,0
343747,0
343748,0
343749,0
343750,0
343751,0
343752,0
343753,0
343754,0
343755,0
343756,0
343757,0
343758,0
343759,0
343760,0
343761,0
343762,0
343763,0
343764,0
343765,0
343766,0
343767,0
343768,0
343769,0
343770,0
343771,0
343772,0
343773,0
343774,0
343775,0
343776,0
343777,0
343778,0
343779,0
343780,0
343781,0
343782,0
343783,0
343784,0
343785,0
343786,0
343787,0
343788,0
343789,0
343790,0
343791,0
343792,0
343793,0
343794,0
343795,0
343796,0
343797,0
343798,0
343799,0
343800,0
343801,0
343802,0
343803,0
343804,0
343805,0
343806,0
343807,0
343808,0
343809,0
343810,0
343811,0
343812,0
343813,0
343814,0
343815,0
343816,0
343817,0
343818,0
343819,0
343820,0
343821,0
343822,0
343823,0
343824,0
343825,0
343826,0
343827,0
343828,0
343829,0
343830,0
343831,0
343832,0
343833,0
343834,0
343835,0
343836,0
343837,0
343838,0
343839,0
343840,0
343841,0
343842,0
343843,0
343844,0
343845,0
343846,0
343847,0
343848,0
343849,0
343850,0
343851,0
343852,0
343853,0
343854,0
343855,0
343856,0
343857,0
343858,0
343859,0
343860,0
343861,0
343862,0
343863,0
343864,0
343865,0
343866,0
343867,0
343868,0
343869,0
343870,0
343871,0
343872,0
343873,0
343874,0
343875,0
343876,0
343877,0
343878,0
343879,0
343880,0
343881,0
343882,0
343883,0
343884,0
343885,0
343886,0
343887,0
343888,0
343889,0
343890,0
343891,0
343892,0
343893,0
343894,0
343895,0
343896,0
343897,0
343898,0
343899,0
343900,0
343901,0
343902,0
343903,0
343904,0
343905,0
343906,0
343907,0
343908,0
343909,0
343910,0
343911,0
343912,0
343913,0
343914,0
343915,0
343916,0
343917,0
343918,0
343919,0
343920,0
343921,0
343922,0
343923,0
343924,0
343925,0
343926,0
343927,0
343928,0
343929,0
343930,0
343931,0
343932,0
343933,0
343934,0
343935,0
343936,0
343937,0
343938,0
343939,0
343940,0
343941,0
343942,0
343943,0
343944,0
343945,0
343946,0
343947,0
343948,0
343949,0
343950,0
343951,0
343952,0
343953,0
343954,0
343955,0
343956,0
343957,0
343958,0
343959,0
343960,0
343961,0
343962,0
343963,0
343964,0
343965,0
343966,0
343967,0
343968,0
343969,0
343970,0
343971,0
343972,0
343973,0
343974,0
343975,0
343976,0
343977,0
343978,0
343979,0
343980,0
343981,0
343982,0
343983,0
343984,0
343985,0
343986,0
343987,0
343988,0
343989,0
343990,0
343991,0
343992,0
343993,0
343994,0
343995,0
343996,0
343997,0
343998,0
343999,0
344000,0
344001,0
344002,0
344003,0
344004,0
344005,0
344006,0
344007,0
344008,0
344009,0
344010,0
344011,0
344012,0
344013,0
344014,0
344015,0
344016,0
344017,0
344018,0
344019,0
344020,0
344021,0
344022,0
344023,0
344024,0
344025,0
344026,0
344027,0
344028,0
344029,0
344030,0
344031,0
344032,0
344033,0
344034,0
344035,0
344036,0
344037,0
344038,0
344039,0
344040,0
344041,0
344042,0
344043,0
344044,0
344045,0
344046,0
344047,0
344048,0
344049,0
344050,0
344051,0
344052,0
344053,0
344054,0
344055,0
344056,0
344057,0
344058,0
344059,0
344060,0
344061,0
344062,0
344063,0
344064,0
344065,0
344066,0
344067,0
344068,0
344069,0
344070,0
344071,0
344072,0
344073,0
344074,0
344075,0
344076,0
344077,0
344078,0
344079,0
344080,0
344081,0
344082,0
344083,0
344084,0
344085,0
344086,0
344087,0
344088,0
344089,0
344090,0
344091,0
344092,0
344093,0
344094,0
344095,0
344096,0
344097,0
344098,0
344099,0
344100,0
344101,0
344102,0
344103,0
344104,0
344105,0
344106,0
344107,0
344108,0
344109,0
344110,0
344111,0
344112,0
344113,0
344114,0
344115,0
344116,0
344117,0
344118,0
344119,0
344120,0
344121,0
344122,0
344123,0
344124,0
344125,0
344126,0
344127,0
344128,0
344129,0
344130,0
344131,0
344132,0
344133,0
344134,0
344135,0
344136,0
344137,0
344138,0
344139,0
344140,0
344141,0
344142,0
344143,0
344144,0
344145,0
344146,0
344147,0
344148,0
344149,0
344150,0
344151,0
344152,0
344153,0
344154,0
344155,0
344156,0
344157,0
344158,0
344159,0
344160,0
344161,0
344162,0
344163,0
344164,0
344165,0
344166,0
344167,0
344168,0
344169,0
344170,0
344171,0
344172,0
344173,0
344174,0
344175,0
344176,0
344177,0
344178,0
344179,0
344180,0
344181,0
344182,0
344183,0
344184,0
344185,0
344186,0
344187,0
344188,0
344189,0
344190,0
344191,0
344192,0
344193,0
344194,0
344195,0
344196,0
344197,0
344198,0
344199,0
344200,0
344201,0
344202,0
344203,0
344204,0
344205,0
344206,0
344207,0
344208,0
344209,0
344210,0
344211,0
344212,0
344213,0
344214,0
344215,0
344216,0
344217,0
344218,0
344219,0
344220,0
344221,0
344222,0
344223,0
344224,0
344225,0
344226,0
344227,0
344228,0
344229,0
344230,0
344231,0
344232,0
344233,0
344234,0
344235,0
344236,0
344237,0
344238,0
344239,0
344240,0
344241,0
344242,0
344243,0
344244,0
344245,0
344246,0
344247,0
344248,0
344249,0
344250,0
344251,0
344252,0
344253,0
344254,0
344255,0
344256,0
344257,0
344258,0
344259,0
344260,0
344261,0
344262,0
344263,0
344264,0
344265,0
344266,0
344267,0
344268,0
344269,0
344270,0
344271,0
344272,0
344273,0
344274,0
344275,0
344276,0
344277,0
344278,0
344279,0
344280,0
344281,0
344282,0
344283,0
344284,0
344285,0
344286,0
344287,0
344288,0
344289,0
344290,0
344291,0
344292,0
344293,0
344294,0
344295,0
344296,0
344297,0
344298,0
344299,0
344300,0
344301,0
344302,0
344303,0
344304,0
344305,0
344306,0
344307,0
344308,0
344309,0
344310,0
344311,0
344312,0
344313,0
344314,0
344315,0
344316,0
344317,0
344318,0
344319,0
344320,0
344321,0
344322,0
344323,0
344324,0
344325,0
344326,0
344327,0
344328,0
344329,0
344330,0
344331,0
344332,0
344333,0
344334,0
344335,0
344336,0
344337,0
344338,0
344339,0
344340,0
344341,0
344342,0
344343,0
344344,0
344345,0
344346,0
344347,0
344348,0
344349,0
344350,0
344351,0
344352,0
344353,0
344354,0
344355,0
344356,0
344357,0
344358,0
344359,0
344360,0
344361,0
344362,0
344363,0
344364,0
344365,0
344366,0
344367,0
344368,0
344369,0
344370,0
344371,0
344372,0
344373,0
344374,0
344375,0
344376,0
344377,0
344378,0
344379,0
344380,0
344381,0
344382,0
344383,0
344384,0
344385,0
344386,0
344387,0
344388,0
344389,0
344390,0
344391,0
344392,0
344393,0
344394,0
344395,0
344396,0
344397,0
344398,0
344399,0
344400,0
344401,0
344402,0
344403,0
344404,0
344405,0
344406,0
344407,0
344408,0
344409,0
344410,0
344411,0
344412,0
344413,0
344414,0
344415,0
344416,0
344417,0
344418,0
344419,0
344420,0
344421,0
344422,0
344423,0
344424,0
344425,0
344426,0
344427,0
344428,0
344429,0
344430,0
344431,0
344432,0
344433,0
344434,0
344435,0
344436,0
344437,0
344438,0
344439,0
344440,0
344441,0
344442,0
344443,0
344444,0
344445,0
344446,0
344447,0
344448,0
344449,0
344450,0
344451,0
344452,0
344453,0
344454,0
344455,0
344456,0
344457,0
344458,0
344459,0
344460,0
344461,0
344462,0
344463,0
344464,0
344465,0
344466,0
344467,0
344468,0
344469,0
344470,0
344471,0
344472,0
344473,0
344474,0
344475,0
344476,0
344477,0
344478,0
344479,0
344480,0
344481,0
344482,0
344483,0
344484,0
344485,0
344486,0
344487,0
344488,0
344489,0
344490,0
344491,0
344492,0
344493,0
344494,0
344495,0
344496,0
344497,0
344498,0
344499,0
344500,0
344501,0
344502,0
344503,0
344504,0
344505,0
344506,0
344507,0
344508,0
344509,0
344510,0
344511,0
344512,0
344513,0
344514,0
344515,0
344516,0
344517,0
344518,0
344519,0
344520,0
344521,0
344522,0
344523,0
344524,0
344525,0
344526,0
344527,0
344528,0
344529,0
344530,0
344531,0
344532,0
344533,0
344534,0
344535,0
344536,0
344537,0
344538,0
344539,0
344540,0
344541,0
344542,0
344543,0
344544,0
344545,0
344546,0
344547,0
344548,0
344549,0
344550,0
344551,0
344552,0
344553,0
344554,0
344555,0
344556,0
344557,0
344558,0
344559,0
344560,0
344561,0
344562,0
344563,0
344564,0
344565,0
344566,0
344567,0
344568,0
344569,0
344570,0
344571,0
344572,0
344573,0
344574,0
344575,0
344576,0
344577,0
344578,0
344579,0
344580,0
344581,0
344582,0
344583,0
344584,0
344585,0
344586,0
344587,0
344588,0
344589,0
344590,0
344591,0
344592,0
344593,0
344594,0
344595,0
344596,0
344597,0
344598,0
344599,0
344600,0
344601,0
344602,0
344603,0
344604,0
344605,0
344606,0
344607,0
344608,0
344609,0
344610,0
344611,0
344612,0
344613,0
344614,0
344615,0
344616,0
344617,0
344618,0
344619,0
344620,0
344621,0
344622,0
344623,0
344624,0
344625,0
344626,0
344627,0
344628,0
344629,0
344630,0
344631,0
344632,0
344633,0
344634,0
344635,0
344636,0
344637,0
344638,0
344639,0
344640,0
344641,0
344642,0
344643,0
344644,0
344645,0
344646,0
344647,0
344648,0
344649,0
344650,0
344651,0
344652,0
344653,0
344654,0
344655,0
344656,0
344657,0
344658,0
344659,0
344660,0
344661,0
344662,0
344663,0
344664,0
344665,0
344666,0
344667,0
344668,0
344669,0
344670,0
344671,0
344672,0
344673,0
344674,0
344675,0
344676,0
344677,0
344678,0
344679,0
344680,0
344681,0
344682,0
344683,0
344684,0
344685,0
344686,0
344687,0
344688,0
344689,0
344690,0
344691,0
344692,0
344693,0
344694,0
344695,0
344696,0
344697,0
344698,0
344699,0
344700,0
344701,0
344702,0
344703,0
344704,0
344705,0
344706,0
344707,0
344708,0
344709,0
344710,0
344711,0
344712,0
344713,0
344714,0
344715,0
344716,0
344717,0
344718,0
344719,0
344720,0
344721,0
344722,0
344723,0
344724,0
344725,0
344726,0
344727,0
344728,0
344729,0
344730,0
344731,0
344732,0
344733,0
344734,0
344735,0
344736,0
344737,0
344738,0
344739,0
344740,0
344741,0
344742,0
344743,0
344744,0
344745,0
344746,0
344747,0
344748,0
344749,0
344750,0
344751,0
344752,0
344753,0
344754,0
344755,0
344756,0
344757,0
344758,0
344759,0
344760,0
344761,0
344762,0
344763,0
344764,0
344765,0
344766,0
344767,0
344768,0
344769,0
344770,0
344771,0
344772,0
344773,0
344774,0
344775,0
344776,0
344777,0
344778,0
344779,0
344780,0
344781,0
344782,0
344783,0
344784,0
344785,0
344786,0
344787,0
344788,0
344789,0
344790,0
344791,0
344792,0
344793,0
344794,0
344795,0
344796,0
344797,0
344798,0
344799,0
344800,0
344801,0
344802,0
344803,0
344804,0
344805,0
344806,0
344807,0
344808,0
344809,0
344810,0
344811,0
344812,0
344813,0
344814,0
344815,0
344816,0
344817,0
344818,0
344819,0
344820,0
344821,0
344822,0
344823,0
344824,0
344825,0
344826,0
344827,0
344828,0
344829,0
344830,0
344831,0
344832,0
344833,0
344834,0
344835,0
344836,0
344837,0
344838,0
344839,0
344840,0
344841,0
344842,0
344843,0
344844,0
344845,0
344846,0
344847,0
344848,0
344849,0
344850,0
344851,0
344852,0
344853,0
344854,0
344855,0
344856,0
344857,0
344858,0
344859,0
344860,0
344861,0
344862,0
344863,0
344864,0
344865,0
344866,0
344867,0
344868,0
344869,0
344870,0
344871,0
344872,0
344873,0
344874,0
344875,0
344876,0
344877,0
344878,0
344879,0
344880,0
344881,0
344882,0
344883,0
344884,0
344885,0
344886,0
344887,0
344888,0
344889,0
344890,0
344891,0
344892,0
344893,0
344894,0
344895,0
344896,0
344897,0
344898,0
344899,0
344900,0
344901,0
344902,0
344903,0
344904,0
344905,0
344906,0
344907,0
344908,0
344909,0
344910,0
344911,0
344912,0
344913,0
344914,0
344915,0
344916,0
344917,0
344918,0
344919,0
344920,0
344921,0
344922,0
344923,0
344924,0
344925,0
344926,0
344927,0
344928,0
344929,0
344930,0
344931,0
344932,0
344933,0
344934,0
344935,0
344936,0
344937,0
344938,0
344939,0
344940,0
344941,0
344942,0
344943,0
344944,0
344945,0
344946,0
344947,0
344948,0
344949,0
344950,0
344951,0
344952,0
344953,0
344954,0
344955,0
344956,0
344957,0
344958,0
344959,0
344960,0
344961,0
344962,0
344963,0
344964,0
344965,0
344966,0
344967,0
344968,0
344969,0
344970,0
344971,0
344972,0
344973,0
344974,0
344975,0
344976,0
344977,0
344978,0
344979,0
344980,0
344981,0
344982,0
344983,0
344984,0
344985,0
344986,0
344987,0
344988,0
344989,0
344990,0
344991,0
344992,0
344993,0
344994,0
344995,0
344996,0
344997,0
344998,0
344999,0
345000,0
345001,0
345002,0
345003,0
345004,0
345005,0
345006,0
345007,0
345008,0
345009,0
345010,0
345011,0
345012,0
345013,0
345014,0
345015,0
345016,0
345017,0
345018,0
345019,0
345020,0
345021,0
345022,0
345023,0
345024,0
345025,0
345026,0
345027,0
345028,0
345029,0
345030,0
345031,0
345032,0
345033,0
345034,0
345035,0
345036,0
345037,0
345038,0
345039,0
345040,0
345041,0
345042,0
345043,0
345044,0
345045,0
345046,0
345047,0
345048,0
345049,0
345050,0
345051,0
345052,0
345053,0
345054,0
345055,0
345056,0
345057,0
345058,0
345059,0
345060,0
345061,0
345062,0
345063,0
345064,0
345065,0
345066,0
345067,0
345068,0
345069,0
345070,0
345071,0
345072,0
345073,0
345074,0
345075,0
345076,0
345077,0
345078,0
345079,0
345080,0
345081,0
345082,0
345083,0
345084,0
345085,0
345086,0
345087,0
345088,0
345089,0
345090,0
345091,0
345092,0
345093,0
345094,0
345095,0
345096,0
345097,0
345098,0
345099,0
345100,0
345101,0
345102,0
345103,0
345104,0
345105,0
345106,0
345107,0
345108,0
345109,0
345110,0
345111,0
345112,0
345113,0
345114,0
345115,0
345116,0
345117,0
345118,0
345119,0
345120,0
345121,0
345122,0
345123,0
345124,0
345125,0
345126,0
345127,0
345128,0
345129,0
345130,0
345131,0
345132,0
345133,0
345134,0
345135,0
345136,0
345137,0
345138,0
345139,0
345140,0
345141,0
345142,0
345143,0
345144,0
345145,0
345146,0
345147,0
345148,0
345149,0
345150,0
345151,0
345152,0
345153,0
345154,0
345155,0
345156,0
345157,0
345158,0
345159,0
345160,0
345161,0
345162,0
345163,0
345164,0
345165,0
345166,0
345167,0
345168,0
345169,0
345170,0
345171,0
345172,0
345173,0
345174,0
345175,0
345176,0
345177,0
345178,0
345179,0
345180,0
345181,0
345182,0
345183,0
345184,0
345185,0
345186,0
345187,0
345188,0
345189,0
345190,0
345191,0
345192,0
345193,0
345194,0
345195,0
345196,0
345197,0
345198,0
345199,0
345200,0
345201,0
345202,0
345203,0
345204,0
345205,0
345206,0
345207,0
345208,0
345209,0
345210,0
345211,0
345212,0
345213,0
345214,0
345215,0
345216,0
345217,0
345218,0
345219,0
345220,0
345221,0
345222,0
345223,0
345224,0
345225,0
345226,0
345227,0
345228,0
345229,0
345230,0
345231,0
345232,0
345233,0
345234,0
345235,0
345236,0
345237,0
345238,0
345239,0
345240,0
345241,0
345242,0
345243,0
345244,0
345245,0
345246,0
345247,0
345248,0
345249,0
345250,0
345251,0
345252,0
345253,0
345254,0
345255,0
345256,0
345257,0
345258,0
345259,0
345260,0
345261,0
345262,0
345263,0
345264,0
345265,0
345266,0
345267,0
345268,0
345269,0
345270,0
345271,0
345272,0
345273,0
345274,0
345275,0
345276,0
345277,0
345278,0
345279,0
345280,0
345281,0
345282,0
345283,0
345284,0
345285,0
345286,0
345287,0
345288,0
345289,0
345290,0
345291,0
345292,0
345293,0
345294,0
345295,0
345296,0
345297,0
345298,0
345299,0
345300,0
345301,0
345302,0
345303,0
345304,0
345305,0
345306,0
345307,0
345308,0
345309,0
345310,0
345311,0
345312,0
345313,0
345314,0
345315,0
345316,0
345317,0
345318,0
345319,0
345320,0
345321,0
345322,0
345323,0
345324,0
345325,0
345326,0
345327,0
345328,0
345329,0
345330,0
345331,0
345332,0
345333,0
345334,0
345335,0
345336,0
345337,0
345338,0
345339,0
345340,0
345341,0
345342,0
345343,0
345344,0
345345,0
345346,0
345347,0
345348,0
345349,0
345350,0
345351,0
345352,0
345353,0
345354,0
345355,0
345356,0
345357,0
345358,0
345359,0
345360,0
345361,0
345362,0
345363,0
345364,0
345365,0
345366,0
345367,0
345368,0
345369,0
345370,0
345371,0
345372,0
345373,0
345374,0
345375,0
345376,0
345377,0
345378,0
345379,0
345380,0
345381,0
345382,0
345383,0
345384,0
345385,0
345386,0
345387,0
345388,0
345389,0
345390,0
345391,0
345392,0
345393,0
345394,0
345395,0
345396,0
345397,0
345398,0
345399,0
345400,0
345401,0
345402,0
345403,0
345404,0
345405,0
345406,0
345407,0
345408,0
345409,0
345410,0
345411,0
345412,0
345413,0
345414,0
345415,0
345416,0
345417,0
345418,0
345419,0
345420,0
345421,0
345422,0
345423,0
345424,0
345425,0
345426,0
345427,0
345428,0
345429,0
345430,0
345431,0
345432,0
345433,0
345434,0
345435,0
345436,0
345437,0
345438,0
345439,0
345440,0
345441,0
345442,0
345443,0
345444,0
345445,0
345446,0
345447,0
345448,0
345449,0
345450,0
345451,0
345452,0
345453,0
345454,0
345455,0
345456,0
345457,0
345458,0
345459,0
345460,0
345461,0
345462,0
345463,0
345464,0
345465,0
345466,0
345467,0
345468,0
345469,0
345470,0
345471,0
345472,0
345473,0
345474,0
345475,0
345476,0
345477,0
345478,0
345479,0
345480,0
345481,0
345482,0
345483,0
345484,0
345485,0
345486,0
345487,0
345488,0
345489,0
345490,0
345491,0
345492,0
345493,0
345494,0
345495,0
345496,0
345497,0
345498,0
345499,0
345500,0
345501,0
345502,0
345503,0
345504,0
345505,0
345506,0
345507,0
345508,0
345509,0
345510,0
345511,0
345512,0
345513,0
345514,0
345515,0
345516,0
345517,0
345518,0
345519,0
345520,0
345521,0
345522,0
345523,0
345524,0
345525,0
345526,0
345527,0
345528,0
345529,0
345530,0
345531,0
345532,0
345533,0
345534,0
345535,0
345536,0
345537,0
345538,0
345539,0
345540,0
345541,0
345542,0
345543,0
345544,0
345545,0
345546,0
345547,0
345548,0
345549,0
345550,0
345551,0
345552,0
345553,0
345554,0
345555,0
345556,0
345557,0
345558,0
345559,0
345560,0
345561,0
345562,0
345563,0
345564,0
345565,0
345566,0
345567,0
345568,0
345569,0
345570,0
345571,0
345572,0
345573,0
345574,0
345575,0
345576,0
345577,0
345578,0
345579,0
345580,0
345581,0
345582,0
345583,0
345584,0
345585,0
345586,0
345587,0
345588,0
345589,0
345590,0
345591,0
345592,0
345593,0
345594,0
345595,0
345596,0
345597,0
345598,0
345599,0
345600,0
345601,0
345602,0
345603,0
345604,0
345605,0
345606,0
345607,0
345608,0
345609,0
345610,0
345611,0
345612,0
345613,0
345614,0
345615,0
345616,0
345617,0
345618,0
345619,0
345620,0
345621,0
345622,0
345623,0
345624,0
345625,0
345626,0
345627,0
345628,0
345629,0
345630,0
345631,0
345632,0
345633,0
345634,0
345635,0
345636,0
345637,0
345638,0
345639,0
345640,0
345641,0
345642,0
345643,0
345644,0
345645,0
345646,0
345647,0
345648,0
345649,0
345650,0
345651,0
345652,0
345653,0
345654,0
345655,0
345656,0
345657,0
345658,0
345659,0
345660,0
345661,0
345662,0
345663,0
345664,0
345665,0
345666,0
345667,0
345668,0
345669,0
345670,0
345671,0
345672,0
345673,0
345674,0
345675,0
345676,0
345677,0
345678,0
345679,0
345680,0
345681,0
345682,0
345683,0
345684,0
345685,0
345686,0
345687,0
345688,0
345689,0
345690,0
345691,0
345692,0
345693,0
345694,0
345695,0
345696,0
345697,0
345698,0
345699,0
345700,0
345701,0
345702,0
345703,0
345704,0
345705,0
345706,0
345707,0
345708,0
345709,0
345710,0
345711,0
345712,0
345713,0
345714,0
345715,0
345716,0
345717,0
345718,0
345719,0
345720,0
345721,0
345722,0
345723,0
345724,0
345725,0
345726,0
345727,0
345728,0
345729,0
345730,0
345731,0
345732,0
345733,0
345734,0
345735,0
345736,0
345737,0
345738,0
345739,0
345740,0
345741,0
345742,0
345743,0
345744,0
345745,0
345746,0
345747,0
345748,0
345749,0
345750,0
345751,0
345752,0
345753,0
345754,0
345755,0
345756,0
345757,0
345758,0
345759,0
345760,0
345761,0
345762,0
345763,0
345764,0
345765,0
345766,0
345767,0
345768,0
345769,0
345770,0
345771,0
345772,0
345773,0
345774,0
345775,0
345776,0
345777,0
345778,0
345779,0
345780,0
345781,0
345782,0
345783,0
345784,0
345785,0
345786,0
345787,0
345788,0
345789,0
345790,0
345791,0
345792,0
345793,0
345794,0
345795,0
345796,0
345797,0
345798,0
345799,0
345800,0
345801,0
345802,0
345803,0
345804,0
345805,0
345806,0
345807,0
345808,0
345809,0
345810,0
345811,0
345812,0
345813,0
345814,0
345815,0
345816,0
345817,0
345818,0
345819,0
345820,0
345821,0
345822,0
345823,0
345824,0
345825,0
345826,0
345827,0
345828,0
345829,0
345830,0
345831,0
345832,0
345833,0
345834,0
345835,0
345836,0
345837,0
345838,0
345839,0
345840,0
345841,0
345842,0
345843,0
345844,0
345845,0
345846,0
345847,0
345848,0
345849,0
345850,0
345851,0
345852,0
345853,0
345854,0
345855,0
345856,0
345857,0
345858,0
345859,0
345860,0
345861,0
345862,0
345863,0
345864,0
345865,0
345866,0
345867,0
345868,0
345869,0
345870,0
345871,0
345872,0
345873,0
345874,0
345875,0
345876,0
345877,0
345878,0
345879,0
345880,0
345881,0
345882,0
345883,0
345884,0
345885,0
345886,0
345887,0
345888,0
345889,0
345890,0
345891,0
345892,0
345893,0
345894,0
345895,0
345896,0
345897,0
345898,0
345899,0
345900,0
345901,0
345902,0
345903,0
345904,0
345905,0
345906,0
345907,0
345908,0
345909,0
345910,0
345911,0
345912,0
345913,0
345914,0
345915,0
345916,0
345917,0
345918,0
345919,0
345920,0
345921,0
345922,0
345923,0
345924,0
345925,0
345926,0
345927,0
345928,0
345929,0
345930,0
345931,0
345932,0
345933,0
345934,0
345935,0
345936,0
345937,0
345938,0
345939,0
345940,0
345941,0
345942,0
345943,0
345944,0
345945,0
345946,0
345947,0
345948,0
345949,0
345950,0
345951,0
345952,0
345953,0
345954,0
345955,0
345956,0
345957,0
345958,0
345959,0
345960,0
345961,0
345962,0
345963,0
345964,0
345965,0
345966,0
345967,0
345968,0
345969,0
345970,0
345971,0
345972,0
345973,0
345974,0
345975,0
345976,0
345977,0
345978,0
345979,0
345980,0
345981,0
345982,0
345983,0
345984,0
345985,0
345986,0
345987,0
345988,0
345989,0
345990,0
345991,0
345992,0
345993,0
345994,0
345995,0
345996,0
345997,0
345998,0
345999,0
346000,0
346001,0
346002,0
346003,0
346004,0
346005,0
346006,0
346007,0
346008,0
346009,0
346010,0
346011,0
346012,0
346013,0
346014,0
346015,0
346016,0
346017,0
346018,0
346019,0
346020,0
346021,0
346022,0
346023,0
346024,0
346025,0
346026,0
346027,0
346028,0
346029,0
346030,0
346031,0
346032,0
346033,0
346034,0
346035,0
346036,0
346037,0
346038,0
346039,0
346040,0
346041,0
346042,0
346043,0
346044,0
346045,0
346046,0
346047,0
346048,0
346049,0
346050,0
346051,0
346052,0
346053,0
346054,0
346055,0
346056,0
346057,0
346058,0
346059,0
346060,0
346061,0
346062,0
346063,0
346064,0
346065,0
346066,0
346067,0
346068,0
346069,0
346070,0
346071,0
346072,0
346073,0
346074,0
346075,0
346076,0
346077,0
346078,0
346079,0
346080,0
346081,0
346082,0
346083,0
346084,0
346085,0
346086,0
346087,0
346088,0
346089,0
346090,0
346091,0
346092,0
346093,0
346094,0
346095,0
346096,0
346097,0
346098,0
346099,0
346100,0
346101,0
346102,0
346103,0
346104,0
346105,0
346106,0
346107,0
346108,0
346109,0
346110,0
346111,0
346112,0
346113,0
346114,0
346115,0
346116,0
346117,0
346118,0
346119,0
346120,0
346121,0
346122,0
346123,0
346124,0
346125,0
346126,0
346127,0
346128,0
346129,0
346130,0
346131,0
346132,0
346133,0
346134,0
346135,0
346136,0
346137,0
346138,0
346139,0
346140,0
346141,0
346142,0
346143,0
346144,0
346145,0
346146,0
346147,0
346148,0
346149,0
346150,0
346151,0
346152,0
346153,0
346154,0
346155,0
346156,0
346157,0
346158,0
346159,0
346160,0
346161,0
346162,0
346163,0
346164,0
346165,0
346166,0
346167,0
346168,0
346169,0
346170,0
346171,0
346172,0
346173,0
346174,0
346175,0
346176,0
346177,0
346178,0
346179,0
346180,0
346181,0
346182,0
346183,0
346184,0
346185,0
346186,0
346187,0
346188,0
346189,0
346190,0
346191,0
346192,0
346193,0
346194,0
346195,0
346196,0
346197,0
346198,0
346199,0
346200,0
346201,0
346202,0
346203,0
346204,0
346205,0
346206,0
346207,0
346208,0
346209,0
346210,0
346211,0
346212,0
346213,0
346214,0
346215,0
346216,0
346217,0
346218,0
346219,0
346220,0
346221,0
346222,0
346223,0
346224,0
346225,0
346226,0
346227,0
346228,0
346229,0
346230,0
346231,0
346232,0
346233,0
346234,0
346235,0
346236,0
346237,0
346238,0
346239,0
346240,0
346241,0
346242,0
346243,0
346244,0
346245,0
346246,0
346247,0
346248,0
346249,0
346250,0
346251,0
346252,0
346253,0
346254,0
346255,0
346256,0
346257,0
346258,0
346259,0
346260,0
346261,0
346262,0
346263,0
346264,0
346265,0
346266,0
346267,0
346268,0
346269,0
346270,0
346271,0
346272,0
346273,0
346274,0
346275,0
346276,0
346277,0
346278,0
346279,0
346280,0
346281,0
346282,0
346283,0
346284,0
346285,0
346286,0
346287,0
346288,0
346289,0
346290,0
346291,0
346292,0
346293,0
346294,0
346295,0
346296,0
346297,0
346298,0
346299,0
346300,0
346301,0
346302,0
346303,0
346304,0
346305,0
346306,0
346307,0
346308,0
346309,0
346310,0
346311,0
346312,0
346313,0
346314,0
346315,0
346316,0
346317,0
346318,0
346319,0
346320,0
346321,0
346322,0
346323,0
346324,0
346325,0
346326,0
346327,0
346328,0
346329,0
346330,0
346331,0
346332,0
346333,0
346334,0
346335,0
346336,0
346337,0
346338,0
346339,0
346340,0
346341,0
346342,0
346343,0
346344,0
346345,0
346346,0
346347,0
346348,0
346349,0
346350,0
346351,0
346352,0
346353,0
346354,0
346355,0
346356,0
346357,0
346358,0
346359,0
346360,0
346361,0
346362,0
346363,0
346364,0
346365,0
346366,0
346367,0
346368,0
346369,0
346370,0
346371,0
346372,0
346373,0
346374,0
346375,0
346376,0
346377,0
346378,0
346379,0
346380,0
346381,0
346382,0
346383,0
346384,0
346385,0
346386,0
346387,0
346388,0
346389,0
346390,0
346391,0
346392,0
346393,0
346394,0
346395,0
346396,0
346397,0
346398,0
346399,0
346400,0
346401,0
346402,0
346403,0
346404,0
346405,0
346406,0
346407,0
346408,0
346409,0
346410,0
346411,0
346412,0
346413,0
346414,0
346415,0
346416,0
346417,0
346418,0
346419,0
346420,0
346421,0
346422,0
346423,0
346424,0
346425,0
346426,0
346427,0
346428,0
346429,0
346430,0
346431,0
346432,0
346433,0
346434,0
346435,0
346436,0
346437,0
346438,0
346439,0
346440,0
346441,0
346442,0
346443,0
346444,0
346445,0
346446,0
346447,0
346448,0
346449,0
346450,0
346451,0
346452,0
346453,0
346454,0
346455,0
346456,0
346457,0
346458,0
346459,0
346460,0
346461,0
346462,0
346463,0
346464,0
346465,0
346466,0
346467,0
346468,0
346469,0
346470,0
346471,0
346472,0
346473,0
346474,0
346475,0
346476,0
346477,0
346478,0
346479,0
346480,0
346481,0
346482,0
346483,0
346484,0
346485,0
346486,0
346487,0
346488,0
346489,0
346490,0
346491,0
346492,0
346493,0
346494,0
346495,0
346496,0
346497,0
346498,0
346499,0
346500,0
346501,0
346502,0
346503,0
346504,0
346505,0
346506,0
346507,0
346508,0
346509,0
346510,0
346511,0
346512,0
346513,0
346514,0
346515,0
346516,0
346517,0
346518,0
346519,0
346520,0
346521,0
346522,0
346523,0
346524,0
346525,0
346526,0
346527,0
346528,0
346529,0
346530,0
346531,0
346532,0
346533,0
346534,0
346535,0
346536,0
346537,0
346538,0
346539,0
346540,0
346541,0
346542,0
346543,0
346544,0
346545,0
346546,0
346547,0
346548,0
346549,0
346550,0
346551,0
346552,0
346553,0
346554,0
346555,0
346556,0
346557,0
346558,0
346559,0
346560,0
346561,0
346562,0
346563,0
346564,0
346565,0
346566,0
346567,0
346568,0
346569,0
346570,0
346571,0
346572,0
346573,0
346574,0
346575,0
346576,0
346577,0
346578,0
346579,0
346580,0
346581,0
346582,0
346583,0
346584,0
346585,0
346586,0
346587,0
346588,0
346589,0
346590,0
346591,0
346592,0
346593,0
346594,0
346595,0
346596,0
346597,0
346598,0
346599,0
346600,0
346601,0
346602,0
346603,0
346604,0
346605,0
346606,0
346607,0
346608,0
346609,0
346610,0
346611,0
346612,0
346613,0
346614,0
346615,0
346616,0
346617,0
346618,0
346619,0
346620,0
346621,0
346622,0
346623,0
346624,0
346625,0
346626,0
346627,0
346628,0
346629,0
346630,0
346631,0
346632,0
346633,0
346634,0
346635,0
346636,0
346637,0
346638,0
346639,0
346640,0
346641,0
346642,0
346643,0
346644,0
346645,0
346646,0
346647,0
346648,0
346649,0
346650,0
346651,0
346652,0
346653,0
346654,0
346655,0
346656,0
346657,0
346658,0
346659,0
346660,0
346661,0
346662,0
346663,0
346664,0
346665,0
346666,0
346667,0
346668,0
346669,0
346670,0
346671,0
346672,0
346673,0
346674,0
346675,0
346676,0
346677,0
346678,0
346679,0
346680,0
346681,0
346682,0
346683,0
346684,0
346685,0
346686,0
346687,0
346688,0
346689,0
346690,0
346691,0
346692,0
346693,0
346694,0
346695,0
346696,0
346697,0
346698,0
346699,0
346700,0
346701,0
346702,0
346703,0
346704,0
346705,0
346706,0
346707,0
346708,0
346709,0
346710,0
346711,0
346712,0
346713,0
346714,0
346715,0
346716,0
346717,0
346718,0
346719,0
346720,0
346721,0
346722,0
346723,0
346724,0
346725,0
346726,0
346727,0
346728,0
346729,0
346730,0
346731,0
346732,0
346733,0
346734,0
346735,0
346736,0
346737,0
346738,0
346739,0
346740,0
346741,0
346742,0
346743,0
346744,0
346745,0
346746,0
346747,0
346748,0
346749,0
346750,0
346751,0
346752,0
346753,0
346754,0
346755,0
346756,0
346757,0
346758,0
346759,0
346760,0
346761,0
346762,0
346763,0
346764,0
346765,0
346766,0
346767,0
346768,0
346769,0
346770,0
346771,0
346772,0
346773,0
346774,0
346775,0
346776,0
346777,0
346778,0
346779,0
346780,0
346781,0
346782,0
346783,0
346784,0
346785,0
346786,0
346787,0
346788,0
346789,0
346790,0
346791,0
346792,0
346793,0
346794,0
346795,0
346796,0
346797,0
346798,0
346799,0
346800,0
346801,0
346802,0
346803,0
346804,0
346805,0
346806,0
346807,0
346808,0
346809,0
346810,0
346811,0
346812,0
346813,0
346814,0
346815,0
346816,0
346817,0
346818,0
346819,0
346820,0
346821,0
346822,0
346823,0
346824,0
346825,0
346826,0
346827,0
346828,0
346829,0
346830,0
346831,0
346832,0
346833,0
346834,0
346835,0
346836,0
346837,0
346838,0
346839,0
346840,0
346841,0
346842,0
346843,0
346844,0
346845,0
346846,0
346847,0
346848,0
346849,0
346850,0
346851,0
346852,0
346853,0
346854,0
346855,0
346856,0
346857,0
346858,0
346859,0
346860,0
346861,0
346862,0
346863,0
346864,0
346865,0
346866,0
346867,0
346868,0
346869,0
346870,0
346871,0
346872,0
346873,0
346874,0
346875,0
346876,0
346877,0
346878,0
346879,0
346880,0
346881,0
346882,0
346883,0
346884,0
346885,0
346886,0
346887,0
346888,0
346889,0
346890,0
346891,0
346892,0
346893,0
346894,0
346895,0
346896,0
346897,0
346898,0
346899,0
346900,0
346901,0
346902,0
346903,0
346904,0
346905,0
346906,0
346907,0
346908,0
346909,0
346910,0
346911,0
346912,0
346913,0
346914,0
346915,0
346916,0
346917,0
346918,0
346919,0
346920,0
346921,0
346922,0
346923,0
346924,0
346925,0
346926,0
346927,0
346928,0
346929,0
346930,0
346931,0
346932,0
346933,0
346934,0
346935,0
346936,0
346937,0
346938,0
346939,0
346940,0
346941,0
346942,0
346943,0
346944,0
346945,0
346946,0
346947,0
346948,0
346949,0
346950,0
346951,0
346952,0
346953,0
346954,0
346955,0
346956,0
346957,0
346958,0
346959,0
346960,0
346961,0
346962,0
346963,0
346964,0
346965,0
346966,0
346967,0
346968,0
346969,0
346970,0
346971,0
346972,0
346973,0
346974,0
346975,0
346976,0
346977,0
346978,0
346979,0
346980,0
346981,0
346982,0
346983,0
346984,0
346985,0
346986,0
346987,0
346988,0
346989,0
346990,0
346991,0
346992,0
346993,0
346994,0
346995,0
346996,0
346997,0
346998,0
346999,0
347000,0
347001,0
347002,0
347003,0
347004,0
347005,0
347006,0
347007,0
347008,0
347009,0
347010,0
347011,0
347012,0
347013,0
347014,0
347015,0
347016,0
347017,0
347018,0
347019,0
347020,0
347021,0
347022,0
347023,0
347024,0
347025,0
347026,0
347027,0
347028,0
347029,0
347030,0
347031,0
347032,0
347033,0
347034,0
347035,0
347036,0
347037,0
347038,0
347039,0
347040,0
347041,0
347042,0
347043,0
347044,0
347045,0
347046,0
347047,0
347048,0
347049,0
347050,0
347051,0
347052,0
347053,0
347054,0
347055,0
347056,0
347057,0
347058,0
347059,0
347060,0
347061,0
347062,0
347063,0
347064,0
347065,0
347066,0
347067,0
347068,0
347069,0
347070,0
347071,0
347072,0
347073,0
347074,0
347075,0
347076,0
347077,0
347078,0
347079,0
347080,0
347081,0
347082,0
347083,0
347084,0
347085,0
347086,0
347087,0
347088,0
347089,0
347090,0
347091,0
347092,0
347093,0
347094,0
347095,0
347096,0
347097,0
347098,0
347099,0
347100,0
347101,0
347102,0
347103,0
347104,0
347105,0
347106,0
347107,0
347108,0
347109,0
347110,0
347111,0
347112,0
347113,0
347114,0
347115,0
347116,0
347117,0
347118,0
347119,0
347120,0
347121,0
347122,0
347123,0
347124,0
347125,0
347126,0
347127,0
347128,0
347129,0
347130,0
347131,0
347132,0
347133,0
347134,0
347135,0
347136,0
347137,0
347138,0
347139,0
347140,0
347141,0
347142,0
347143,0
347144,0
347145,0
347146,0
347147,0
347148,0
347149,0
347150,0
347151,0
347152,0
347153,0
347154,0
347155,0
347156,0
347157,0
347158,0
347159,0
347160,0
347161,0
347162,0
347163,0
347164,0
347165,0
347166,0
347167,0
347168,0
347169,0
347170,0
347171,0
347172,0
347173,0
347174,0
347175,0
347176,0
347177,0
347178,0
347179,0
347180,0
347181,0
347182,0
347183,0
347184,0
347185,0
347186,0
347187,0
347188,0
347189,0
347190,0
347191,0
347192,0
347193,0
347194,0
347195,0
347196,0
347197,0
347198,0
347199,0
347200,0
347201,0
347202,0
347203,0
347204,0
347205,0
347206,0
347207,0
347208,0
347209,0
347210,0
347211,0
347212,0
347213,0
347214,0
347215,0
347216,0
347217,0
347218,0
347219,0
347220,0
347221,0
347222,0
347223,0
347224,0
347225,0
347226,0
347227,0
347228,0
347229,0
347230,0
347231,0
347232,0
347233,0
347234,0
347235,0
347236,0
347237,0
347238,0
347239,0
347240,0
347241,0
347242,0
347243,0
347244,0
347245,0
347246,0
347247,0
347248,0
347249,0
347250,0
347251,0
347252,0
347253,0
347254,0
347255,0
347256,0
347257,0
347258,0
347259,0
347260,0
347261,0
347262,0
347263,0
347264,0
347265,0
347266,0
347267,0
347268,0
347269,0
347270,0
347271,0
347272,0
347273,0
347274,0
347275,0
347276,0
347277,0
347278,0
347279,0
347280,0
347281,0
347282,0
347283,0
347284,0
347285,0
347286,0
347287,0
347288,0
347289,0
347290,0
347291,0
347292,0
347293,0
347294,0
347295,0
347296,0
347297,0
347298,0
347299,0
347300,0
347301,0
347302,0
347303,0
347304,0
347305,0
347306,0
347307,0
347308,0
347309,0
347310,0
347311,0
347312,0
347313,0
347314,0
347315,0
347316,0
347317,0
347318,0
347319,0
347320,0
347321,0
347322,0
347323,0
347324,0
347325,0
347326,0
347327,0
347328,0
347329,0
347330,0
347331,0
347332,0
347333,0
347334,0
347335,0
347336,0
347337,0
347338,0
347339,0
347340,0
347341,0
347342,0
347343,0
347344,0
347345,0
347346,0
347347,0
347348,0
347349,0
347350,0
347351,0
347352,0
347353,0
347354,0
347355,0
347356,0
347357,0
347358,0
347359,0
347360,0
347361,0
347362,0
347363,0
347364,0
347365,0
347366,0
347367,0
347368,0
347369,0
347370,0
347371,0
347372,0
347373,0
347374,0
347375,0
347376,0
347377,0
347378,0
347379,0
347380,0
347381,0
347382,0
347383,0
347384,0
347385,0
347386,0
347387,0
347388,0
347389,0
347390,0
347391,0
347392,0
347393,0
347394,0
347395,0
347396,0
347397,0
347398,0
347399,0
347400,0
347401,0
347402,0
347403,0
347404,0
347405,0
347406,0
347407,0
347408,0
347409,0
347410,0
347411,0
347412,0
347413,0
347414,0
347415,0
347416,0
347417,0
347418,0
347419,0
347420,0
347421,0
347422,0
347423,0
347424,0
347425,0
347426,0
347427,0
347428,0
347429,0
347430,0
347431,0
347432,0
347433,0
347434,0
347435,0
347436,0
347437,0
347438,0
347439,0
347440,0
347441,0
347442,0
347443,0
347444,0
347445,0
347446,0
347447,0
347448,0
347449,0
347450,0
347451,0
347452,0
347453,0
347454,0
347455,0
347456,0
347457,0
347458,0
347459,0
347460,0
347461,0
347462,0
347463,0
347464,0
347465,0
347466,0
347467,0
347468,0
347469,0
347470,0
347471,0
347472,0
347473,0
347474,0
347475,0
347476,0
347477,0
347478,0
347479,0
347480,0
347481,0
347482,0
347483,0
347484,0
347485,0
347486,0
347487,0
347488,0
347489,0
347490,0
347491,0
347492,0
347493,0
347494,0
347495,0
347496,0
347497,0
347498,0
347499,0
347500,0
347501,0
347502,0
347503,0
347504,0
347505,0
347506,0
347507,0
347508,0
347509,0
347510,0
347511,0
347512,0
347513,0
347514,0
347515,0
347516,0
347517,0
347518,0
347519,0
347520,0
347521,0
347522,0
347523,0
347524,0
347525,0
347526,0
347527,0
347528,0
347529,0
347530,0
347531,0
347532,0
347533,0
347534,0
347535,0
347536,0
347537,0
347538,0
347539,0
347540,0
347541,0
347542,0
347543,0
347544,0
347545,0
347546,0
347547,0
347548,0
347549,0
347550,0
347551,0
347552,0
347553,0
347554,0
347555,0
347556,0
347557,0
347558,0
347559,0
347560,0
347561,0
347562,0
347563,0
347564,0
347565,0
347566,0
347567,0
347568,0
347569,0
347570,0
347571,0
347572,0
347573,0
347574,0
347575,0
347576,0
347577,0
347578,0
347579,0
347580,0
347581,0
347582,0
347583,0
347584,0
347585,0
347586,0
347587,0
347588,0
347589,0
347590,0
347591,0
347592,0
347593,0
347594,0
347595,0
347596,0
347597,0
347598,0
347599,0
347600,0
347601,0
347602,0
347603,0
347604,0
347605,0
347606,0
347607,0
347608,0
347609,0
347610,0
347611,0
347612,0
347613,0
347614,0
347615,0
347616,0
347617,0
347618,0
347619,0
347620,0
347621,0
347622,0
347623,0
347624,0
347625,0
347626,0
347627,0
347628,0
347629,0
347630,0
347631,0
347632,0
347633,0
347634,0
347635,0
347636,0
347637,0
347638,0
347639,0
347640,0
347641,0
347642,0
347643,0
347644,0
347645,0
347646,0
347647,0
347648,0
347649,0
347650,0
347651,0
347652,0
347653,0
347654,0
347655,0
347656,0
347657,0
347658,0
347659,0
347660,0
347661,0
347662,0
347663,0
347664,0
347665,0
347666,0
347667,0
347668,0
347669,0
347670,0
347671,0
347672,0
347673,0
347674,0
347675,0
347676,0
347677,0
347678,0
347679,0
347680,0
347681,0
347682,0
347683,0
347684,0
347685,0
347686,0
347687,0
347688,0
347689,0
347690,0
347691,0
347692,0
347693,0
347694,0
347695,0
347696,0
347697,0
347698,0
347699,0
347700,0
347701,0
347702,0
347703,0
347704,0
347705,0
347706,0
347707,0
347708,0
347709,0
347710,0
347711,0
347712,0
347713,0
347714,0
347715,0
347716,0
347717,0
347718,0
347719,0
347720,0
347721,0
347722,0
347723,0
347724,0
347725,0
347726,0
347727,0
347728,0
347729,0
347730,0
347731,0
347732,0
347733,0
347734,0
347735,0
347736,0
347737,0
347738,0
347739,0
347740,0
347741,0
347742,0
347743,0
347744,0
347745,0
347746,0
347747,0
347748,0
347749,0
347750,0
347751,0
347752,0
347753,0
347754,0
347755,0
347756,0
347757,0
347758,0
347759,0
347760,0
347761,0
347762,0
347763,0
347764,0
347765,0
347766,0
347767,0
347768,0
347769,0
347770,0
347771,0
347772,0
347773,0
347774,0
347775,0
347776,0
347777,0
347778,0
347779,0
347780,0
347781,0
347782,0
347783,0
347784,0
347785,0
347786,0
347787,0
347788,0
347789,0
347790,0
347791,0
347792,0
347793,0
347794,0
347795,0
347796,0
347797,0
347798,0
347799,0
347800,0
347801,0
347802,0
347803,0
347804,0
347805,0
347806,0
347807,0
347808,0
347809,0
347810,0
347811,0
347812,0
347813,0
347814,0
347815,0
347816,0
347817,0
347818,0
347819,0
347820,0
347821,0
347822,0
347823,0
347824,0
347825,0
347826,0
347827,0
347828,0
347829,0
347830,0
347831,0
347832,0
347833,0
347834,0
347835,0
347836,0
347837,0
347838,0
347839,0
347840,0
347841,0
347842,0
347843,0
347844,0
347845,0
347846,0
347847,0
347848,0
347849,0
347850,0
347851,0
347852,0
347853,0
347854,0
347855,0
347856,0
347857,0
347858,0
347859,0
347860,0
347861,0
347862,0
347863,0
347864,0
347865,0
347866,0
347867,0
347868,0
347869,0
347870,0
347871,0
347872,0
347873,0
347874,0
347875,0
347876,0
347877,0
347878,0
347879,0
347880,0
347881,0
347882,0
347883,0
347884,0
347885,0
347886,0
347887,0
347888,0
347889,0
347890,0
347891,0
347892,0
347893,0
347894,0
347895,0
347896,0
347897,0
347898,0
347899,0
347900,0
347901,0
347902,0
347903,0
347904,0
347905,0
347906,0
347907,0
347908,0
347909,0
347910,0
347911,0
347912,0
347913,0
347914,0
347915,0
347916,0
347917,0
347918,0
347919,0
347920,0
347921,0
347922,0
347923,0
347924,0
347925,0
347926,0
347927,0
347928,0
347929,0
347930,0
347931,0
347932,0
347933,0
347934,0
347935,0
347936,0
347937,0
347938,0
347939,0
347940,0
347941,0
347942,0
347943,0
347944,0
347945,0
347946,0
347947,0
347948,0
347949,0
347950,0
347951,0
347952,0
347953,0
347954,0
347955,0
347956,0
347957,0
347958,0
347959,0
347960,0
347961,0
347962,0
347963,0
347964,0
347965,0
347966,0
347967,0
347968,0
347969,0
347970,0
347971,0
347972,0
347973,0
347974,0
347975,0
347976,0
347977,0
347978,0
347979,0
347980,0
347981,0
347982,0
347983,0
347984,0
347985,0
347986,0
347987,0
347988,0
347989,0
347990,0
347991,0
347992,0
347993,0
347994,0
347995,0
347996,0
347997,0
347998,0
347999,0
348000,0
348001,0
348002,0
348003,0
348004,0
348005,0
348006,0
348007,0
348008,0
348009,0
348010,0
348011,0
348012,0
348013,0
348014,0
348015,0
348016,0
348017,0
348018,0
348019,0
348020,0
348021,0
348022,0
348023,0
348024,0
348025,0
348026,0
348027,0
348028,0
348029,0
348030,0
348031,0
348032,0
348033,0
348034,0
348035,0
348036,0
348037,0
348038,0
348039,0
348040,0
348041,0
348042,0
348043,0
348044,0
348045,0
348046,0
348047,0
348048,0
348049,0
348050,0
348051,0
348052,0
348053,0
348054,0
348055,0
348056,0
348057,0
348058,0
348059,0
348060,0
348061,0
348062,0
348063,0
348064,0
348065,0
348066,0
348067,0
348068,0
348069,0
348070,0
348071,0
348072,0
348073,0
348074,0
348075,0
348076,0
348077,0
348078,0
348079,0
348080,0
348081,0
348082,0
348083,0
348084,0
348085,0
348086,0
348087,0
348088,0
348089,0
348090,0
348091,0
348092,0
348093,0
348094,0
348095,0
348096,0
348097,0
348098,0
348099,0
348100,0
348101,0
348102,0
348103,0
348104,0
348105,0
348106,0
348107,0
348108,0
348109,0
348110,0
348111,0
348112,0
348113,0
348114,0
348115,0
348116,0
348117,0
348118,0
348119,0
348120,0
348121,0
348122,0
348123,0
348124,0
348125,0
348126,0
348127,0
348128,0
348129,0
348130,0
348131,0
348132,0
348133,0
348134,0
348135,0
348136,0
348137,0
348138,0
348139,0
348140,0
348141,0
348142,0
348143,0
348144,0
348145,0
348146,0
348147,0
348148,0
348149,0
348150,0
348151,0
348152,0
348153,0
348154,0
348155,0
348156,0
348157,0
348158,0
348159,0
348160,0
348161,0
348162,0
348163,0
348164,0
348165,0
348166,0
348167,0
348168,0
348169,0
348170,0
348171,0
348172,0
348173,0
348174,0
348175,0
348176,0
348177,0
348178,0
348179,0
348180,0
348181,0
348182,0
348183,0
348184,0
348185,0
348186,0
348187,0
348188,0
348189,0
348190,0
348191,0
348192,0
348193,0
348194,0
348195,0
348196,0
348197,0
348198,0
348199,0
348200,0
348201,0
348202,0
348203,0
348204,0
348205,0
348206,0
348207,0
348208,0
348209,0
348210,0
348211,0
348212,0
348213,0
348214,0
348215,0
348216,0
348217,0
348218,0
348219,0
348220,0
348221,0
348222,0
348223,0
348224,0
348225,0
348226,0
348227,0
348228,0
348229,0
348230,0
348231,0
348232,0
348233,0
348234,0
348235,0
348236,0
348237,0
348238,0
348239,0
348240,0
348241,0
348242,0
348243,0
348244,0
348245,0
348246,0
348247,0
348248,0
348249,0
348250,0
348251,0
348252,0
348253,0
348254,0
348255,0
348256,0
348257,0
348258,0
348259,0
348260,0
348261,0
348262,0
348263,0
348264,0
348265,0
348266,0
348267,0
348268,0
348269,0
348270,0
348271,0
348272,0
348273,0
348274,0
348275,0
348276,0
348277,0
348278,0
348279,0
348280,0
348281,0
348282,0
348283,0
348284,0
348285,0
348286,0
348287,0
348288,0
348289,0
348290,0
348291,0
348292,0
348293,0
348294,0
348295,0
348296,0
348297,0
348298,0
348299,0
348300,0
348301,0
348302,0
348303,0
348304,0
348305,0
348306,0
348307,0
348308,0
348309,0
348310,0
348311,0
348312,0
348313,0
348314,0
348315,0
348316,0
348317,0
348318,0
348319,0
348320,0
348321,0
348322,0
348323,0
348324,0
348325,0
348326,0
348327,0
348328,0
348329,0
348330,0
348331,0
348332,0
348333,0
348334,0
348335,0
348336,0
348337,0
348338,0
348339,0
348340,0
348341,0
348342,0
348343,0
348344,0
348345,0
348346,0
348347,0
348348,0
348349,0
348350,0
348351,0
348352,0
348353,0
348354,0
348355,0
348356,0
348357,0
348358,0
348359,0
348360,0
348361,0
348362,0
348363,0
348364,0
348365,0
348366,0
348367,0
348368,0
348369,0
348370,0
348371,0
348372,0
348373,0
348374,0
348375,0
348376,0
348377,0
348378,0
348379,0
348380,0
348381,0
348382,0
348383,0
348384,0
348385,0
348386,0
348387,0
348388,0
348389,0
348390,0
348391,0
348392,0
348393,0
348394,0
348395,0
348396,0
348397,0
348398,0
348399,0
348400,0
348401,0
348402,0
348403,0
348404,0
348405,0
348406,0
348407,0
348408,0
348409,0
348410,0
348411,0
348412,0
348413,0
348414,0
348415,0
348416,0
348417,0
348418,0
348419,0
348420,0
348421,0
348422,0
348423,0
348424,0
348425,0
348426,0
348427,0
348428,0
348429,0
348430,0
348431,0
348432,0
348433,0
348434,0
348435,0
348436,0
348437,0
348438,0
348439,0
348440,0
348441,0
348442,0
348443,0
348444,0
348445,0
348446,0
348447,0
348448,0
348449,0
348450,0
348451,0
348452,0
348453,0
348454,0
348455,0
348456,0
348457,0
348458,0
348459,0
348460,0
348461,0
348462,0
348463,0
348464,0
348465,0
348466,0
348467,0
348468,0
348469,0
348470,0
348471,0
348472,0
348473,0
348474,0
348475,0
348476,0
348477,0
348478,0
348479,0
348480,0
348481,0
348482,0
348483,0
348484,0
348485,0
348486,0
348487,0
348488,0
348489,0
348490,0
348491,0
348492,0
348493,0
348494,0
348495,0
348496,0
348497,0
348498,0
348499,0
348500,0
348501,0
348502,0
348503,0
348504,0
348505,0
348506,0
348507,0
348508,0
348509,0
348510,0
348511,0
348512,0
348513,0
348514,0
348515,0
348516,0
348517,0
348518,0
348519,0
348520,0
348521,0
348522,0
348523,0
348524,0
348525,0
348526,0
348527,0
348528,0
348529,0
348530,0
348531,0
348532,0
348533,0
348534,0
348535,0
348536,0
348537,0
348538,0
348539,0
348540,0
348541,0
348542,0
348543,0
348544,0
348545,0
348546,0
348547,0
348548,0
348549,0
348550,0
348551,0
348552,0
348553,0
348554,0
348555,0
348556,0
348557,0
348558,0
348559,0
348560,0
348561,0
348562,0
348563,0
348564,0
348565,0
348566,0
348567,0
348568,0
348569,0
348570,0
348571,0
348572,0
348573,0
348574,0
348575,0
348576,0
348577,0
348578,0
348579,0
348580,0
348581,0
348582,0
348583,0
348584,0
348585,0
348586,0
348587,0
348588,0
348589,0
348590,0
348591,0
348592,0
348593,0
348594,0
348595,0
348596,0
348597,0
348598,0
348599,0
348600,0
348601,0
348602,0
348603,0
348604,0
348605,0
348606,0
348607,0
348608,0
348609,0
348610,0
348611,0
348612,0
348613,0
348614,0
348615,0
348616,0
348617,0
348618,0
348619,0
348620,0
348621,0
348622,0
348623,0
348624,0
348625,0
348626,0
348627,0
348628,0
348629,0
348630,0
348631,0
348632,0
348633,0
348634,0
348635,0
348636,0
348637,0
348638,0
348639,0
348640,0
348641,0
348642,0
348643,0
348644,0
348645,0
348646,0
348647,0
348648,0
348649,0
348650,0
348651,0
348652,0
348653,0
348654,0
348655,0
348656,0
348657,0
348658,0
348659,0
348660,0
348661,0
348662,0
348663,0
348664,0
348665,0
348666,0
348667,0
348668,0
348669,0
348670,0
348671,0
348672,0
348673,0
348674,0
348675,0
348676,0
348677,0
348678,0
348679,0
348680,0
348681,0
348682,0
348683,0
348684,0
348685,0
348686,0
348687,0
348688,0
348689,0
348690,0
348691,0
348692,0
348693,0
348694,0
348695,0
348696,0
348697,0
348698,0
348699,0
348700,0
348701,0
348702,0
348703,0
348704,0
348705,0
348706,0
348707,0
348708,0
348709,0
348710,0
348711,0
348712,0
348713,0
348714,0
348715,0
348716,0
348717,0
348718,0
348719,0
348720,0
348721,0
348722,0
348723,0
348724,0
348725,0
348726,0
348727,0
348728,0
348729,0
348730,0
348731,0
348732,0
348733,0
348734,0
348735,0
348736,0
348737,0
348738,0
348739,0
348740,0
348741,0
348742,0
348743,0
348744,0
348745,0
348746,0
348747,0
348748,0
348749,0
348750,0
348751,0
348752,0
348753,0
348754,0
348755,0
348756,0
348757,0
348758,0
348759,0
348760,0
348761,0
348762,0
348763,0
348764,0
348765,0
348766,0
348767,0
348768,0
348769,0
348770,0
348771,0
348772,0
348773,0
348774,0
348775,0
348776,0
348777,0
348778,0
348779,0
348780,0
348781,0
348782,0
348783,0
348784,0
348785,0
348786,0
348787,0
348788,0
348789,0
348790,0
348791,0
348792,0
348793,0
348794,0
348795,0
348796,0
348797,0
348798,0
348799,0
348800,0
348801,0
348802,0
348803,0
348804,0
348805,0
348806,0
348807,0
348808,0
348809,0
348810,0
348811,0
348812,0
348813,0
348814,0
348815,0
348816,0
348817,0
348818,0
348819,0
348820,0
348821,0
348822,0
348823,0
348824,0
348825,0
348826,0
348827,0
348828,0
348829,0
348830,0
348831,0
348832,0
348833,0
348834,0
348835,0
348836,0
348837,0
348838,0
348839,0
348840,0
348841,0
348842,0
348843,0
348844,0
348845,0
348846,0
348847,0
348848,0
348849,0
348850,0
348851,0
348852,0
348853,0
348854,0
348855,0
348856,0
348857,0
348858,0
348859,0
348860,0
348861,0
348862,0
348863,0
348864,0
348865,0
348866,0
348867,0
348868,0
348869,0
348870,0
348871,0
348872,0
348873,0
348874,0
348875,0
348876,0
348877,0
348878,0
348879,0
348880,0
348881,0
348882,0
348883,0
348884,0
348885,0
348886,0
348887,0
348888,0
348889,0
348890,0
348891,0
348892,0
348893,0
348894,0
348895,0
348896,0
348897,0
348898,0
348899,0
348900,0
348901,0
348902,0
348903,0
348904,0
348905,0
348906,0
348907,0
348908,0
348909,0
348910,0
348911,0
348912,0
348913,0
348914,0
348915,0
348916,0
348917,0
348918,0
348919,0
348920,0
348921,0
348922,0
348923,0
348924,0
348925,0
348926,0
348927,0
348928,0
348929,0
348930,0
348931,0
348932,0
348933,0
348934,0
348935,0
348936,0
348937,0
348938,0
348939,0
348940,0
348941,0
348942,0
348943,0
348944,0
348945,0
348946,0
348947,0
348948,0
348949,0
348950,0
348951,0
348952,0
348953,0
348954,0
348955,0
348956,0
348957,0
348958,0
348959,0
348960,0
348961,0
348962,0
348963,0
348964,0
348965,0
348966,0
348967,0
348968,0
348969,0
348970,0
348971,0
348972,0
348973,0
348974,0
348975,0
348976,0
348977,0
348978,0
348979,0
348980,0
348981,0
348982,0
348983,0
348984,0
348985,0
348986,0
348987,0
348988,0
348989,0
348990,0
348991,0
348992,0
348993,0
348994,0
348995,0
348996,0
348997,0
348998,0
348999,0
349000,0
349001,0
349002,0
349003,0
349004,0
349005,0
349006,0
349007,0
349008,0
349009,0
349010,0
349011,0
349012,0
349013,0
349014,0
349015,0
349016,0
349017,0
349018,0
349019,0
349020,0
349021,0
349022,0
349023,0
349024,0
349025,0
349026,0
349027,0
349028,0
349029,0
349030,0
349031,0
349032,0
349033,0
349034,0
349035,0
349036,0
349037,0
349038,0
349039,0
349040,0
349041,0
349042,0
349043,0
349044,0
349045,0
349046,0
349047,0
349048,0
349049,0
349050,0
349051,0
349052,0
349053,0
349054,0
349055,0
349056,0
349057,0
349058,0
349059,0
349060,0
349061,0
349062,0
349063,0
349064,0
349065,0
349066,0
349067,0
349068,0
349069,0
349070,0
349071,0
349072,0
349073,0
349074,0
349075,0
349076,0
349077,0
349078,0
349079,0
349080,0
349081,0
349082,0
349083,0
349084,0
349085,0
349086,0
349087,0
349088,0
349089,0
349090,0
349091,0
349092,0
349093,0
349094,0
349095,0
349096,0
349097,0
349098,0
349099,0
349100,0
349101,0
349102,0
349103,0
349104,0
349105,0
349106,0
349107,0
349108,0
349109,0
349110,0
349111,0
349112,0
349113,0
349114,0
349115,0
349116,0
349117,0
349118,0
349119,0
349120,0
349121,0
349122,0
349123,0
349124,0
349125,0
349126,0
349127,0
349128,0
349129,0
349130,0
349131,0
349132,0
349133,0
349134,0
349135,0
349136,0
349137,0
349138,0
349139,0
349140,0
349141,0
349142,0
349143,0
349144,0
349145,0
349146,0
349147,0
349148,0
349149,0
349150,0
349151,0
349152,0
349153,0
349154,0
349155,0
349156,0
349157,0
349158,0
349159,0
349160,0
349161,0
349162,0
349163,0
349164,0
349165,0
349166,0
349167,0
349168,0
349169,0
349170,0
349171,0
349172,0
349173,0
349174,0
349175,0
349176,0
349177,0
349178,0
349179,0
349180,0
349181,0
349182,0
349183,0
349184,0
349185,0
349186,0
349187,0
349188,0
349189,0
349190,0
349191,0
349192,0
349193,0
349194,0
349195,0
349196,0
349197,0
349198,0
349199,0
349200,0
349201,0
349202,0
349203,0
349204,0
349205,0
349206,0
349207,0
349208,0
349209,0
349210,0
349211,0
349212,0
349213,0
349214,0
349215,0
349216,0
349217,0
349218,0
349219,0
349220,0
349221,0
349222,0
349223,0
349224,0
349225,0
349226,0
349227,0
349228,0
349229,0
349230,0
349231,0
349232,0
349233,0
349234,0
349235,0
349236,0
349237,0
349238,0
349239,0
349240,0
349241,0
349242,0
349243,0
349244,0
349245,0
349246,0
349247,0
349248,0
349249,0
349250,0
349251,0
349252,0
349253,0
349254,0
349255,0
349256,0
349257,0
349258,0
349259,0
349260,0
349261,0
349262,0
349263,0
349264,0
349265,0
349266,0
349267,0
349268,0
349269,0
349270,0
349271,0
349272,0
349273,0
349274,0
349275,0
349276,0
349277,0
349278,0
349279,0
349280,0
349281,0
349282,0
349283,0
349284,0
349285,0
349286,0
349287,0
349288,0
349289,0
349290,0
349291,0
349292,0
349293,0
349294,0
349295,0
349296,0
349297,0
349298,0
349299,0
349300,0
349301,0
349302,0
349303,0
349304,0
349305,0
349306,0
349307,0
349308,0
349309,0
349310,0
349311,0
349312,0
349313,0
349314,0
349315,0
349316,0
349317,0
349318,0
349319,0
349320,0
349321,0
349322,0
349323,0
349324,0
349325,0
349326,0
349327,0
349328,0
349329,0
349330,0
349331,0
349332,0
349333,0
349334,0
349335,0
349336,0
349337,0
349338,0
349339,0
349340,0
349341,0
349342,0
349343,0
349344,0
349345,0
349346,0
349347,0
349348,0
349349,0
349350,0
349351,0
349352,0
349353,0
349354,0
349355,0
349356,0
349357,0
349358,0
349359,0
349360,0
349361,0
349362,0
349363,0
349364,0
349365,0
349366,0
349367,0
349368,0
349369,0
349370,0
349371,0
349372,0
349373,0
349374,0
349375,0
349376,0
349377,0
349378,0
349379,0
349380,0
349381,0
349382,0
349383,0
349384,0
349385,0
349386,0
349387,0
349388,0
349389,0
349390,0
349391,0
349392,0
349393,0
349394,0
349395,0
349396,0
349397,0
349398,0
349399,0
349400,0
349401,0
349402,0
349403,0
349404,0
349405,0
349406,0
349407,0
349408,0
349409,0
349410,0
349411,0
349412,0
349413,0
349414,0
349415,0
349416,0
349417,0
349418,0
349419,0
349420,0
349421,0
349422,0
349423,0
349424,0
349425,0
349426,0
349427,0
349428,0
349429,0
349430,0
349431,0
349432,0
349433,0
349434,0
349435,0
349436,0
349437,0
349438,0
349439,0
349440,0
349441,0
349442,0
349443,0
349444,0
349445,0
349446,0
349447,0
349448,0
349449,0
349450,0
349451,0
349452,0
349453,0
349454,0
349455,0
349456,0
349457,0
349458,0
349459,0
349460,0
349461,0
349462,0
349463,0
349464,0
349465,0
349466,0
349467,0
349468,0
349469,0
349470,0
349471,0
349472,0
349473,0
349474,0
349475,0
349476,0
349477,0
349478,0
349479,0
349480,0
349481,0
349482,0
349483,0
349484,0
349485,0
349486,0
349487,0
349488,0
349489,0
349490,0
349491,0
349492,0
349493,0
349494,0
349495,0
349496,0
349497,0
349498,0
349499,0
349500,0
349501,0
349502,0
349503,0
349504,0
349505,0
349506,0
349507,0
349508,0
349509,0
349510,0
349511,0
349512,0
349513,0
349514,0
349515,0
349516,0
349517,0
349518,0
349519,0
349520,0
349521,0
349522,0
349523,0
349524,0
349525,0
349526,0
349527,0
349528,0
349529,0
349530,0
349531,0
349532,0
349533,0
349534,0
349535,0
349536,0
349537,0
349538,0
349539,0
349540,0
349541,0
349542,0
349543,0
349544,0
349545,0
349546,0
349547,0
349548,0
349549,0
349550,0
349551,0
349552,0
349553,0
349554,0
349555,0
349556,0
349557,0
349558,0
349559,0
349560,0
349561,0
349562,0
349563,0
349564,0
349565,0
349566,0
349567,0
349568,0
349569,0
349570,0
349571,0
349572,0
349573,0
349574,0
349575,0
349576,0
349577,0
349578,0
349579,0
349580,0
349581,0
349582,0
349583,0
349584,0
349585,0
349586,0
349587,0
349588,0
349589,0
349590,0
349591,0
349592,0
349593,0
349594,0
349595,0
349596,0
349597,0
349598,0
349599,0
349600,0
349601,0
349602,0
349603,0
349604,0
349605,0
349606,0
349607,0
349608,0
349609,0
349610,0
349611,0
349612,0
349613,0
349614,0
349615,0
349616,0
349617,0
349618,0
349619,0
349620,0
349621,0
349622,0
349623,0
349624,0
349625,0
349626,0
349627,0
349628,0
349629,0
349630,0
349631,0
349632,0
349633,0
349634,0
349635,0
349636,0
349637,0
349638,0
349639,0
349640,0
349641,0
349642,0
349643,0
349644,0
349645,0
349646,0
349647,0
349648,0
349649,0
349650,0
349651,0
349652,0
349653,0
349654,0
349655,0
349656,0
349657,0
349658,0
349659,0
349660,0
349661,0
349662,0
349663,0
349664,0
349665,0
349666,0
349667,0
349668,0
349669,0
349670,0
349671,0
349672,0
349673,0
349674,0
349675,0
349676,0
349677,0
349678,0
349679,0
349680,0
349681,0
349682,0
349683,0
349684,0
349685,0
349686,0
349687,0
349688,0
349689,0
349690,0
349691,0
349692,0
349693,0
349694,0
349695,0
349696,0
349697,0
349698,0
349699,0
349700,0
349701,0
349702,0
349703,0
349704,0
349705,0
349706,0
349707,0
349708,0
349709,0
349710,0
349711,0
349712,0
349713,0
349714,0
349715,0
349716,0
349717,0
349718,0
349719,0
349720,0
349721,0
349722,0
349723,0
349724,0
349725,0
349726,0
349727,0
349728,0
349729,0
349730,0
349731,0
349732,0
349733,0
349734,0
349735,0
349736,0
349737,0
349738,0
349739,0
349740,0
349741,0
349742,0
349743,0
349744,0
349745,0
349746,0
349747,0
349748,0
349749,0
349750,0
349751,0
349752,0
349753,0
349754,0
349755,0
349756,0
349757,0
349758,0
349759,0
349760,0
349761,0
349762,0
349763,0
349764,0
349765,0
349766,0
349767,0
349768,0
349769,0
349770,0
349771,0
349772,0
349773,0
349774,0
349775,0
349776,0
349777,0
349778,0
349779,0
349780,0
349781,0
349782,0
349783,0
349784,0
349785,0
349786,0
349787,0
349788,0
349789,0
349790,0
349791,0
349792,0
349793,0
349794,0
349795,0
349796,0
349797,0
349798,0
349799,0
349800,0
349801,0
349802,0
349803,0
349804,0
349805,0
349806,0
349807,0
349808,0
349809,0
349810,0
349811,0
349812,0
349813,0
349814,0
349815,0
349816,0
349817,0
349818,0
349819,0
349820,0
349821,0
349822,0
349823,0
349824,0
349825,0
349826,0
349827,0
349828,0
349829,0
349830,0
349831,0
349832,0
349833,0
349834,0
349835,0
349836,0
349837,0
349838,0
349839,0
349840,0
349841,0
349842,0
349843,0
349844,0
349845,0
349846,0
349847,0
349848,0
349849,0
349850,0
349851,0
349852,0
349853,0
349854,0
349855,0
349856,0
349857,0
349858,0
349859,0
349860,0
349861,0
349862,0
349863,0
349864,0
349865,0
349866,0
349867,0
349868,0
349869,0
349870,0
349871,0
349872,0
349873,0
349874,0
349875,0
349876,0
349877,0
349878,0
349879,0
349880,0
349881,0
349882,0
349883,0
349884,0
349885,0
349886,0
349887,0
349888,0
349889,0
349890,0
349891,0
349892,0
349893,0
349894,0
349895,0
349896,0
349897,0
349898,0
349899,0
349900,0
349901,0
349902,0
349903,0
349904,0
349905,0
349906,0
349907,0
349908,0
349909,0
349910,0
349911,0
349912,0
349913,0
349914,0
349915,0
349916,0
349917,0
349918,0
349919,0
349920,0
349921,0
349922,0
349923,0
349924,0
349925,0
349926,0
349927,0
349928,0
349929,0
349930,0
349931,0
349932,0
349933,0
349934,0
349935,0
349936,0
349937,0
349938,0
349939,0
349940,0
349941,0
349942,0
349943,0
349944,0
349945,0
349946,0
349947,0
349948,0
349949,0
349950,0
349951,0
349952,0
349953,0
349954,0
349955,0
349956,0
349957,0
349958,0
349959,0
349960,0
349961,0
349962,0
349963,0
349964,0
349965,0
349966,0
349967,0
349968,0
349969,0
349970,0
349971,0
349972,0
349973,0
349974,0
349975,0
349976,0
349977,0
349978,0
349979,0
349980,0
349981,0
349982,0
349983,0
349984,0
349985,0
349986,0
349987,0
349988,0
349989,0
349990,0
349991,0
349992,0
349993,0
349994,0
349995,0
349996,0
349997,0
349998,0
349999,0
350000,0
350001,0
350002,0
350003,0
350004,0
350005,0
350006,0
350007,0
350008,0
350009,0
350010,0
350011,0
350012,0
350013,0
350014,0
350015,0
350016,0
350017,0
350018,0
350019,0
350020,0
350021,0
350022,0
350023,0
350024,0
350025,0
350026,0
350027,0
350028,0
350029,0
350030,0
350031,0
350032,0
350033,0
350034,0
350035,0
350036,0
350037,0
350038,0
350039,0
350040,0
350041,0
350042,0
350043,0
350044,0
350045,0
350046,0
350047,0
350048,0
350049,0
350050,0
350051,0
350052,0
350053,0
350054,0
350055,0
350056,0
350057,0
350058,0
350059,0
350060,0
350061,0
350062,0
350063,0
350064,0
350065,0
350066,0
350067,0
350068,0
350069,0
350070,0
350071,0
350072,0
350073,0
350074,0
350075,0
350076,0
350077,0
350078,0
350079,0
350080,0
350081,0
350082,0
350083,0
350084,0
350085,0
350086,0
350087,0
350088,0
350089,0
350090,0
350091,0
350092,0
350093,0
350094,0
350095,0
350096,0
350097,0
350098,0
350099,0
350100,0
350101,0
350102,0
350103,0
350104,0
350105,0
350106,0
350107,0
350108,0
350109,0
350110,0
350111,0
350112,0
350113,0
350114,0
350115,0
350116,0
350117,0
350118,0
350119,0
350120,0
350121,0
350122,0
350123,0
350124,0
350125,0
350126,0
350127,0
350128,0
350129,0
350130,0
350131,0
350132,0
350133,0
350134,0
350135,0
350136,0
350137,0
350138,0
350139,0
350140,0
350141,0
350142,0
350143,0
350144,0
350145,0
350146,0
350147,0
350148,0
350149,0
350150,0
350151,0
350152,0
350153,0
350154,0
350155,0
350156,0
350157,0
350158,0
350159,0
350160,0
350161,0
350162,0
350163,0
350164,0
350165,0
350166,0
350167,0
350168,0
350169,0
350170,0
350171,0
350172,0
350173,0
350174,0
350175,0
350176,0
350177,0
350178,0
350179,0
350180,0
350181,0
350182,0
350183,0
350184,0
350185,0
350186,0
350187,0
350188,0
350189,0
350190,0
350191,0
350192,0
350193,0
350194,0
350195,0
350196,0
350197,0
350198,0
350199,0
350200,0
350201,0
350202,0
350203,0
350204,0
350205,0
350206,0
350207,0
350208,0
350209,0
350210,0
350211,0
350212,0
350213,0
350214,0
350215,0
350216,0
350217,0
350218,0
350219,0
350220,0
350221,0
350222,0
350223,0
350224,0
350225,0
350226,0
350227,0
350228,0
350229,0
350230,0
350231,0
350232,0
350233,0
350234,0
350235,0
350236,0
350237,0
350238,0
350239,0
350240,0
350241,0
350242,0
350243,0
350244,0
350245,0
350246,0
350247,0
350248,0
350249,0
350250,0
350251,0
350252,0
350253,0
350254,0
350255,0
350256,0
350257,0
350258,0
350259,0
350260,0
350261,0
350262,0
350263,0
350264,0
350265,0
350266,0
350267,0
350268,0
350269,0
350270,0
350271,0
350272,0
350273,0
350274,0
350275,0
350276,0
350277,0
350278,0
350279,0
350280,0
350281,0
350282,0
350283,0
350284,0
350285,0
350286,0
350287,0
350288,0
350289,0
350290,0
350291,0
350292,0
350293,0
350294,0
350295,0
350296,0
350297,0
350298,0
350299,0
350300,0
350301,0
350302,0
350303,0
350304,0
350305,0
350306,0
350307,0
350308,0
350309,0
350310,0
350311,0
350312,0
350313,0
350314,0
350315,0
350316,0
350317,0
350318,0
350319,0
350320,0
350321,0
350322,0
350323,0
350324,0
350325,0
350326,0
350327,0
350328,0
350329,0
350330,0
350331,0
350332,0
350333,0
350334,0
350335,0
350336,0
350337,0
350338,0
350339,0
350340,0
350341,0
350342,0
350343,0
350344,0
350345,0
350346,0
350347,0
350348,0
350349,0
350350,0
350351,0
350352,0
350353,0
350354,0
350355,0
350356,0
350357,0
350358,0
350359,0
350360,0
350361,0
350362,0
350363,0
350364,0
350365,0
350366,0
350367,0
350368,0
350369,0
350370,0
350371,0
350372,0
350373,0
350374,0
350375,0
350376,0
350377,0
350378,0
350379,0
350380,0
350381,0
350382,0
350383,0
350384,0
350385,0
350386,0
350387,0
350388,0
350389,0
350390,0
350391,0
350392,0
350393,0
350394,0
350395,0
350396,0
350397,0
350398,0
350399,0
350400,0
350401,0
350402,0
350403,0
350404,0
350405,0
350406,0
350407,0
350408,0
350409,0
350410,0
350411,0
350412,0
350413,0
350414,0
350415,0
350416,0
350417,0
350418,0
350419,0
350420,0
350421,0
350422,0
350423,0
350424,0
350425,0
350426,0
350427,0
350428,0
350429,0
350430,0
350431,0
350432,0
350433,0
350434,0
350435,0
350436,0
350437,0
350438,0
350439,0
350440,0
350441,0
350442,0
350443,0
350444,0
350445,0
350446,0
350447,0
350448,0
350449,0
350450,0
350451,0
350452,0
350453,0
350454,0
350455,0
350456,0
350457,0
350458,0
350459,0
350460,0
350461,0
350462,0
350463,0
350464,0
350465,0
350466,0
350467,0
350468,0
350469,0
350470,0
350471,0
350472,0
350473,0
350474,0
350475,0
350476,0
350477,0
350478,0
350479,0
350480,0
350481,0
350482,0
350483,0
350484,0
350485,0
350486,0
350487,0
350488,0
350489,0
350490,0
350491,0
350492,0
350493,0
350494,0
350495,0
350496,0
350497,0
350498,0
350499,0
350500,0
350501,0
350502,0
350503,0
350504,0
350505,0
350506,0
350507,0
350508,0
350509,0
350510,0
350511,0
350512,0
350513,0
350514,0
350515,0
350516,0
350517,0
350518,0
350519,0
350520,0
350521,0
350522,0
350523,0
350524,0
350525,0
350526,0
350527,0
350528,0
350529,0
350530,0
350531,0
350532,0
350533,0
350534,0
350535,0
350536,0
350537,0
350538,0
350539,0
350540,0
350541,0
350542,0
350543,0
350544,0
350545,0
350546,0
350547,0
350548,0
350549,0
350550,0
350551,0
350552,0
350553,0
350554,0
350555,0
350556,0
350557,0
350558,0
350559,0
350560,0
350561,0
350562,0
350563,0
350564,0
350565,0
350566,0
350567,0
350568,0
350569,0
350570,0
350571,0
350572,0
350573,0
350574,0
350575,0
350576,0
350577,0
350578,0
350579,0
350580,0
350581,0
350582,0
350583,0
350584,0
350585,0
350586,0
350587,0
350588,0
350589,0
350590,0
350591,0
350592,0
350593,0
350594,0
350595,0
350596,0
350597,0
350598,0
350599,0
350600,0
350601,0
350602,0
350603,0
350604,0
350605,0
350606,0
350607,0
350608,0
350609,0
350610,0
350611,0
350612,0
350613,0
350614,0
350615,0
350616,0
350617,0
350618,0
350619,0
350620,0
350621,0
350622,0
350623,0
350624,0
350625,0
350626,0
350627,0
350628,0
350629,0
350630,0
350631,0
350632,0
350633,0
350634,0
350635,0
350636,0
350637,0
350638,0
350639,0
350640,0
350641,0
350642,0
350643,0
350644,0
350645,0
350646,0
350647,0
350648,0
350649,0
350650,0
350651,0
350652,0
350653,0
350654,0
350655,0
350656,0
350657,0
350658,0
350659,0
350660,0
350661,0
350662,0
350663,0
350664,0
350665,0
350666,0
350667,0
350668,0
350669,0
350670,0
350671,0
350672,0
350673,0
350674,0
350675,0
350676,0
350677,0
350678,0
350679,0
350680,0
350681,0
350682,0
350683,0
350684,0
350685,0
350686,0
350687,0
350688,0
350689,0
350690,0
350691,0
350692,0
350693,0
350694,0
350695,0
350696,0
350697,0
350698,0
350699,0
350700,0
350701,0
350702,0
350703,0
350704,0
350705,0
350706,0
350707,0
350708,0
350709,0
350710,0
350711,0
350712,0
350713,0
350714,0
350715,0
350716,0
350717,0
350718,0
350719,0
350720,0
350721,0
350722,0
350723,0
350724,0
350725,0
350726,0
350727,0
350728,0
350729,0
350730,0
350731,0
350732,0
350733,0
350734,0
350735,0
350736,0
350737,0
350738,0
350739,0
350740,0
350741,0
350742,0
350743,0
350744,0
350745,0
350746,0
350747,0
350748,0
350749,0
350750,0
350751,0
350752,0
350753,0
350754,0
350755,0
350756,0
350757,0
350758,0
350759,0
350760,0
350761,0
350762,0
350763,0
350764,0
350765,0
350766,0
350767,0
350768,0
350769,0
350770,0
350771,0
350772,0
350773,0
350774,0
350775,0
350776,0
350777,0
350778,0
350779,0
350780,0
350781,0
350782,0
350783,0
350784,0
350785,0
350786,0
350787,0
350788,0
350789,0
350790,0
350791,0
350792,0
350793,0
350794,0
350795,0
350796,0
350797,0
350798,0
350799,0
350800,0
350801,0
350802,0
350803,0
350804,0
350805,0
350806,0
350807,0
350808,0
350809,0
350810,0
350811,0
350812,0
350813,0
350814,0
350815,0
350816,0
350817,0
350818,0
350819,0
350820,0
350821,0
350822,0
350823,0
350824,0
350825,0
350826,0
350827,0
350828,0
350829,0
350830,0
350831,0
350832,0
350833,0
350834,0
350835,0
350836,0
350837,0
350838,0
350839,0
350840,0
350841,0
350842,0
350843,0
350844,0
350845,0
350846,0
350847,0
350848,0
350849,0
350850,0
350851,0
350852,0
350853,0
350854,0
350855,0
350856,0
350857,0
350858,0
350859,0
350860,0
350861,0
350862,0
350863,0
350864,0
350865,0
350866,0
350867,0
350868,0
350869,0
350870,0
350871,0
350872,0
350873,0
350874,0
350875,0
350876,0
350877,0
350878,0
350879,0
350880,0
350881,0
350882,0
350883,0
350884,0
350885,0
350886,0
350887,0
350888,0
350889,0
350890,0
350891,0
350892,0
350893,0
350894,0
350895,0
350896,0
350897,0
350898,0
350899,0
350900,0
350901,0
350902,0
350903,0
350904,0
350905,0
350906,0
350907,0
350908,0
350909,0
350910,0
350911,0
350912,0
350913,0
350914,0
350915,0
350916,0
350917,0
350918,0
350919,0
350920,0
350921,0
350922,0
350923,0
350924,0
350925,0
350926,0
350927,0
350928,0
350929,0
350930,0
350931,0
350932,0
350933,0
350934,0
350935,0
350936,0
350937,0
350938,0
350939,0
350940,0
350941,0
350942,0
350943,0
350944,0
350945,0
350946,0
350947,0
350948,0
350949,0
350950,0
350951,0
350952,0
350953,0
350954,0
350955,0
350956,0
350957,0
350958,0
350959,0
350960,0
350961,0
350962,0
350963,0
350964,0
350965,0
350966,0
350967,0
350968,0
350969,0
350970,0
350971,0
350972,0
350973,0
350974,0
350975,0
350976,0
350977,0
350978,0
350979,0
350980,0
350981,0
350982,0
350983,0
350984,0
350985,0
350986,0
350987,0
350988,0
350989,0
350990,0
350991,0
350992,0
350993,0
350994,0
350995,0
350996,0
350997,0
350998,0
350999,0
351000,0
351001,0
351002,0
351003,0
351004,0
351005,0
351006,0
351007,0
351008,0
351009,0
351010,0
351011,0
351012,0
351013,0
351014,0
351015,0
351016,0
351017,0
351018,0
351019,0
351020,0
351021,0
351022,0
351023,0
351024,0
351025,0
351026,0
351027,0
351028,0
351029,0
351030,0
351031,0
351032,0
351033,0
351034,0
351035,0
351036,0
351037,0
351038,0
351039,0
351040,0
351041,0
351042,0
351043,0
351044,0
351045,0
351046,0
351047,0
351048,0
351049,0
351050,0
351051,0
351052,0
351053,0
351054,0
351055,0
351056,0
351057,0
351058,0
351059,0
351060,0
351061,0
351062,0
351063,0
351064,0
351065,0
351066,0
351067,0
351068,0
351069,0
351070,0
351071,0
351072,0
351073,0
351074,0
351075,0
351076,0
351077,0
351078,0
351079,0
351080,0
351081,0
351082,0
351083,0
351084,0
351085,0
351086,0
351087,0
351088,0
351089,0
351090,0
351091,0
351092,0
351093,0
351094,0
351095,0
351096,0
351097,0
351098,0
351099,0
351100,0
351101,0
351102,0
351103,0
351104,0
351105,0
351106,0
351107,0
351108,0
351109,0
351110,0
351111,0
351112,0
351113,0
351114,0
351115,0
351116,0
351117,0
351118,0
351119,0
351120,0
351121,0
351122,0
351123,0
351124,0
351125,0
351126,0
351127,0
351128,0
351129,0
351130,0
351131,0
351132,0
351133,0
351134,0
351135,0
351136,0
351137,0
351138,0
351139,0
351140,0
351141,0
351142,0
351143,0
351144,0
351145,0
351146,0
351147,0
351148,0
351149,0
351150,0
351151,0
351152,0
351153,0
351154,0
351155,0
351156,0
351157,0
351158,0
351159,0
351160,0
351161,0
351162,0
351163,0
351164,0
351165,0
351166,0
351167,0
351168,0
351169,0
351170,0
351171,0
351172,0
351173,0
351174,0
351175,0
351176,0
351177,0
351178,0
351179,0
351180,0
351181,0
351182,0
351183,0
351184,0
351185,0
351186,0
351187,0
351188,0
351189,0
351190,0
351191,0
351192,0
351193,0
351194,0
351195,0
351196,0
351197,0
351198,0
351199,0
351200,0
351201,0
351202,0
351203,0
351204,0
351205,0
351206,0
351207,0
351208,0
351209,0
351210,0
351211,0
351212,0
351213,0
351214,0
351215,0
351216,0
351217,0
351218,0
351219,0
351220,0
351221,0
351222,0
351223,0
351224,0
351225,0
351226,0
351227,0
351228,0
351229,0
351230,0
351231,0
351232,0
351233,0
351234,0
351235,0
351236,0
351237,0
351238,0
351239,0
351240,0
351241,0
351242,0
351243,0
351244,0
351245,0
351246,0
351247,0
351248,0
351249,0
351250,0
351251,0
351252,0
351253,0
351254,0
351255,0
351256,0
351257,0
351258,0
351259,0
351260,0
351261,0
351262,0
351263,0
351264,0
351265,0
351266,0
351267,0
351268,0
351269,0
351270,0
351271,0
351272,0
351273,0
351274,0
351275,0
351276,0
351277,0
351278,0
351279,0
351280,0
351281,0
351282,0
351283,0
351284,0
351285,0
351286,0
351287,0
351288,0
351289,0
351290,0
351291,0
351292,0
351293,0
351294,0
351295,0
351296,0
351297,0
351298,0
351299,0
351300,0
351301,0
351302,0
351303,0
351304,0
351305,0
351306,0
351307,0
351308,0
351309,0
351310,0
351311,0
351312,0
351313,0
351314,0
351315,0
351316,0
351317,0
351318,0
351319,0
351320,0
351321,0
351322,0
351323,0
351324,0
351325,0
351326,0
351327,0
351328,0
351329,0
351330,0
351331,0
351332,0
351333,0
351334,0
351335,0
351336,0
351337,0
351338,0
351339,0
351340,0
351341,0
351342,0
351343,0
351344,0
351345,0
351346,0
351347,0
351348,0
351349,0
351350,0
351351,0
351352,0
351353,0
351354,0
351355,0
351356,0
351357,0
351358,0
351359,0
351360,0
351361,0
351362,0
351363,0
351364,0
351365,0
351366,0
351367,0
351368,0
351369,0
351370,0
351371,0
351372,0
351373,0
351374,0
351375,0
351376,0
351377,0
351378,0
351379,0
351380,0
351381,0
351382,0
351383,0
351384,0
351385,0
351386,0
351387,0
351388,0
351389,0
351390,0
351391,0
351392,0
351393,0
351394,0
351395,0
351396,0
351397,0
351398,0
351399,0
351400,0
351401,0
351402,0
351403,0
351404,0
351405,0
351406,0
351407,0
351408,0
351409,0
351410,0
351411,0
351412,0
351413,0
351414,0
351415,0
351416,0
351417,0
351418,0
351419,0
351420,0
351421,0
351422,0
351423,0
351424,0
351425,0
351426,0
351427,0
351428,0
351429,0
351430,0
351431,0
351432,0
351433,0
351434,0
351435,0
351436,0
351437,0
351438,0
351439,0
351440,0
351441,0
351442,0
351443,0
351444,0
351445,0
351446,0
351447,0
351448,0
351449,0
351450,0
351451,0
351452,0
351453,0
351454,0
351455,0
351456,0
351457,0
351458,0
351459,0
351460,0
351461,0
351462,0
351463,0
351464,0
351465,0
351466,0
351467,0
351468,0
351469,0
351470,0
351471,0
351472,0
351473,0
351474,0
351475,0
351476,0
351477,0
351478,0
351479,0
351480,0
351481,0
351482,0
351483,0
351484,0
351485,0
351486,0
351487,0
351488,0
351489,0
351490,0
351491,0
351492,0
351493,0
351494,0
351495,0
351496,0
351497,0
351498,0
351499,0
351500,0
351501,0
351502,0
351503,0
351504,0
351505,0
351506,0
351507,0
351508,0
351509,0
351510,0
351511,0
351512,0
351513,0
351514,0
351515,0
351516,0
351517,0
351518,0
351519,0
351520,0
351521,0
351522,0
351523,0
351524,0
351525,0
351526,0
351527,0
351528,0
351529,0
351530,0
351531,0
351532,0
351533,0
351534,0
351535,0
351536,0
351537,0
351538,0
351539,0
351540,0
351541,0
351542,0
351543,0
351544,0
351545,0
351546,0
351547,0
351548,0
351549,0
351550,0
351551,0
351552,0
351553,0
351554,0
351555,0
351556,0
351557,0
351558,0
351559,0
351560,0
351561,0
351562,0
351563,0
351564,0
351565,0
351566,0
351567,0
351568,0
351569,0
351570,0
351571,0
351572,0
351573,0
351574,0
351575,0
351576,0
351577,0
351578,0
351579,0
351580,0
351581,0
351582,0
351583,0
351584,0
351585,0
351586,0
351587,0
351588,0
351589,0
351590,0
351591,0
351592,0
351593,0
351594,0
351595,0
351596,0
351597,0
351598,0
351599,0
351600,0
351601,0
351602,0
351603,0
351604,0
351605,0
351606,0
351607,0
351608,0
351609,0
351610,0
351611,0
351612,0
351613,0
351614,0
351615,0
351616,0
351617,0
351618,0
351619,0
351620,0
351621,0
351622,0
351623,0
351624,0
351625,0
351626,0
351627,0
351628,0
351629,0
351630,0
351631,0
351632,0
351633,0
351634,0
351635,0
351636,0
351637,0
351638,0
351639,0
351640,0
351641,0
351642,0
351643,0
351644,0
351645,0
351646,0
351647,0
351648,0
351649,0
351650,0
351651,0
351652,0
351653,0
351654,0
351655,0
351656,0
351657,0
351658,0
351659,0
351660,0
351661,0
351662,0
351663,0
351664,0
351665,0
351666,0
351667,0
351668,0
351669,0
351670,0
351671,0
351672,0
351673,0
351674,0
351675,0
351676,0
351677,0
351678,0
351679,0
351680,0
351681,0
351682,0
351683,0
351684,0
351685,0
351686,0
351687,0
351688,0
351689,0
351690,0
351691,0
351692,0
351693,0
351694,0
351695,0
351696,0
351697,0
351698,0
351699,0
351700,0
351701,0
351702,0
351703,0
351704,0
351705,0
351706,0
351707,0
351708,0
351709,0
351710,0
351711,0
351712,0
351713,0
351714,0
351715,0
351716,0
351717,0
351718,0
351719,0
351720,0
351721,0
351722,0
351723,0
351724,0
351725,0
351726,0
351727,0
351728,0
351729,0
351730,0
351731,0
351732,0
351733,0
351734,0
351735,0
351736,0
351737,0
351738,0
351739,0
351740,0
351741,0
351742,0
351743,0
351744,0
351745,0
351746,0
351747,0
351748,0
351749,0
351750,0
351751,0
351752,0
351753,0
351754,0
351755,0
351756,0
351757,0
351758,0
351759,0
351760,0
351761,0
351762,0
351763,0
351764,0
351765,0
351766,0
351767,0
351768,0
351769,0
351770,0
351771,0
351772,0
351773,0
351774,0
351775,0
351776,0
351777,0
351778,0
351779,0
351780,0
351781,0
351782,0
351783,0
351784,0
351785,0
351786,0
351787,0
351788,0
351789,0
351790,0
351791,0
351792,0
351793,0
351794,0
351795,0
351796,0
351797,0
351798,0
351799,0
351800,0
351801,0
351802,0
351803,0
351804,0
351805,0
351806,0
351807,0
351808,0
351809,0
351810,0
351811,0
351812,0
351813,0
351814,0
351815,0
351816,0
351817,0
351818,0
351819,0
351820,0
351821,0
351822,0
351823,0
351824,0
351825,0
351826,0
351827,0
351828,0
351829,0
351830,0
351831,0
351832,0
351833,0
351834,0
351835,0
351836,0
351837,0
351838,0
351839,0
351840,0
351841,0
351842,0
351843,0
351844,0
351845,0
351846,0
351847,0
351848,0
351849,0
351850,0
351851,0
351852,0
351853,0
351854,0
351855,0
351856,0
351857,0
351858,0
351859,0
351860,0
351861,0
351862,0
351863,0
351864,0
351865,0
351866,0
351867,0
351868,0
351869,0
351870,0
351871,0
351872,0
351873,0
351874,0
351875,0
351876,0
351877,0
351878,0
351879,0
351880,0
351881,0
351882,0
351883,0
351884,0
351885,0
351886,0
351887,0
351888,0
351889,0
351890,0
351891,0
351892,0
351893,0
351894,0
351895,0
351896,0
351897,0
351898,0
351899,0
351900,0
351901,0
351902,0
351903,0
351904,0
351905,0
351906,0
351907,0
351908,0
351909,0
351910,0
351911,0
351912,0
351913,0
351914,0
351915,0
351916,0
351917,0
351918,0
351919,0
351920,0
351921,0
351922,0
351923,0
351924,0
351925,0
351926,0
351927,0
351928,0
351929,0
351930,0
351931,0
351932,0
351933,0
351934,0
351935,0
351936,0
351937,0
351938,0
351939,0
351940,0
351941,0
351942,0
351943,0
351944,0
351945,0
351946,0
351947,0
351948,0
351949,0
351950,0
351951,0
351952,0
351953,0
351954,0
351955,0
351956,0
351957,0
351958,0
351959,0
351960,0
351961,0
351962,0
351963,0
351964,0
351965,0
351966,0
351967,0
351968,0
351969,0
351970,0
351971,0
351972,0
351973,0
351974,0
351975,0
351976,0
351977,0
351978,0
351979,0
351980,0
351981,0
351982,0
351983,0
351984,0
351985,0
351986,0
351987,0
351988,0
351989,0
351990,0
351991,0
351992,0
351993,0
351994,0
351995,0
351996,0
351997,0
351998,0
351999,0
352000,0
352001,0
352002,0
352003,0
352004,0
352005,0
352006,0
352007,0
352008,0
352009,0
352010,0
352011,0
352012,0
352013,0
352014,0
352015,0
352016,0
352017,0
352018,0
352019,0
352020,0
352021,0
352022,0
352023,0
352024,0
352025,0
352026,0
352027,0
352028,0
352029,0
352030,0
352031,0
352032,0
352033,0
352034,0
352035,0
352036,0
352037,0
352038,0
352039,0
352040,0
352041,0
352042,0
352043,0
352044,0
352045,0
352046,0
352047,0
352048,0
352049,0
352050,0
352051,0
352052,0
352053,0
352054,0
352055,0
352056,0
352057,0
352058,0
352059,0
352060,0
352061,0
352062,0
352063,0
352064,0
352065,0
352066,0
352067,0
352068,0
352069,0
352070,0
352071,0
352072,0
352073,0
352074,0
352075,0
352076,0
352077,0
352078,0
352079,0
352080,0
352081,0
352082,0
352083,0
352084,0
352085,0
352086,0
352087,0
352088,0
352089,0
352090,0
352091,0
352092,0
352093,0
352094,0
352095,0
352096,0
352097,0
352098,0
352099,0
352100,0
352101,0
352102,0
352103,0
352104,0
352105,0
352106,0
352107,0
352108,0
352109,0
352110,0
352111,0
352112,0
352113,0
352114,0
352115,0
352116,0
352117,0
352118,0
352119,0
352120,0
352121,0
352122,0
352123,0
352124,0
352125,0
352126,0
352127,0
352128,0
352129,0
352130,0
352131,0
352132,0
352133,0
352134,0
352135,0
352136,0
352137,0
352138,0
352139,0
352140,0
352141,0
352142,0
352143,0
352144,0
352145,0
352146,0
352147,0
352148,0
352149,0
352150,0
352151,0
352152,0
352153,0
352154,0
352155,0
352156,0
352157,0
352158,0
352159,0
352160,0
352161,0
352162,0
352163,0
352164,0
352165,0
352166,0
352167,0
352168,0
352169,0
352170,0
352171,0
352172,0
352173,0
352174,0
352175,0
352176,0
352177,0
352178,0
352179,0
352180,0
352181,0
352182,0
352183,0
352184,0
352185,0
352186,0
352187,0
352188,0
352189,0
352190,0
352191,0
352192,0
352193,0
352194,0
352195,0
352196,0
352197,0
352198,0
352199,0
352200,0
352201,0
352202,0
352203,0
352204,0
352205,0
352206,0
352207,0
352208,0
352209,0
352210,0
352211,0
352212,0
352213,0
352214,0
352215,0
352216,0
352217,0
352218,0
352219,0
352220,0
352221,0
352222,0
352223,0
352224,0
352225,0
352226,0
352227,0
352228,0
352229,0
352230,0
352231,0
352232,0
352233,0
352234,0
352235,0
352236,0
352237,0
352238,0
352239,0
352240,0
352241,0
352242,0
352243,0
352244,0
352245,0
352246,0
352247,0
352248,0
352249,0
352250,0
352251,0
352252,0
352253,0
352254,0
352255,0
352256,0
352257,0
352258,0
352259,0
352260,0
352261,0
352262,0
352263,0
352264,0
352265,0
352266,0
352267,0
352268,0
352269,0
352270,0
352271,0
352272,0
352273,0
352274,0
352275,0
352276,0
352277,0
352278,0
352279,0
352280,0
352281,0
352282,0
352283,0
352284,0
352285,0
352286,0
352287,0
352288,0
352289,0
352290,0
352291,0
352292,0
352293,0
352294,0
352295,0
352296,0
352297,0
352298,0
352299,0
352300,0
352301,0
352302,0
352303,0
352304,0
352305,0
352306,0
352307,0
352308,0
352309,0
352310,0
352311,0
352312,0
352313,0
352314,0
352315,0
352316,0
352317,0
352318,0
352319,0
352320,0
352321,0
352322,0
352323,0
352324,0
352325,0
352326,0
352327,0
352328,0
352329,0
352330,0
352331,0
352332,0
352333,0
352334,0
352335,0
352336,0
352337,0
352338,0
352339,0
352340,0
352341,0
352342,0
352343,0
352344,0
352345,0
352346,0
352347,0
352348,0
352349,0
352350,0
352351,0
352352,0
352353,0
352354,0
352355,0
352356,0
352357,0
352358,0
352359,0
352360,0
352361,0
352362,0
352363,0
352364,0
352365,0
352366,0
352367,0
352368,0
352369,0
352370,0
352371,0
352372,0
352373,0
352374,0
352375,0
352376,0
352377,0
352378,0
352379,0
352380,0
352381,0
352382,0
352383,0
352384,0
352385,0
352386,0
352387,0
352388,0
352389,0
352390,0
352391,0
352392,0
352393,0
352394,0
352395,0
352396,0
352397,0
352398,0
352399,0
352400,0
352401,0
352402,0
352403,0
352404,0
352405,0
352406,0
352407,0
352408,0
352409,0
352410,0
352411,0
352412,0
352413,0
352414,0
352415,0
352416,0
352417,0
352418,0
352419,0
352420,0
352421,0
352422,0
352423,0
352424,0
352425,0
352426,0
352427,0
352428,0
352429,0
352430,0
352431,0
352432,0
352433,0
352434,0
352435,0
352436,0
352437,0
352438,0
352439,0
352440,0
352441,0
352442,0
352443,0
352444,0
352445,0
352446,0
352447,0
352448,0
352449,0
352450,0
352451,0
352452,0
352453,0
352454,0
352455,0
352456,0
352457,0
352458,0
352459,0
352460,0
352461,0
352462,0
352463,0
352464,0
352465,0
352466,0
352467,0
352468,0
352469,0
352470,0
352471,0
352472,0
352473,0
352474,0
352475,0
352476,0
352477,0
352478,0
352479,0
352480,0
352481,0
352482,0
352483,0
352484,0
352485,0
352486,0
352487,0
352488,0
352489,0
352490,0
352491,0
352492,0
352493,0
352494,0
352495,0
352496,0
352497,0
352498,0
352499,0
352500,0
352501,0
352502,0
352503,0
352504,0
352505,0
352506,0
352507,0
352508,0
352509,0
352510,0
352511,0
352512,0
352513,0
352514,0
352515,0
352516,0
352517,0
352518,0
352519,0
352520,0
352521,0
352522,0
352523,0
352524,0
352525,0
352526,0
352527,0
352528,0
352529,0
352530,0
352531,0
352532,0
352533,0
352534,0
352535,0
352536,0
352537,0
352538,0
352539,0
352540,0
352541,0
352542,0
352543,0
352544,0
352545,0
352546,0
352547,0
352548,0
352549,0
352550,0
352551,0
352552,0
352553,0
352554,0
352555,0
352556,0
352557,0
352558,0
352559,0
352560,0
352561,0
352562,0
352563,0
352564,0
352565,0
352566,0
352567,0
352568,0
352569,0
352570,0
352571,0
352572,0
352573,0
352574,0
352575,0
352576,0
352577,0
352578,0
352579,0
352580,0
352581,0
352582,0
352583,0
352584,0
352585,0
352586,0
352587,0
352588,0
352589,0
352590,0
352591,0
352592,0
352593,0
352594,0
352595,0
352596,0
352597,0
352598,0
352599,0
352600,0
352601,0
352602,0
352603,0
352604,0
352605,0
352606,0
352607,0
352608,0
352609,0
352610,0
352611,0
352612,0
352613,0
352614,0
352615,0
352616,0
352617,0
352618,0
352619,0
352620,0
352621,0
352622,0
352623,0
352624,0
352625,0
352626,0
352627,0
352628,0
352629,0
352630,0
352631,0
352632,0
352633,0
352634,0
352635,0
352636,0
352637,0
352638,0
352639,0
352640,0
352641,0
352642,0
352643,0
352644,0
352645,0
352646,0
352647,0
352648,0
352649,0
352650,0
352651,0
352652,0
352653,0
352654,0
352655,0
352656,0
352657,0
352658,0
352659,0
352660,0
352661,0
352662,0
352663,0
352664,0
352665,0
352666,0
352667,0
352668,0
352669,0
352670,0
352671,0
352672,0
352673,0
352674,0
352675,0
352676,0
352677,0
352678,0
352679,0
352680,0
352681,0
352682,0
352683,0
352684,0
352685,0
352686,0
352687,0
352688,0
352689,0
352690,0
352691,0
352692,0
352693,0
352694,0
352695,0
352696,0
352697,0
352698,0
352699,0
352700,0
352701,0
352702,0
352703,0
352704,0
352705,0
352706,0
352707,0
352708,0
352709,0
352710,0
352711,0
352712,0
352713,0
352714,0
352715,0
352716,0
352717,0
352718,0
352719,0
352720,0
352721,0
352722,0
352723,0
352724,0
352725,0
352726,0
352727,0
352728,0
352729,0
352730,0
352731,0
352732,0
352733,0
352734,0
352735,0
352736,0
352737,0
352738,0
352739,0
352740,0
352741,0
352742,0
352743,0
352744,0
352745,0
352746,0
352747,0
352748,0
352749,0
352750,0
352751,0
352752,0
352753,0
352754,0
352755,0
352756,0
352757,0
352758,0
352759,0
352760,0
352761,0
352762,0
352763,0
352764,0
352765,0
352766,0
352767,0
352768,0
352769,0
352770,0
352771,0
352772,0
352773,0
352774,0
352775,0
352776,0
352777,0
352778,0
352779,0
352780,0
352781,0
352782,0
352783,0
352784,0
352785,0
352786,0
352787,0
352788,0
352789,0
352790,0
352791,0
352792,0
352793,0
352794,0
352795,0
352796,0
352797,0
352798,0
352799,0
352800,0
352801,0
352802,0
352803,0
352804,0
352805,0
352806,0
352807,0
352808,0
352809,0
352810,0
352811,0
352812,0
352813,0
352814,0
352815,0
352816,0
352817,0
352818,0
352819,0
352820,0
352821,0
352822,0
352823,0
352824,0
352825,0
352826,0
352827,0
352828,0
352829,0
352830,0
352831,0
352832,0
352833,0
352834,0
352835,0
352836,0
352837,0
352838,0
352839,0
352840,0
352841,0
352842,0
352843,0
352844,0
352845,0
352846,0
352847,0
352848,0
352849,0
352850,0
352851,0
352852,0
352853,0
352854,0
352855,0
352856,0
352857,0
352858,0
352859,0
352860,0
352861,0
352862,0
352863,0
352864,0
352865,0
352866,0
352867,0
352868,0
352869,0
352870,0
352871,0
352872,0
352873,0
352874,0
352875,0
352876,0
352877,0
352878,0
352879,0
352880,0
352881,0
352882,0
352883,0
352884,0
352885,0
352886,0
352887,0
352888,0
352889,0
352890,0
352891,0
352892,0
352893,0
352894,0
352895,0
352896,0
352897,0
352898,0
352899,0
352900,0
352901,0
352902,0
352903,0
352904,0
352905,0
352906,0
352907,0
352908,0
352909,0
352910,0
352911,0
352912,0
352913,0
352914,0
352915,0
352916,0
352917,0
352918,0
352919,0
352920,0
352921,0
352922,0
352923,0
352924,0
352925,0
352926,0
352927,0
352928,0
352929,0
352930,0
352931,0
352932,0
352933,0
352934,0
352935,0
352936,0
352937,0
352938,0
352939,0
352940,0
352941,0
352942,0
352943,0
352944,0
352945,0
352946,0
352947,0
352948,0
352949,0
352950,0
352951,0
352952,0
352953,0
352954,0
352955,0
352956,0
352957,0
352958,0
352959,0
352960,0
352961,0
352962,0
352963,0
352964,0
352965,0
352966,0
352967,0
352968,0
352969,0
352970,0
352971,0
352972,0
352973,0
352974,0
352975,0
352976,0
352977,0
352978,0
352979,0
352980,0
352981,0
352982,0
352983,0
352984,0
352985,0
352986,0
352987,0
352988,0
352989,0
352990,0
352991,0
352992,0
352993,0
352994,0
352995,0
352996,0
352997,0
352998,0
352999,0
353000,0
353001,0
353002,0
353003,0
353004,0
353005,0
353006,0
353007,0
353008,0
353009,0
353010,0
353011,0
353012,0
353013,0
353014,0
353015,0
353016,0
353017,0
353018,0
353019,0
353020,0
353021,0
353022,0
353023,0
353024,0
353025,0
353026,0
353027,0
353028,0
353029,0
353030,0
353031,0
353032,0
353033,0
353034,0
353035,0
353036,0
353037,0
353038,0
353039,0
353040,0
353041,0
353042,0
353043,0
353044,0
353045,0
353046,0
353047,0
353048,0
353049,0
353050,0
353051,0
353052,0
353053,0
353054,0
353055,0
353056,0
353057,0
353058,0
353059,0
353060,0
353061,0
353062,0
353063,0
353064,0
353065,0
353066,0
353067,0
353068,0
353069,0
353070,0
353071,0
353072,0
353073,0
353074,0
353075,0
353076,0
353077,0
353078,0
353079,0
353080,0
353081,0
353082,0
353083,0
353084,0
353085,0
353086,0
353087,0
353088,0
353089,0
353090,0
353091,0
353092,0
353093,0
353094,0
353095,0
353096,0
353097,0
353098,0
353099,0
353100,0
353101,0
353102,0
353103,0
353104,0
353105,0
353106,0
353107,0
353108,0
353109,0
353110,0
353111,0
353112,0
353113,0
353114,0
353115,0
353116,0
353117,0
353118,0
353119,0
353120,0
353121,0
353122,0
353123,0
353124,0
353125,0
353126,0
353127,0
353128,0
353129,0
353130,0
353131,0
353132,0
353133,0
353134,0
353135,0
353136,0
353137,0
353138,0
353139,0
353140,0
353141,0
353142,0
353143,0
353144,0
353145,0
353146,0
353147,0
353148,0
353149,0
353150,0
353151,0
353152,0
353153,0
353154,0
353155,0
353156,0
353157,0
353158,0
353159,0
353160,0
353161,0
353162,0
353163,0
353164,0
353165,0
353166,0
353167,0
353168,0
353169,0
353170,0
353171,0
353172,0
353173,0
353174,0
353175,0
353176,0
353177,0
353178,0
353179,0
353180,0
353181,0
353182,0
353183,0
353184,0
353185,0
353186,0
353187,0
353188,0
353189,0
353190,0
353191,0
353192,0
353193,0
353194,0
353195,0
353196,0
353197,0
353198,0
353199,0
353200,0
353201,0
353202,0
353203,0
353204,0
353205,0
353206,0
353207,0
353208,0
353209,0
353210,0
353211,0
353212,0
353213,0
353214,0
353215,0
353216,0
353217,0
353218,0
353219,0
353220,0
353221,0
353222,0
353223,0
353224,0
353225,0
353226,0
353227,0
353228,0
353229,0
353230,0
353231,0
353232,0
353233,0
353234,0
353235,0
353236,0
353237,0
353238,0
353239,0
353240,0
353241,0
353242,0
353243,0
353244,0
353245,0
353246,0
353247,0
353248,0
353249,0
353250,0
353251,0
353252,0
353253,0
353254,0
353255,0
353256,0
353257,0
353258,0
353259,0
353260,0
353261,0
353262,0
353263,0
353264,0
353265,0
353266,0
353267,0
353268,0
353269,0
353270,0
353271,0
353272,0
353273,0
353274,0
353275,0
353276,0
353277,0
353278,0
353279,0
353280,0
353281,0
353282,0
353283,0
353284,0
353285,0
353286,0
353287,0
353288,0
353289,0
353290,0
353291,0
353292,0
353293,0
353294,0
353295,0
353296,0
353297,0
353298,0
353299,0
353300,0
353301,0
353302,0
353303,0
353304,0
353305,0
353306,0
353307,0
353308,0
353309,0
353310,0
353311,0
353312,0
353313,0
353314,0
353315,0
353316,0
353317,0
353318,0
353319,0
353320,0
353321,0
353322,0
353323,0
353324,0
353325,0
353326,0
353327,0
353328,0
353329,0
353330,0
353331,0
353332,0
353333,0
353334,0
353335,0
353336,0
353337,0
353338,0
353339,0
353340,0
353341,0
353342,0
353343,0
353344,0
353345,0
353346,0
353347,0
353348,0
353349,0
353350,0
353351,0
353352,0
353353,0
353354,0
353355,0
353356,0
353357,0
353358,0
353359,0
353360,0
353361,0
353362,0
353363,0
353364,0
353365,0
353366,0
353367,0
353368,0
353369,0
353370,0
353371,0
353372,0
353373,0
353374,0
353375,0
353376,0
353377,0
353378,0
353379,0
353380,0
353381,0
353382,0
353383,0
353384,0
353385,0
353386,0
353387,0
353388,0
353389,0
353390,0
353391,0
353392,0
353393,0
353394,0
353395,0
353396,0
353397,0
353398,0
353399,0
353400,0
353401,0
353402,0
353403,0
353404,0
353405,0
353406,0
353407,0
353408,0
353409,0
353410,0
353411,0
353412,0
353413,0
353414,0
353415,0
353416,0
353417,0
353418,0
353419,0
353420,0
353421,0
353422,0
353423,0
353424,0
353425,0
353426,0
353427,0
353428,0
353429,0
353430,0
353431,0
353432,0
353433,0
353434,0
353435,0
353436,0
353437,0
353438,0
353439,0
353440,0
353441,0
353442,0
353443,0
353444,0
353445,0
353446,0
353447,0
353448,0
353449,0
353450,0
353451,0
353452,0
353453,0
353454,0
353455,0
353456,0
353457,0
353458,0
353459,0
353460,0
353461,0
353462,0
353463,0
353464,0
353465,0
353466,0
353467,0
353468,0
353469,0
353470,0
353471,0
353472,0
353473,0
353474,0
353475,0
353476,0
353477,0
353478,0
353479,0
353480,0
353481,0
353482,0
353483,0
353484,0
353485,0
353486,0
353487,0
353488,0
353489,0
353490,0
353491,0
353492,0
353493,0
353494,0
353495,0
353496,0
353497,0
353498,0
353499,0
353500,0
353501,0
353502,0
353503,0
353504,0
353505,0
353506,0
353507,0
353508,0
353509,0
353510,0
353511,0
353512,0
353513,0
353514,0
353515,0
353516,0
353517,0
353518,0
353519,0
353520,0
353521,0
353522,0
353523,0
353524,0
353525,0
353526,0
353527,0
353528,0
353529,0
353530,0
353531,0
353532,0
353533,0
353534,0
353535,0
353536,0
353537,0
353538,0
353539,0
353540,0
353541,0
353542,0
353543,0
353544,0
353545,0
353546,0
353547,0
353548,0
353549,0
353550,0
353551,0
353552,0
353553,0
353554,0
353555,0
353556,0
353557,0
353558,0
353559,0
353560,0
353561,0
353562,0
353563,0
353564,0
353565,0
353566,0
353567,0
353568,0
353569,0
353570,0
353571,0
353572,0
353573,0
353574,0
353575,0
353576,0
353577,0
353578,0
353579,0
353580,0
353581,0
353582,0
353583,0
353584,0
353585,0
353586,0
353587,0
353588,0
353589,0
353590,0
353591,0
353592,0
353593,0
353594,0
353595,0
353596,0
353597,0
353598,0
353599,0
353600,0
353601,0
353602,0
353603,0
353604,0
353605,0
353606,0
353607,0
353608,0
353609,0
353610,0
353611,0
353612,0
353613,0
353614,0
353615,0
353616,0
353617,0
353618,0
353619,0
353620,0
353621,0
353622,0
353623,0
353624,0
353625,0
353626,0
353627,0
353628,0
353629,0
353630,0
353631,0
353632,0
353633,0
353634,0
353635,0
353636,0
353637,0
353638,0
353639,0
353640,0
353641,0
353642,0
353643,0
353644,0
353645,0
353646,0
353647,0
353648,0
353649,0
353650,0
353651,0
353652,0
353653,0
353654,0
353655,0
353656,0
353657,0
353658,0
353659,0
353660,0
353661,0
353662,0
353663,0
353664,0
353665,0
353666,0
353667,0
353668,0
353669,0
353670,0
353671,0
353672,0
353673,0
353674,0
353675,0
353676,0
353677,0
353678,0
353679,0
353680,0
353681,0
353682,0
353683,0
353684,0
353685,0
353686,0
353687,0
353688,0
353689,0
353690,0
353691,0
353692,0
353693,0
353694,0
353695,0
353696,0
353697,0
353698,0
353699,0
353700,0
353701,0
353702,0
353703,0
353704,0
353705,0
353706,0
353707,0
353708,0
353709,0
353710,0
353711,0
353712,0
353713,0
353714,0
353715,0
353716,0
353717,0
353718,0
353719,0
353720,0
353721,0
353722,0
353723,0
353724,0
353725,0
353726,0
353727,0
353728,0
353729,0
353730,0
353731,0
353732,0
353733,0
353734,0
353735,0
353736,0
353737,0
353738,0
353739,0
353740,0
353741,0
353742,0
353743,0
353744,0
353745,0
353746,0
353747,0
353748,0
353749,0
353750,0
353751,0
353752,0
353753,0
353754,0
353755,0
353756,0
353757,0
353758,0
353759,0
353760,0
353761,0
353762,0
353763,0
353764,0
353765,0
353766,0
353767,0
353768,0
353769,0
353770,0
353771,0
353772,0
353773,0
353774,0
353775,0
353776,0
353777,0
353778,0
353779,0
353780,0
353781,0
353782,0
353783,0
353784,0
353785,0
353786,0
353787,0
353788,0
353789,0
353790,0
353791,0
353792,0
353793,0
353794,0
353795,0
353796,0
353797,0
353798,0
353799,0
353800,0
353801,0
353802,0
353803,0
353804,0
353805,0
353806,0
353807,0
353808,0
353809,0
353810,0
353811,0
353812,0
353813,0
353814,0
353815,0
353816,0
353817,0
353818,0
353819,0
353820,0
353821,0
353822,0
353823,0
353824,0
353825,0
353826,0
353827,0
353828,0
353829,0
353830,0
353831,0
353832,0
353833,0
353834,0
353835,0
353836,0
353837,0
353838,0
353839,0
353840,0
353841,0
353842,0
353843,0
353844,0
353845,0
353846,0
353847,0
353848,0
353849,0
353850,0
353851,0
353852,0
353853,0
353854,0
353855,0
353856,0
353857,0
353858,0
353859,0
353860,0
353861,0
353862,0
353863,0
353864,0
353865,0
353866,0
353867,0
353868,0
353869,0
353870,0
353871,0
353872,0
353873,0
353874,0
353875,0
353876,0
353877,0
353878,0
353879,0
353880,0
353881,0
353882,0
353883,0
353884,0
353885,0
353886,0
353887,0
353888,0
353889,0
353890,0
353891,0
353892,0
353893,0
353894,0
353895,0
353896,0
353897,0
353898,0
353899,0
353900,0
353901,0
353902,0
353903,0
353904,0
353905,0
353906,0
353907,0
353908,0
353909,0
353910,0
353911,0
353912,0
353913,0
353914,0
353915,0
353916,0
353917,0
353918,0
353919,0
353920,0
353921,0
353922,0
353923,0
353924,0
353925,0
353926,0
353927,0
353928,0
353929,0
353930,0
353931,0
353932,0
353933,0
353934,0
353935,0
353936,0
353937,0
353938,0
353939,0
353940,0
353941,0
353942,0
353943,0
353944,0
353945,0
353946,0
353947,0
353948,0
353949,0
353950,0
353951,0
353952,0
353953,0
353954,0
353955,0
353956,0
353957,0
353958,0
353959,0
353960,0
353961,0
353962,0
353963,0
353964,0
353965,0
353966,0
353967,0
353968,0
353969,0
353970,0
353971,0
353972,0
353973,0
353974,0
353975,0
353976,0
353977,0
353978,0
353979,0
353980,0
353981,0
353982,0
353983,0
353984,0
353985,0
353986,0
353987,0
353988,0
353989,0
353990,0
353991,0
353992,0
353993,0
353994,0
353995,0
353996,0
353997,0
353998,0
353999,0
354000,0
354001,0
354002,0
354003,0
354004,0
354005,0
354006,0
354007,0
354008,0
354009,0
354010,0
354011,0
354012,0
354013,0
354014,0
354015,0
354016,0
354017,0
354018,0
354019,0
354020,0
354021,0
354022,0
354023,0
354024,0
354025,0
354026,0
354027,0
354028,0
354029,0
354030,0
354031,0
354032,0
354033,0
354034,0
354035,0
354036,0
354037,0
354038,0
354039,0
354040,0
354041,0
354042,0
354043,0
354044,0
354045,0
354046,0
354047,0
354048,0
354049,0
354050,0
354051,0
354052,0
354053,0
354054,0
354055,0
354056,0
354057,0
354058,0
354059,0
354060,0
354061,0
354062,0
354063,0
354064,0
354065,0
354066,0
354067,0
354068,0
354069,0
354070,0
354071,0
354072,0
354073,0
354074,0
354075,0
354076,0
354077,0
354078,0
354079,0
354080,0
354081,0
354082,0
354083,0
354084,0
354085,0
354086,0
354087,0
354088,0
354089,0
354090,0
354091,0
354092,0
354093,0
354094,0
354095,0
354096,0
354097,0
354098,0
354099,0
354100,0
354101,0
354102,0
354103,0
354104,0
354105,0
354106,0
354107,0
354108,0
354109,0
354110,0
354111,0
354112,0
354113,0
354114,0
354115,0
354116,0
354117,0
354118,0
354119,0
354120,0
354121,0
354122,0
354123,0
354124,0
354125,0
354126,0
354127,0
354128,0
354129,0
354130,0
354131,0
354132,0
354133,0
354134,0
354135,0
354136,0
354137,0
354138,0
354139,0
354140,0
354141,0
354142,0
354143,0
354144,0
354145,0
354146,0
354147,0
354148,0
354149,0
354150,0
354151,0
354152,0
354153,0
354154,0
354155,0
354156,0
354157,0
354158,0
354159,0
354160,0
354161,0
354162,0
354163,0
354164,0
354165,0
354166,0
354167,0
354168,0
354169,0
354170,0
354171,0
354172,0
354173,0
354174,0
354175,0
354176,0
354177,0
354178,0
354179,0
354180,0
354181,0
354182,0
354183,0
354184,0
354185,0
354186,0
354187,0
354188,0
354189,0
354190,0
354191,0
354192,0
354193,0
354194,0
354195,0
354196,0
354197,0
354198,0
354199,0
354200,0
354201,0
354202,0
354203,0
354204,0
354205,0
354206,0
354207,0
354208,0
354209,0
354210,0
354211,0
354212,0
354213,0
354214,0
354215,0
354216,0
354217,0
354218,0
354219,0
354220,0
354221,0
354222,0
354223,0
354224,0
354225,0
354226,0
354227,0
354228,0
354229,0
354230,0
354231,0
354232,0
354233,0
354234,0
354235,0
354236,0
354237,0
354238,0
354239,0
354240,0
354241,0
354242,0
354243,0
354244,0
354245,0
354246,0
354247,0
354248,0
354249,0
354250,0
354251,0
354252,0
354253,0
354254,0
354255,0
354256,0
354257,0
354258,0
354259,0
354260,0
354261,0
354262,0
354263,0
354264,0
354265,0
354266,0
354267,0
354268,0
354269,0
354270,0
354271,0
354272,0
354273,0
354274,0
354275,0
354276,0
354277,0
354278,0
354279,0
354280,0
354281,0
354282,0
354283,0
354284,0
354285,0
354286,0
354287,0
354288,0
354289,0
354290,0
354291,0
354292,0
354293,0
354294,0
354295,0
354296,0
354297,0
354298,0
354299,0
354300,0
354301,0
354302,0
354303,0
354304,0
354305,0
354306,0
354307,0
354308,0
354309,0
354310,0
354311,0
354312,0
354313,0
354314,0
354315,0
354316,0
354317,0
354318,0
354319,0
354320,0
354321,0
354322,0
354323,0
354324,0
354325,0
354326,0
354327,0
354328,0
354329,0
354330,0
354331,0
354332,0
354333,0
354334,0
354335,0
354336,0
354337,0
354338,0
354339,0
354340,0
354341,0
354342,0
354343,0
354344,0
354345,0
354346,0
354347,0
354348,0
354349,0
354350,0
354351,0
354352,0
354353,0
354354,0
354355,0
354356,0
354357,0
354358,0
354359,0
354360,0
354361,0
354362,0
354363,0
354364,0
354365,0
354366,0
354367,0
354368,0
354369,0
354370,0
354371,0
354372,0
354373,0
354374,0
354375,0
354376,0
354377,0
354378,0
354379,0
354380,0
354381,0
354382,0
354383,0
354384,0
354385,0
354386,0
354387,0
354388,0
354389,0
354390,0
354391,0
354392,0
354393,0
354394,0
354395,0
354396,0
354397,0
354398,0
354399,0
354400,0
354401,0
354402,0
354403,0
354404,0
354405,0
354406,0
354407,0
354408,0
354409,0
354410,0
354411,0
354412,0
354413,0
354414,0
354415,0
354416,0
354417,0
354418,0
354419,0
354420,0
354421,0
354422,0
354423,0
354424,0
354425,0
354426,0
354427,0
354428,0
354429,0
354430,0
354431,0
354432,0
354433,0
354434,0
354435,0
354436,0
354437,0
354438,0
354439,0
354440,0
354441,0
354442,0
354443,0
354444,0
354445,0
354446,0
354447,0
354448,0
354449,0
354450,0
354451,0
354452,0
354453,0
354454,0
354455,0
354456,0
354457,0
354458,0
354459,0
354460,0
354461,0
354462,0
354463,0
354464,0
354465,0
354466,0
354467,0
354468,0
354469,0
354470,0
354471,0
354472,0
354473,0
354474,0
354475,0
354476,0
354477,0
354478,0
354479,0
354480,0
354481,0
354482,0
354483,0
354484,0
354485,0
354486,0
354487,0
354488,0
354489,0
354490,0
354491,0
354492,0
354493,0
354494,0
354495,0
354496,0
354497,0
354498,0
354499,0
354500,0
354501,0
354502,0
354503,0
354504,0
354505,0
354506,0
354507,0
354508,0
354509,0
354510,0
354511,0
354512,0
354513,0
354514,0
354515,0
354516,0
354517,0
354518,0
354519,0
354520,0
354521,0
354522,0
354523,0
354524,0
354525,0
354526,0
354527,0
354528,0
354529,0
354530,0
354531,0
354532,0
354533,0
354534,0
354535,0
354536,0
354537,0
354538,0
354539,0
354540,0
354541,0
354542,0
354543,0
354544,0
354545,0
354546,0
354547,0
354548,0
354549,0
354550,0
354551,0
354552,0
354553,0
354554,0
354555,0
354556,0
354557,0
354558,0
354559,0
354560,0
354561,0
354562,0
354563,0
354564,0
354565,0
354566,0
354567,0
354568,0
354569,0
354570,0
354571,0
354572,0
354573,0
354574,0
354575,0
354576,0
354577,0
354578,0
354579,0
354580,0
354581,0
354582,0
354583,0
354584,0
354585,0
354586,0
354587,0
354588,0
354589,0
354590,0
354591,0
354592,0
354593,0
354594,0
354595,0
354596,0
354597,0
354598,0
354599,0
354600,0
354601,0
354602,0
354603,0
354604,0
354605,0
354606,0
354607,0
354608,0
354609,0
354610,0
354611,0
354612,0
354613,0
354614,0
354615,0
354616,0
354617,0
354618,0
354619,0
354620,0
354621,0
354622,0
354623,0
354624,0
354625,0
354626,0
354627,0
354628,0
354629,0
354630,0
354631,0
354632,0
354633,0
354634,0
354635,0
354636,0
354637,0
354638,0
354639,0
354640,0
354641,0
354642,0
354643,0
354644,0
354645,0
354646,0
354647,0
354648,0
354649,0
354650,0
354651,0
354652,0
354653,0
354654,0
354655,0
354656,0
354657,0
354658,0
354659,0
354660,0
354661,0
354662,0
354663,0
354664,0
354665,0
354666,0
354667,0
354668,0
354669,0
354670,0
354671,0
354672,0
354673,0
354674,0
354675,0
354676,0
354677,0
354678,0
354679,0
354680,0
354681,0
354682,0
354683,0
354684,0
354685,0
354686,0
354687,0
354688,0
354689,0
354690,0
354691,0
354692,0
354693,0
354694,0
354695,0
354696,0
354697,0
354698,0
354699,0
354700,0
354701,0
354702,0
354703,0
354704,0
354705,0
354706,0
354707,0
354708,0
354709,0
354710,0
354711,0
354712,0
354713,0
354714,0
354715,0
354716,0
354717,0
354718,0
354719,0
354720,0
354721,0
354722,0
354723,0
354724,0
354725,0
354726,0
354727,0
354728,0
354729,0
354730,0
354731,0
354732,0
354733,0
354734,0
354735,0
354736,0
354737,0
354738,0
354739,0
354740,0
354741,0
354742,0
354743,0
354744,0
354745,0
354746,0
354747,0
354748,0
354749,0
354750,0
354751,0
354752,0
354753,0
354754,0
354755,0
354756,0
354757,0
354758,0
354759,0
354760,0
354761,0
354762,0
354763,0
354764,0
354765,0
354766,0
354767,0
354768,0
354769,0
354770,0
354771,0
354772,0
354773,0
354774,0
354775,0
354776,0
354777,0
354778,0
354779,0
354780,0
354781,0
354782,0
354783,0
354784,0
354785,0
354786,0
354787,0
354788,0
354789,0
354790,0
354791,0
354792,0
354793,0
354794,0
354795,0
354796,0
354797,0
354798,0
354799,0
354800,0
354801,0
354802,0
354803,0
354804,0
354805,0
354806,0
354807,0
354808,0
354809,0
354810,0
354811,0
354812,0
354813,0
354814,0
354815,0
354816,0
354817,0
354818,0
354819,0
354820,0
354821,0
354822,0
354823,0
354824,0
354825,0
354826,0
354827,0
354828,0
354829,0
354830,0
354831,0
354832,0
354833,0
354834,0
354835,0
354836,0
354837,0
354838,0
354839,0
354840,0
354841,0
354842,0
354843,0
354844,0
354845,0
354846,0
354847,0
354848,0
354849,0
354850,0
354851,0
354852,0
354853,0
354854,0
354855,0
354856,0
354857,0
354858,0
354859,0
354860,0
354861,0
354862,0
354863,0
354864,0
354865,0
354866,0
354867,0
354868,0
354869,0
354870,0
354871,0
354872,0
354873,0
354874,0
354875,0
354876,0
354877,0
354878,0
354879,0
354880,0
354881,0
354882,0
354883,0
354884,0
354885,0
354886,0
354887,0
354888,0
354889,0
354890,0
354891,0
354892,0
354893,0
354894,0
354895,0
354896,0
354897,0
354898,0
354899,0
354900,0
354901,0
354902,0
354903,0
354904,0
354905,0
354906,0
354907,0
354908,0
354909,0
354910,0
354911,0
354912,0
354913,0
354914,0
354915,0
354916,0
354917,0
354918,0
354919,0
354920,0
354921,0
354922,0
354923,0
354924,0
354925,0
354926,0
354927,0
354928,0
354929,0
354930,0
354931,0
354932,0
354933,0
354934,0
354935,0
354936,0
354937,0
354938,0
354939,0
354940,0
354941,0
354942,0
354943,0
354944,0
354945,0
354946,0
354947,0
354948,0
354949,0
354950,0
354951,0
354952,0
354953,0
354954,0
354955,0
354956,0
354957,0
354958,0
354959,0
354960,0
354961,0
354962,0
354963,0
354964,0
354965,0
354966,0
354967,0
354968,0
354969,0
354970,0
354971,0
354972,0
354973,0
354974,0
354975,0
354976,0
354977,0
354978,0
354979,0
354980,0
354981,0
354982,0
354983,0
354984,0
354985,0
354986,0
354987,0
354988,0
354989,0
354990,0
354991,0
354992,0
354993,0
354994,0
354995,0
354996,0
354997,0
354998,0
354999,0
355000,0
355001,0
355002,0
355003,0
355004,0
355005,0
355006,0
355007,0
355008,0
355009,0
355010,0
355011,0
355012,0
355013,0
355014,0
355015,0
355016,0
355017,0
355018,0
355019,0
355020,0
355021,0
355022,0
355023,0
355024,0
355025,0
355026,0
355027,0
355028,0
355029,0
355030,0
355031,0
355032,0
355033,0
355034,0
355035,0
355036,0
355037,0
355038,0
355039,0
355040,0
355041,0
355042,0
355043,0
355044,0
355045,0
355046,0
355047,0
355048,0
355049,0
355050,0
355051,0
355052,0
355053,0
355054,0
355055,0
355056,0
355057,0
355058,0
355059,0
355060,0
355061,0
355062,0
355063,0
355064,0
355065,0
355066,0
355067,0
355068,0
355069,0
355070,0
355071,0
355072,0
355073,0
355074,0
355075,0
355076,0
355077,0
355078,0
355079,0
355080,0
355081,0
355082,0
355083,0
355084,0
355085,0
355086,0
355087,0
355088,0
355089,0
355090,0
355091,0
355092,0
355093,0
355094,0
355095,0
355096,0
355097,0
355098,0
355099,0
355100,0
355101,0
355102,0
355103,0
355104,0
355105,0
355106,0
355107,0
355108,0
355109,0
355110,0
355111,0
355112,0
355113,0
355114,0
355115,0
355116,0
355117,0
355118,0
355119,0
355120,0
355121,0
355122,0
355123,0
355124,0
355125,0
355126,0
355127,0
355128,0
355129,0
355130,0
355131,0
355132,0
355133,0
355134,0
355135,0
355136,0
355137,0
355138,0
355139,0
355140,0
355141,0
355142,0
355143,0
355144,0
355145,0
355146,0
355147,0
355148,0
355149,0
355150,0
355151,0
355152,0
355153,0
355154,0
355155,0
355156,0
355157,0
355158,0
355159,0
355160,0
355161,0
355162,0
355163,0
355164,0
355165,0
355166,0
355167,0
355168,0
355169,0
355170,0
355171,0
355172,0
355173,0
355174,0
355175,0
355176,0
355177,0
355178,0
355179,0
355180,0
355181,0
355182,0
355183,0
355184,0
355185,0
355186,0
355187,0
355188,0
355189,0
355190,0
355191,0
355192,0
355193,0
355194,0
355195,0
355196,0
355197,0
355198,0
355199,0
355200,0
355201,0
355202,0
355203,0
355204,0
355205,0
355206,0
355207,0
355208,0
355209,0
355210,0
355211,0
355212,0
355213,0
355214,0
355215,0
355216,0
355217,0
355218,0
355219,0
355220,0
355221,0
355222,0
355223,0
355224,0
355225,0
355226,0
355227,0
355228,0
355229,0
355230,0
355231,0
355232,0
355233,0
355234,0
355235,0
355236,0
355237,0
355238,0
355239,0
355240,0
355241,0
355242,0
355243,0
355244,0
355245,0
355246,0
355247,0
355248,0
355249,0
355250,0
355251,0
355252,0
355253,0
355254,0
355255,0
355256,0
355257,0
355258,0
355259,0
355260,0
355261,0
355262,0
355263,0
355264,0
355265,0
355266,0
355267,0
355268,0
355269,0
355270,0
355271,0
355272,0
355273,0
355274,0
355275,0
355276,0
355277,0
355278,0
355279,0
355280,0
355281,0
355282,0
355283,0
355284,0
355285,0
355286,0
355287,0
355288,0
355289,0
355290,0
355291,0
355292,0
355293,0
355294,0
355295,0
355296,0
355297,0
355298,0
355299,0
355300,0
355301,0
355302,0
355303,0
355304,0
355305,0
355306,0
355307,0
355308,0
355309,0
355310,0
355311,0
355312,0
355313,0
355314,0
355315,0
355316,0
355317,0
355318,0
355319,0
355320,0
355321,0
355322,0
355323,0
355324,0
355325,0
355326,0
355327,0
355328,0
355329,0
355330,0
355331,0
355332,0
355333,0
355334,0
355335,0
355336,0
355337,0
355338,0
355339,0
355340,0
355341,0
355342,0
355343,0
355344,0
355345,0
355346,0
355347,0
355348,0
355349,0
355350,0
355351,0
355352,0
355353,0
355354,0
355355,0
355356,0
355357,0
355358,0
355359,0
355360,0
355361,0
355362,0
355363,0
355364,0
355365,0
355366,0
355367,0
355368,0
355369,0
355370,0
355371,0
355372,0
355373,0
355374,0
355375,0
355376,0
355377,0
355378,0
355379,0
355380,0
355381,0
355382,0
355383,0
355384,0
355385,0
355386,0
355387,0
355388,0
355389,0
355390,0
355391,0
355392,0
355393,0
355394,0
355395,0
355396,0
355397,0
355398,0
355399,0
355400,0
355401,0
355402,0
355403,0
355404,0
355405,0
355406,0
355407,0
355408,0
355409,0
355410,0
355411,0
355412,0
355413,0
355414,0
355415,0
355416,0
355417,0
355418,0
355419,0
355420,0
355421,0
355422,0
355423,0
355424,0
355425,0
355426,0
355427,0
355428,0
355429,0
355430,0
355431,0
355432,0
355433,0
355434,0
355435,0
355436,0
355437,0
355438,0
355439,0
355440,0
355441,0
355442,0
355443,0
355444,0
355445,0
355446,0
355447,0
355448,0
355449,0
355450,0
355451,0
355452,0
355453,0
355454,0
355455,0
355456,0
355457,0
355458,0
355459,0
355460,0
355461,0
355462,0
355463,0
355464,0
355465,0
355466,0
355467,0
355468,0
355469,0
355470,0
355471,0
355472,0
355473,0
355474,0
355475,0
355476,0
355477,0
355478,0
355479,0
355480,0
355481,0
355482,0
355483,0
355484,0
355485,0
355486,0
355487,0
355488,0
355489,0
355490,0
355491,0
355492,0
355493,0
355494,0
355495,0
355496,0
355497,0
355498,0
355499,0
355500,0
355501,0
355502,0
355503,0
355504,0
355505,0
355506,0
355507,0
355508,0
355509,0
355510,0
355511,0
355512,0
355513,0
355514,0
355515,0
355516,0
355517,0
355518,0
355519,0
355520,0
355521,0
355522,0
355523,0
355524,0
355525,0
355526,0
355527,0
355528,0
355529,0
355530,0
355531,0
355532,0
355533,0
355534,0
355535,0
355536,0
355537,0
355538,0
355539,0
355540,0
355541,0
355542,0
355543,0
355544,0
355545,0
355546,0
355547,0
355548,0
355549,0
355550,0
355551,0
355552,0
355553,0
355554,0
355555,0
355556,0
355557,0
355558,0
355559,0
355560,0
355561,0
355562,0
355563,0
355564,0
355565,0
355566,0
355567,0
355568,0
355569,0
355570,0
355571,0
355572,0
355573,0
355574,0
355575,0
355576,0
355577,0
355578,0
355579,0
355580,0
355581,0
355582,0
355583,0
355584,0
355585,0
355586,0
355587,0
355588,0
355589,0
355590,0
355591,0
355592,0
355593,0
355594,0
355595,0
355596,0
355597,0
355598,0
355599,0
355600,0
355601,0
355602,0
355603,0
355604,0
355605,0
355606,0
355607,0
355608,0
355609,0
355610,0
355611,0
355612,0
355613,0
355614,0
355615,0
355616,0
355617,0
355618,0
355619,0
355620,0
355621,0
355622,0
355623,0
355624,0
355625,0
355626,0
355627,0
355628,0
355629,0
355630,0
355631,0
355632,0
355633,0
355634,0
355635,0
355636,0
355637,0
355638,0
355639,0
355640,0
355641,0
355642,0
355643,0
355644,0
355645,0
355646,0
355647,0
355648,0
355649,0
355650,0
355651,0
355652,0
355653,0
355654,0
355655,0
355656,0
355657,0
355658,0
355659,0
355660,0
355661,0
355662,0
355663,0
355664,0
355665,0
355666,0
355667,0
355668,0
355669,0
355670,0
355671,0
355672,0
355673,0
355674,0
355675,0
355676,0
355677,0
355678,0
355679,0
355680,0
355681,0
355682,0
355683,0
355684,0
355685,0
355686,0
355687,0
355688,0
355689,0
355690,0
355691,0
355692,0
355693,0
355694,0
355695,0
355696,0
355697,0
355698,0
355699,0
355700,0
355701,0
355702,0
355703,0
355704,0
355705,0
355706,0
355707,0
355708,0
355709,0
355710,0
355711,0
355712,0
355713,0
355714,0
355715,0
355716,0
355717,0
355718,0
355719,0
355720,0
355721,0
355722,0
355723,0
355724,0
355725,0
355726,0
355727,0
355728,0
355729,0
355730,0
355731,0
355732,0
355733,0
355734,0
355735,0
355736,0
355737,0
355738,0
355739,0
355740,0
355741,0
355742,0
355743,0
355744,0
355745,0
355746,0
355747,0
355748,0
355749,0
355750,0
355751,0
355752,0
355753,0
355754,0
355755,0
355756,0
355757,0
355758,0
355759,0
355760,0
355761,0
355762,0
355763,0
355764,0
355765,0
355766,0
355767,0
355768,0
355769,0
355770,0
355771,0
355772,0
355773,0
355774,0
355775,0
355776,0
355777,0
355778,0
355779,0
355780,0
355781,0
355782,0
355783,0
355784,0
355785,0
355786,0
355787,0
355788,0
355789,0
355790,0
355791,0
355792,0
355793,0
355794,0
355795,0
355796,0
355797,0
355798,0
355799,0
355800,0
355801,0
355802,0
355803,0
355804,0
355805,0
355806,0
355807,0
355808,0
355809,0
355810,0
355811,0
355812,0
355813,0
355814,0
355815,0
355816,0
355817,0
355818,0
355819,0
355820,0
355821,0
355822,0
355823,0
355824,0
355825,0
355826,0
355827,0
355828,0
355829,0
355830,0
355831,0
355832,0
355833,0
355834,0
355835,0
355836,0
355837,0
355838,0
355839,0
355840,0
355841,0
355842,0
355843,0
355844,0
355845,0
355846,0
355847,0
355848,0
355849,0
355850,0
355851,0
355852,0
355853,0
355854,0
355855,0
355856,0
355857,0
355858,0
355859,0
355860,0
355861,0
355862,0
355863,0
355864,0
355865,0
355866,0
355867,0
355868,0
355869,0
355870,0
355871,0
355872,0
355873,0
355874,0
355875,0
355876,0
355877,0
355878,0
355879,0
355880,0
355881,0
355882,0
355883,0
355884,0
355885,0
355886,0
355887,0
355888,0
355889,0
355890,0
355891,0
355892,0
355893,0
355894,0
355895,0
355896,0
355897,0
355898,0
355899,0
355900,0
355901,0
355902,0
355903,0
355904,0
355905,0
355906,0
355907,0
355908,0
355909,0
355910,0
355911,0
355912,0
355913,0
355914,0
355915,0
355916,0
355917,0
355918,0
355919,0
355920,0
355921,0
355922,0
355923,0
355924,0
355925,0
355926,0
355927,0
355928,0
355929,0
355930,0
355931,0
355932,0
355933,0
355934,0
355935,0
355936,0
355937,0
355938,0
355939,0
355940,0
355941,0
355942,0
355943,0
355944,0
355945,0
355946,0
355947,0
355948,0
355949,0
355950,0
355951,0
355952,0
355953,0
355954,0
355955,0
355956,0
355957,0
355958,0
355959,0
355960,0
355961,0
355962,0
355963,0
355964,0
355965,0
355966,0
355967,0
355968,0
355969,0
355970,0
355971,0
355972,0
355973,0
355974,0
355975,0
355976,0
355977,0
355978,0
355979,0
355980,0
355981,0
355982,0
355983,0
355984,0
355985,0
355986,0
355987,0
355988,0
355989,0
355990,0
355991,0
355992,0
355993,0
355994,0
355995,0
355996,0
355997,0
355998,0
355999,0
356000,0
356001,0
356002,0
356003,0
356004,0
356005,0
356006,0
356007,0
356008,0
356009,0
356010,0
356011,0
356012,0
356013,0
356014,0
356015,0
356016,0
356017,0
356018,0
356019,0
356020,0
356021,0
356022,0
356023,0
356024,0
356025,0
356026,0
356027,0
356028,0
356029,0
356030,0
356031,0
356032,0
356033,0
356034,0
356035,0
356036,0
356037,0
356038,0
356039,0
356040,0
356041,0
356042,0
356043,0
356044,0
356045,0
356046,0
356047,0
356048,0
356049,0
356050,0
356051,0
356052,0
356053,0
356054,0
356055,0
356056,0
356057,0
356058,0
356059,0
356060,0
356061,0
356062,0
356063,0
356064,0
356065,0
356066,0
356067,0
356068,0
356069,0
356070,0
356071,0
356072,0
356073,0
356074,0
356075,0
356076,0
356077,0
356078,0
356079,0
356080,0
356081,0
356082,0
356083,0
356084,0
356085,0
356086,0
356087,0
356088,0
356089,0
356090,0
356091,0
356092,0
356093,0
356094,0
356095,0
356096,0
356097,0
356098,0
356099,0
356100,0
356101,0
356102,0
356103,0
356104,0
356105,0
356106,0
356107,0
356108,0
356109,0
356110,0
356111,0
356112,0
356113,0
356114,0
356115,0
356116,0
356117,0
356118,0
356119,0
356120,0
356121,0
356122,0
356123,0
356124,0
356125,0
356126,0
356127,0
356128,0
356129,0
356130,0
356131,0
356132,0
356133,0
356134,0
356135,0
356136,0
356137,0
356138,0
356139,0
356140,0
356141,0
356142,0
356143,0
356144,0
356145,0
356146,0
356147,0
356148,0
356149,0
356150,0
356151,0
356152,0
356153,0
356154,0
356155,0
356156,0
356157,0
356158,0
356159,0
356160,0
356161,0
356162,0
356163,0
356164,0
356165,0
356166,0
356167,0
356168,0
356169,0
356170,0
356171,0
356172,0
356173,0
356174,0
356175,0
356176,0
356177,0
356178,0
356179,0
356180,0
356181,0
356182,0
356183,0
356184,0
356185,0
356186,0
356187,0
356188,0
356189,0
356190,0
356191,0
356192,0
356193,0
356194,0
356195,0
356196,0
356197,0
356198,0
356199,0
356200,0
356201,0
356202,0
356203,0
356204,0
356205,0
356206,0
356207,0
356208,0
356209,0
356210,0
356211,0
356212,0
356213,0
356214,0
356215,0
356216,0
356217,0
356218,0
356219,0
356220,0
356221,0
356222,0
356223,0
356224,0
356225,0
356226,0
356227,0
356228,0
356229,0
356230,0
356231,0
356232,0
356233,0
356234,0
356235,0
356236,0
356237,0
356238,0
356239,0
356240,0
356241,0
356242,0
356243,0
356244,0
356245,0
356246,0
356247,0
356248,0
356249,0
356250,0
356251,0
356252,0
356253,0
356254,0
356255,0
356256,0
356257,0
356258,0
356259,0
356260,0
356261,0
356262,0
356263,0
356264,0
356265,0
356266,0
356267,0
356268,0
356269,0
356270,0
356271,0
356272,0
356273,0
356274,0
356275,0
356276,0
356277,0
356278,0
356279,0
356280,0
356281,0
356282,0
356283,0
356284,0
356285,0
356286,0
356287,0
356288,0
356289,0
356290,0
356291,0
356292,0
356293,0
356294,0
356295,0
356296,0
356297,0
356298,0
356299,0
356300,0
356301,0
356302,0
356303,0
356304,0
356305,0
356306,0
356307,0
356308,0
356309,0
356310,0
356311,0
356312,0
356313,0
356314,0
356315,0
356316,0
356317,0
356318,0
356319,0
356320,0
356321,0
356322,0
356323,0
356324,0
356325,0
356326,0
356327,0
356328,0
356329,0
356330,0
356331,0
356332,0
356333,0
356334,0
356335,0
356336,0
356337,0
356338,0
356339,0
356340,0
356341,0
356342,0
356343,0
356344,0
356345,0
356346,0
356347,0
356348,0
356349,0
356350,0
356351,0
356352,0
356353,0
356354,0
356355,0
356356,0
356357,0
356358,0
356359,0
356360,0
356361,0
356362,0
356363,0
356364,0
356365,0
356366,0
356367,0
356368,0
356369,0
356370,0
356371,0
356372,0
356373,0
356374,0
356375,0
356376,0
356377,0
356378,0
356379,0
356380,0
356381,0
356382,0
356383,0
356384,0
356385,0
356386,0
356387,0
356388,0
356389,0
356390,0
356391,0
356392,0
356393,0
356394,0
356395,0
356396,0
356397,0
356398,0
356399,0
356400,0
356401,0
356402,0
356403,0
356404,0
356405,0
356406,0
356407,0
356408,0
356409,0
356410,0
356411,0
356412,0
356413,0
356414,0
356415,0
356416,0
356417,0
356418,0
356419,0
356420,0
356421,0
356422,0
356423,0
356424,0
356425,0
356426,0
356427,0
356428,0
356429,0
356430,0
356431,0
356432,0
356433,0
356434,0
356435,0
356436,0
356437,0
356438,0
356439,0
356440,0
356441,0
356442,0
356443,0
356444,0
356445,0
356446,0
356447,0
356448,0
356449,0
356450,0
356451,0
356452,0
356453,0
356454,0
356455,0
356456,0
356457,0
356458,0
356459,0
356460,0
356461,0
356462,0
356463,0
356464,0
356465,0
356466,0
356467,0
356468,0
356469,0
356470,0
356471,0
356472,0
356473,0
356474,0
356475,0
356476,0
356477,0
356478,0
356479,0
356480,0
356481,0
356482,0
356483,0
356484,0
356485,0
356486,0
356487,0
356488,0
356489,0
356490,0
356491,0
356492,0
356493,0
356494,0
356495,0
356496,0
356497,0
356498,0
356499,0
356500,0
356501,0
356502,0
356503,0
356504,0
356505,0
356506,0
356507,0
356508,0
356509,0
356510,0
356511,0
356512,0
356513,0
356514,0
356515,0
356516,0
356517,0
356518,0
356519,0
356520,0
356521,0
356522,0
356523,0
356524,0
356525,0
356526,0
356527,0
356528,0
356529,0
356530,0
356531,0
356532,0
356533,0
356534,0
356535,0
356536,0
356537,0
356538,0
356539,0
356540,0
356541,0
356542,0
356543,0
356544,0
356545,0
356546,0
356547,0
356548,0
356549,0
356550,0
356551,0
356552,0
356553,0
356554,0
356555,0
356556,0
356557,0
356558,0
356559,0
356560,0
356561,0
356562,0
356563,0
356564,0
356565,0
356566,0
356567,0
356568,0
356569,0
356570,0
356571,0
356572,0
356573,0
356574,0
356575,0
356576,0
356577,0
356578,0
356579,0
356580,0
356581,0
356582,0
356583,0
356584,0
356585,0
356586,0
356587,0
356588,0
356589,0
356590,0
356591,0
356592,0
356593,0
356594,0
356595,0
356596,0
356597,0
356598,0
356599,0
356600,0
356601,0
356602,0
356603,0
356604,0
356605,0
356606,0
356607,0
356608,0
356609,0
356610,0
356611,0
356612,0
356613,0
356614,0
356615,0
356616,0
356617,0
356618,0
356619,0
356620,0
356621,0
356622,0
356623,0
356624,0
356625,0
356626,0
356627,0
356628,0
356629,0
356630,0
356631,0
356632,0
356633,0
356634,0
356635,0
356636,0
356637,0
356638,0
356639,0
356640,0
356641,0
356642,0
356643,0
356644,0
356645,0
356646,0
356647,0
356648,0
356649,0
356650,0
356651,0
356652,0
356653,0
356654,0
356655,0
356656,0
356657,0
356658,0
356659,0
356660,0
356661,0
356662,0
356663,0
356664,0
356665,0
356666,0
356667,0
356668,0
356669,0
356670,0
356671,0
356672,0
356673,0
356674,0
356675,0
356676,0
356677,0
356678,0
356679,0
356680,0
356681,0
356682,0
356683,0
356684,0
356685,0
356686,0
356687,0
356688,0
356689,0
356690,0
356691,0
356692,0
356693,0
356694,0
356695,0
356696,0
356697,0
356698,0
356699,0
356700,0
356701,0
356702,0
356703,0
356704,0
356705,0
356706,0
356707,0
356708,0
356709,0
356710,0
356711,0
356712,0
356713,0
356714,0
356715,0
356716,0
356717,0
356718,0
356719,0
356720,0
356721,0
356722,0
356723,0
356724,0
356725,0
356726,0
356727,0
356728,0
356729,0
356730,0
356731,0
356732,0
356733,0
356734,0
356735,0
356736,0
356737,0
356738,0
356739,0
356740,0
356741,0
356742,0
356743,0
356744,0
356745,0
356746,0
356747,0
356748,0
356749,0
356750,0
356751,0
356752,0
356753,0
356754,0
356755,0
356756,0
356757,0
356758,0
356759,0
356760,0
356761,0
356762,0
356763,0
356764,0
356765,0
356766,0
356767,0
356768,0
356769,0
356770,0
356771,0
356772,0
356773,0
356774,0
356775,0
356776,0
356777,0
356778,0
356779,0
356780,0
356781,0
356782,0
356783,0
356784,0
356785,0
356786,0
356787,0
356788,0
356789,0
356790,0
356791,0
356792,0
356793,0
356794,0
356795,0
356796,0
356797,0
356798,0
356799,0
356800,0
356801,0
356802,0
356803,0
356804,0
356805,0
356806,0
356807,0
356808,0
356809,0
356810,0
356811,0
356812,0
356813,0
356814,0
356815,0
356816,0
356817,0
356818,0
356819,0
356820,0
356821,0
356822,0
356823,0
356824,0
356825,0
356826,0
356827,0
356828,0
356829,0
356830,0
356831,0
356832,0
356833,0
356834,0
356835,0
356836,0
356837,0
356838,0
356839,0
356840,0
356841,0
356842,0
356843,0
356844,0
356845,0
356846,0
356847,0
356848,0
356849,0
356850,0
356851,0
356852,0
356853,0
356854,0
356855,0
356856,0
356857,0
356858,0
356859,0
356860,0
356861,0
356862,0
356863,0
356864,0
356865,0
356866,0
356867,0
356868,0
356869,0
356870,0
356871,0
356872,0
356873,0
356874,0
356875,0
356876,0
356877,0
356878,0
356879,0
356880,0
356881,0
356882,0
356883,0
356884,0
356885,0
356886,0
356887,0
356888,0
356889,0
356890,0
356891,0
356892,0
356893,0
356894,0
356895,0
356896,0
356897,0
356898,0
356899,0
356900,0
356901,0
356902,0
356903,0
356904,0
356905,0
356906,0
356907,0
356908,0
356909,0
356910,0
356911,0
356912,0
356913,0
356914,0
356915,0
356916,0
356917,0
356918,0
356919,0
356920,0
356921,0
356922,0
356923,0
356924,0
356925,0
356926,0
356927,0
356928,0
356929,0
356930,0
356931,0
356932,0
356933,0
356934,0
356935,0
356936,0
356937,0
356938,0
356939,0
356940,0
356941,0
356942,0
356943,0
356944,0
356945,0
356946,0
356947,0
356948,0
356949,0
356950,0
356951,0
356952,0
356953,0
356954,0
356955,0
356956,0
356957,0
356958,0
356959,0
356960,0
356961,0
356962,0
356963,0
356964,0
356965,0
356966,0
356967,0
356968,0
356969,0
356970,0
356971,0
356972,0
356973,0
356974,0
356975,0
356976,0
356977,0
356978,0
356979,0
356980,0
356981,0
356982,0
356983,0
356984,0
356985,0
356986,0
356987,0
356988,0
356989,0
356990,0
356991,0
356992,0
356993,0
356994,0
356995,0
356996,0
356997,0
356998,0
356999,0
357000,0
357001,0
357002,0
357003,0
357004,0
357005,0
357006,0
357007,0
357008,0
357009,0
357010,0
357011,0
357012,0
357013,0
357014,0
357015,0
357016,0
357017,0
357018,0
357019,0
357020,0
357021,0
357022,0
357023,0
357024,0
357025,0
357026,0
357027,0
357028,0
357029,0
357030,0
357031,0
357032,0
357033,0
357034,0
357035,0
357036,0
357037,0
357038,0
357039,0
357040,0
357041,0
357042,0
357043,0
357044,0
357045,0
357046,0
357047,0
357048,0
357049,0
357050,0
357051,0
357052,0
357053,0
357054,0
357055,0
357056,0
357057,0
357058,0
357059,0
357060,0
357061,0
357062,0
357063,0
357064,0
357065,0
357066,0
357067,0
357068,0
357069,0
357070,0
357071,0
357072,0
357073,0
357074,0
357075,0
357076,0
357077,0
357078,0
357079,0
357080,0
357081,0
357082,0
357083,0
357084,0
357085,0
357086,0
357087,0
357088,0
357089,0
357090,0
357091,0
357092,0
357093,0
357094,0
357095,0
357096,0
357097,0
357098,0
357099,0
357100,0
357101,0
357102,0
357103,0
357104,0
357105,0
357106,0
357107,0
357108,0
357109,0
357110,0
357111,0
357112,0
357113,0
357114,0
357115,0
357116,0
357117,0
357118,0
357119,0
357120,0
357121,0
357122,0
357123,0
357124,0
357125,0
357126,0
357127,0
357128,0
357129,0
357130,0
357131,0
357132,0
357133,0
357134,0
357135,0
357136,0
357137,0
357138,0
357139,0
357140,0
357141,0
357142,0
357143,0
357144,0
357145,0
357146,0
357147,0
357148,0
357149,0
357150,0
357151,0
357152,0
357153,0
357154,0
357155,0
357156,0
357157,0
357158,0
357159,0
357160,0
357161,0
357162,0
357163,0
357164,0
357165,0
357166,0
357167,0
357168,0
357169,0
357170,0
357171,0
357172,0
357173,0
357174,0
357175,0
357176,0
357177,0
357178,0
357179,0
357180,0
357181,0
357182,0
357183,0
357184,0
357185,0
357186,0
357187,0
357188,0
357189,0
357190,0
357191,0
357192,0
357193,0
357194,0
357195,0
357196,0
357197,0
357198,0
357199,0
357200,0
357201,0
357202,0
357203,0
357204,0
357205,0
357206,0
357207,0
357208,0
357209,0
357210,0
357211,0
357212,0
357213,0
357214,0
357215,0
357216,0
357217,0
357218,0
357219,0
357220,0
357221,0
357222,0
357223,0
357224,0
357225,0
357226,0
357227,0
357228,0
357229,0
357230,0
357231,0
357232,0
357233,0
357234,0
357235,0
357236,0
357237,0
357238,0
357239,0
357240,0
357241,0
357242,0
357243,0
357244,0
357245,0
357246,0
357247,0
357248,0
357249,0
357250,0
357251,0
357252,0
357253,0
357254,0
357255,0
357256,0
357257,0
357258,0
357259,0
357260,0
357261,0
357262,0
357263,0
357264,0
357265,0
357266,0
357267,0
357268,0
357269,0
357270,0
357271,0
357272,0
357273,0
357274,0
357275,0
357276,0
357277,0
357278,0
357279,0
357280,0
357281,0
357282,0
357283,0
357284,0
357285,0
357286,0
357287,0
357288,0
357289,0
357290,0
357291,0
357292,0
357293,0
357294,0
357295,0
357296,0
357297,0
357298,0
357299,0
357300,0
357301,0
357302,0
357303,0
357304,0
357305,0
357306,0
357307,0
357308,0
357309,0
357310,0
357311,0
357312,0
357313,0
357314,0
357315,0
357316,0
357317,0
357318,0
357319,0
357320,0
357321,0
357322,0
357323,0
357324,0
357325,0
357326,0
357327,0
357328,0
357329,0
357330,0
357331,0
357332,0
357333,0
357334,0
357335,0
357336,0
357337,0
357338,0
357339,0
357340,0
357341,0
357342,0
357343,0
357344,0
357345,0
357346,0
357347,0
357348,0
357349,0
357350,0
357351,0
357352,0
357353,0
357354,0
357355,0
357356,0
357357,0
357358,0
357359,0
357360,0
357361,0
357362,0
357363,0
357364,0
357365,0
357366,0
357367,0
357368,0
357369,0
357370,0
357371,0
357372,0
357373,0
357374,0
357375,0
357376,0
357377,0
357378,0
357379,0
357380,0
357381,0
357382,0
357383,0
357384,0
357385,0
357386,0
357387,0
357388,0
357389,0
357390,0
357391,0
357392,0
357393,0
357394,0
357395,0
357396,0
357397,0
357398,0
357399,0
357400,0
357401,0
357402,0
357403,0
357404,0
357405,0
357406,0
357407,0
357408,0
357409,0
357410,0
357411,0
357412,0
357413,0
357414,0
357415,0
357416,0
357417,0
357418,0
357419,0
357420,0
357421,0
357422,0
357423,0
357424,0
357425,0
357426,0
357427,0
357428,0
357429,0
357430,0
357431,0
357432,0
357433,0
357434,0
357435,0
357436,0
357437,0
357438,0
357439,0
357440,0
357441,0
357442,0
357443,0
357444,0
357445,0
357446,0
357447,0
357448,0
357449,0
357450,0
357451,0
357452,0
357453,0
357454,0
357455,0
357456,0
357457,0
357458,0
357459,0
357460,0
357461,0
357462,0
357463,0
357464,0
357465,0
357466,0
357467,0
357468,0
357469,0
357470,0
357471,0
357472,0
357473,0
357474,0
357475,0
357476,0
357477,0
357478,0
357479,0
357480,0
357481,0
357482,0
357483,0
357484,0
357485,0
357486,0
357487,0
357488,0
357489,0
357490,0
357491,0
357492,0
357493,0
357494,0
357495,0
357496,0
357497,0
357498,0
357499,0
357500,0
357501,0
357502,0
357503,0
357504,0
357505,0
357506,0
357507,0
357508,0
357509,0
357510,0
357511,0
357512,0
357513,0
357514,0
357515,0
357516,0
357517,0
357518,0
357519,0
357520,0
357521,0
357522,0
357523,0
357524,0
357525,0
357526,0
357527,0
357528,0
357529,0
357530,0
357531,0
357532,0
357533,0
357534,0
357535,0
357536,0
357537,0
357538,0
357539,0
357540,0
357541,0
357542,0
357543,0
357544,0
357545,0
357546,0
357547,0
357548,0
357549,0
357550,0
357551,0
357552,0
357553,0
357554,0
357555,0
357556,0
357557,0
357558,0
357559,0
357560,0
357561,0
357562,0
357563,0
357564,0
357565,0
357566,0
357567,0
357568,0
357569,0
357570,0
357571,0
357572,0
357573,0
357574,0
357575,0
357576,0
357577,0
357578,0
357579,0
357580,0
357581,0
357582,0
357583,0
357584,0
357585,0
357586,0
357587,0
357588,0
357589,0
357590,0
357591,0
357592,0
357593,0
357594,0
357595,0
357596,0
357597,0
357598,0
357599,0
357600,0
357601,0
357602,0
357603,0
357604,0
357605,0
357606,0
357607,0
357608,0
357609,0
357610,0
357611,0
357612,0
357613,0
357614,0
357615,0
357616,0
357617,0
357618,0
357619,0
357620,0
357621,0
357622,0
357623,0
357624,0
357625,0
357626,0
357627,0
357628,0
357629,0
357630,0
357631,0
357632,0
357633,0
357634,0
357635,0
357636,0
357637,0
357638,0
357639,0
357640,0
357641,0
357642,0
357643,0
357644,0
357645,0
357646,0
357647,0
357648,0
357649,0
357650,0
357651,0
357652,0
357653,0
357654,0
357655,0
357656,0
357657,0
357658,0
357659,0
357660,0
357661,0
357662,0
357663,0
357664,0
357665,0
357666,0
357667,0
357668,0
357669,0
357670,0
357671,0
357672,0
357673,0
357674,0
357675,0
357676,0
357677,0
357678,0
357679,0
357680,0
357681,0
357682,0
357683,0
357684,0
357685,0
357686,0
357687,0
357688,0
357689,0
357690,0
357691,0
357692,0
357693,0
357694,0
357695,0
357696,0
357697,0
357698,0
357699,0
357700,0
357701,0
357702,0
357703,0
357704,0
357705,0
357706,0
357707,0
357708,0
357709,0
357710,0
357711,0
357712,0
357713,0
357714,0
357715,0
357716,0
357717,0
357718,0
357719,0
357720,0
357721,0
357722,0
357723,0
357724,0
357725,0
357726,0
357727,0
357728,0
357729,0
357730,0
357731,0
357732,0
357733,0
357734,0
357735,0
357736,0
357737,0
357738,0
357739,0
357740,0
357741,0
357742,0
357743,0
357744,0
357745,0
357746,0
357747,0
357748,0
357749,0
357750,0
357751,0
357752,0
357753,0
357754,0
357755,0
357756,0
357757,0
357758,0
357759,0
357760,0
357761,0
357762,0
357763,0
357764,0
357765,0
357766,0
357767,0
357768,0
357769,0
357770,0
357771,0
357772,0
357773,0
357774,0
357775,0
357776,0
357777,0
357778,0
357779,0
357780,0
357781,0
357782,0
357783,0
357784,0
357785,0
357786,0
357787,0
357788,0
357789,0
357790,0
357791,0
357792,0
357793,0
357794,0
357795,0
357796,0
357797,0
357798,0
357799,0
357800,0
357801,0
357802,0
357803,0
357804,0
357805,0
357806,0
357807,0
357808,0
357809,0
357810,0
357811,0
357812,0
357813,0
357814,0
357815,0
357816,0
357817,0
357818,0
357819,0
357820,0
357821,0
357822,0
357823,0
357824,0
357825,0
357826,0
357827,0
357828,0
357829,0
357830,0
357831,0
357832,0
357833,0
357834,0
357835,0
357836,0
357837,0
357838,0
357839,0
357840,0
357841,0
357842,0
357843,0
357844,0
357845,0
357846,0
357847,0
357848,0
357849,0
357850,0
357851,0
357852,0
357853,0
357854,0
357855,0
357856,0
357857,0
357858,0
357859,0
357860,0
357861,0
357862,0
357863,0
357864,0
357865,0
357866,0
357867,0
357868,0
357869,0
357870,0
357871,0
357872,0
357873,0
357874,0
357875,0
357876,0
357877,0
357878,0
357879,0
357880,0
357881,0
357882,0
357883,0
357884,0
357885,0
357886,0
357887,0
357888,0
357889,0
357890,0
357891,0
357892,0
357893,0
357894,0
357895,0
357896,0
357897,0
357898,0
357899,0
357900,0
357901,0
357902,0
357903,0
357904,0
357905,0
357906,0
357907,0
357908,0
357909,0
357910,0
357911,0
357912,0
357913,0
357914,0
357915,0
357916,0
357917,0
357918,0
357919,0
357920,0
357921,0
357922,0
357923,0
357924,0
357925,0
357926,0
357927,0
357928,0
357929,0
357930,0
357931,0
357932,0
357933,0
357934,0
357935,0
357936,0
357937,0
357938,0
357939,0
357940,0
357941,0
357942,0
357943,0
357944,0
357945,0
357946,0
357947,0
357948,0
357949,0
357950,0
357951,0
357952,0
357953,0
357954,0
357955,0
357956,0
357957,0
357958,0
357959,0
357960,0
357961,0
357962,0
357963,0
357964,0
357965,0
357966,0
357967,0
357968,0
357969,0
357970,0
357971,0
357972,0
357973,0
357974,0
357975,0
357976,0
357977,0
357978,0
357979,0
357980,0
357981,0
357982,0
357983,0
357984,0
357985,0
357986,0
357987,0
357988,0
357989,0
357990,0
357991,0
357992,0
357993,0
357994,0
357995,0
357996,0
357997,0
357998,0
357999,0
358000,0
358001,0
358002,0
358003,0
358004,0
358005,0
358006,0
358007,0
358008,0
358009,0
358010,0
358011,0
358012,0
358013,0
358014,0
358015,0
358016,0
358017,0
358018,0
358019,0
358020,0
358021,0
358022,0
358023,0
358024,0
358025,0
358026,0
358027,0
358028,0
358029,0
358030,0
358031,0
358032,0
358033,0
358034,0
358035,0
358036,0
358037,0
358038,0
358039,0
358040,0
358041,0
358042,0
358043,0
358044,0
358045,0
358046,0
358047,0
358048,0
358049,0
358050,0
358051,0
358052,0
358053,0
358054,0
358055,0
358056,0
358057,0
358058,0
358059,0
358060,0
358061,0
358062,0
358063,0
358064,0
358065,0
358066,0
358067,0
358068,0
358069,0
358070,0
358071,0
358072,0
358073,0
358074,0
358075,0
358076,0
358077,0
358078,0
358079,0
358080,0
358081,0
358082,0
358083,0
358084,0
358085,0
358086,0
358087,0
358088,0
358089,0
358090,0
358091,0
358092,0
358093,0
358094,0
358095,0
358096,0
358097,0
358098,0
358099,0
358100,0
358101,0
358102,0
358103,0
358104,0
358105,0
358106,0
358107,0
358108,0
358109,0
358110,0
358111,0
358112,0
358113,0
358114,0
358115,0
358116,0
358117,0
358118,0
358119,0
358120,0
358121,0
358122,0
358123,0
358124,0
358125,0
358126,0
358127,0
358128,0
358129,0
358130,0
358131,0
358132,0
358133,0
358134,0
358135,0
358136,0
358137,0
358138,0
358139,0
358140,0
358141,0
358142,0
358143,0
358144,0
358145,0
358146,0
358147,0
358148,0
358149,0
358150,0
358151,0
358152,0
358153,0
358154,0
358155,0
358156,0
358157,0
358158,0
358159,0
358160,0
358161,0
358162,0
358163,0
358164,0
358165,0
358166,0
358167,0
358168,0
358169,0
358170,0
358171,0
358172,0
358173,0
358174,0
358175,0
358176,0
358177,0
358178,0
358179,0
358180,0
358181,0
358182,0
358183,0
358184,0
358185,0
358186,0
358187,0
358188,0
358189,0
358190,0
358191,0
358192,0
358193,0
358194,0
358195,0
358196,0
358197,0
358198,0
358199,0
358200,0
358201,0
358202,0
358203,0
358204,0
358205,0
358206,0
358207,0
358208,0
358209,0
358210,0
358211,0
358212,0
358213,0
358214,0
358215,0
358216,0
358217,0
358218,0
358219,0
358220,0
358221,0
358222,0
358223,0
358224,0
358225,0
358226,0
358227,0
358228,0
358229,0
358230,0
358231,0
358232,0
358233,0
358234,0
358235,0
358236,0
358237,0
358238,0
358239,0
358240,0
358241,0
358242,0
358243,0
358244,0
358245,0
358246,0
358247,0
358248,0
358249,0
358250,0
358251,0
358252,0
358253,0
358254,0
358255,0
358256,0
358257,0
358258,0
358259,0
358260,0
358261,0
358262,0
358263,0
358264,0
358265,0
358266,0
358267,0
358268,0
358269,0
358270,0
358271,0
358272,0
358273,0
358274,0
358275,0
358276,0
358277,0
358278,0
358279,0
358280,0
358281,0
358282,0
358283,0
358284,0
358285,0
358286,0
358287,0
358288,0
358289,0
358290,0
358291,0
358292,0
358293,0
358294,0
358295,0
358296,0
358297,0
358298,0
358299,0
358300,0
358301,0
358302,0
358303,0
358304,0
358305,0
358306,0
358307,0
358308,0
358309,0
358310,0
358311,0
358312,0
358313,0
358314,0
358315,0
358316,0
358317,0
358318,0
358319,0
358320,0
358321,0
358322,0
358323,0
358324,0
358325,0
358326,0
358327,0
358328,0
358329,0
358330,0
358331,0
358332,0
358333,0
358334,0
358335,0
358336,0
358337,0
358338,0
358339,0
358340,0
358341,0
358342,0
358343,0
358344,0
358345,0
358346,0
358347,0
358348,0
358349,0
358350,0
358351,0
358352,0
358353,0
358354,0
358355,0
358356,0
358357,0
358358,0
358359,0
358360,0
358361,0
358362,0
358363,0
358364,0
358365,0
358366,0
358367,0
358368,0
358369,0
358370,0
358371,0
358372,0
358373,0
358374,0
358375,0
358376,0
358377,0
358378,0
358379,0
358380,0
358381,0
358382,0
358383,0
358384,0
358385,0
358386,0
358387,0
358388,0
358389,0
358390,0
358391,0
358392,0
358393,0
358394,0
358395,0
358396,0
358397,0
358398,0
358399,0
358400,0
358401,0
358402,0
358403,0
358404,0
358405,0
358406,0
358407,0
358408,0
358409,0
358410,0
358411,0
358412,0
358413,0
358414,0
358415,0
358416,0
358417,0
358418,0
358419,0
358420,0
358421,0
358422,0
358423,0
358424,0
358425,0
358426,0
358427,0
358428,0
358429,0
358430,0
358431,0
358432,0
358433,0
358434,0
358435,0
358436,0
358437,0
358438,0
358439,0
358440,0
358441,0
358442,0
358443,0
358444,0
358445,0
358446,0
358447,0
358448,0
358449,0
358450,0
358451,0
358452,0
358453,0
358454,0
358455,0
358456,0
358457,0
358458,0
358459,0
358460,0
358461,0
358462,0
358463,0
358464,0
358465,0
358466,0
358467,0
358468,0
358469,0
358470,0
358471,0
358472,0
358473,0
358474,0
358475,0
358476,0
358477,0
358478,0
358479,0
358480,0
358481,0
358482,0
358483,0
358484,0
358485,0
358486,0
358487,0
358488,0
358489,0
358490,0
358491,0
358492,0
358493,0
358494,0
358495,0
358496,0
358497,0
358498,0
358499,0
358500,0
358501,0
358502,0
358503,0
358504,0
358505,0
358506,0
358507,0
358508,0
358509,0
358510,0
358511,0
358512,0
358513,0
358514,0
358515,0
358516,0
358517,0
358518,0
358519,0
358520,0
358521,0
358522,0
358523,0
358524,0
358525,0
358526,0
358527,0
358528,0
358529,0
358530,0
358531,0
358532,0
358533,0
358534,0
358535,0
358536,0
358537,0
358538,0
358539,0
358540,0
358541,0
358542,0
358543,0
358544,0
358545,0
358546,0
358547,0
358548,0
358549,0
358550,0
358551,0
358552,0
358553,0
358554,0
358555,0
358556,0
358557,0
358558,0
358559,0
358560,0
358561,0
358562,0
358563,0
358564,0
358565,0
358566,0
358567,0
358568,0
358569,0
358570,0
358571,0
358572,0
358573,0
358574,0
358575,0
358576,0
358577,0
358578,0
358579,0
358580,0
358581,0
358582,0
358583,0
358584,0
358585,0
358586,0
358587,0
358588,0
358589,0
358590,0
358591,0
358592,0
358593,0
358594,0
358595,0
358596,0
358597,0
358598,0
358599,0
358600,0
358601,0
358602,0
358603,0
358604,0
358605,0
358606,0
358607,0
358608,0
358609,0
358610,0
358611,0
358612,0
358613,0
358614,0
358615,0
358616,0
358617,0
358618,0
358619,0
358620,0
358621,0
358622,0
358623,0
358624,0
358625,0
358626,0
358627,0
358628,0
358629,0
358630,0
358631,0
358632,0
358633,0
358634,0
358635,0
358636,0
358637,0
358638,0
358639,0
358640,0
358641,0
358642,0
358643,0
358644,0
358645,0
358646,0
358647,0
358648,0
358649,0
358650,0
358651,0
358652,0
358653,0
358654,0
358655,0
358656,0
358657,0
358658,0
358659,0
358660,0
358661,0
358662,0
358663,0
358664,0
358665,0
358666,0
358667,0
358668,0
358669,0
358670,0
358671,0
358672,0
358673,0
358674,0
358675,0
358676,0
358677,0
358678,0
358679,0
358680,0
358681,0
358682,0
358683,0
358684,0
358685,0
358686,0
358687,0
358688,0
358689,0
358690,0
358691,0
358692,0
358693,0
358694,0
358695,0
358696,0
358697,0
358698,0
358699,0
358700,0
358701,0
358702,0
358703,0
358704,0
358705,0
358706,0
358707,0
358708,0
358709,0
358710,0
358711,0
358712,0
358713,0
358714,0
358715,0
358716,0
358717,0
358718,0
358719,0
358720,0
358721,0
358722,0
358723,0
358724,0
358725,0
358726,0
358727,0
358728,0
358729,0
358730,0
358731,0
358732,0
358733,0
358734,0
358735,0
358736,0
358737,0
358738,0
358739,0
358740,0
358741,0
358742,0
358743,0
358744,0
358745,0
358746,0
358747,0
358748,0
358749,0
358750,0
358751,0
358752,0
358753,0
358754,0
358755,0
358756,0
358757,0
358758,0
358759,0
358760,0
358761,0
358762,0
358763,0
358764,0
358765,0
358766,0
358767,0
358768,0
358769,0
358770,0
358771,0
358772,0
358773,0
358774,0
358775,0
358776,0
358777,0
358778,0
358779,0
358780,0
358781,0
358782,0
358783,0
358784,0
358785,0
358786,0
358787,0
358788,0
358789,0
358790,0
358791,0
358792,0
358793,0
358794,0
358795,0
358796,0
358797,0
358798,0
358799,0
358800,0
358801,0
358802,0
358803,0
358804,0
358805,0
358806,0
358807,0
358808,0
358809,0
358810,0
358811,0
358812,0
358813,0
358814,0
358815,0
358816,0
358817,0
358818,0
358819,0
358820,0
358821,0
358822,0
358823,0
358824,0
358825,0
358826,0
358827,0
358828,0
358829,0
358830,0
358831,0
358832,0
358833,0
358834,0
358835,0
358836,0
358837,0
358838,0
358839,0
358840,0
358841,0
358842,0
358843,0
358844,0
358845,0
358846,0
358847,0
358848,0
358849,0
358850,0
358851,0
358852,0
358853,0
358854,0
358855,0
358856,0
358857,0
358858,0
358859,0
358860,0
358861,0
358862,0
358863,0
358864,0
358865,0
358866,0
358867,0
358868,0
358869,0
358870,0
358871,0
358872,0
358873,0
358874,0
358875,0
358876,0
358877,0
358878,0
358879,0
358880,0
358881,0
358882,0
358883,0
358884,0
358885,0
358886,0
358887,0
358888,0
358889,0
358890,0
358891,0
358892,0
358893,0
358894,0
358895,0
358896,0
358897,0
358898,0
358899,0
358900,0
358901,0
358902,0
358903,0
358904,0
358905,0
358906,0
358907,0
358908,0
358909,0
358910,0
358911,0
358912,0
358913,0
358914,0
358915,0
358916,0
358917,0
358918,0
358919,0
358920,0
358921,0
358922,0
358923,0
358924,0
358925,0
358926,0
358927,0
358928,0
358929,0
358930,0
358931,0
358932,0
358933,0
358934,0
358935,0
358936,0
358937,0
358938,0
358939,0
358940,0
358941,0
358942,0
358943,0
358944,0
358945,0
358946,0
358947,0
358948,0
358949,0
358950,0
358951,0
358952,0
358953,0
358954,0
358955,0
358956,0
358957,0
358958,0
358959,0
358960,0
358961,0
358962,0
358963,0
358964,0
358965,0
358966,0
358967,0
358968,0
358969,0
358970,0
358971,0
358972,0
358973,0
358974,0
358975,0
358976,0
358977,0
358978,0
358979,0
358980,0
358981,0
358982,0
358983,0
358984,0
358985,0
358986,0
358987,0
358988,0
358989,0
358990,0
358991,0
358992,0
358993,0
358994,0
358995,0
358996,0
358997,0
358998,0
358999,0
359000,0
359001,0
359002,0
359003,0
359004,0
359005,0
359006,0
359007,0
359008,0
359009,0
359010,0
359011,0
359012,0
359013,0
359014,0
359015,0
359016,0
359017,0
359018,0
359019,0
359020,0
359021,0
359022,0
359023,0
359024,0
359025,0
359026,0
359027,0
359028,0
359029,0
359030,0
359031,0
359032,0
359033,0
359034,0
359035,0
359036,0
359037,0
359038,0
359039,0
359040,0
359041,0
359042,0
359043,0
359044,0
359045,0
359046,0
359047,0
359048,0
359049,0
359050,0
359051,0
359052,0
359053,0
359054,0
359055,0
359056,0
359057,0
359058,0
359059,0
359060,0
359061,0
359062,0
359063,0
359064,0
359065,0
359066,0
359067,0
359068,0
359069,0
359070,0
359071,0
359072,0
359073,0
359074,0
359075,0
359076,0
359077,0
359078,0
359079,0
359080,0
359081,0
359082,0
359083,0
359084,0
359085,0
359086,0
359087,0
359088,0
359089,0
359090,0
359091,0
359092,0
359093,0
359094,0
359095,0
359096,0
359097,0
359098,0
359099,0
359100,0
359101,0
359102,0
359103,0
359104,0
359105,0
359106,0
359107,0
359108,0
359109,0
359110,0
359111,0
359112,0
359113,0
359114,0
359115,0
359116,0
359117,0
359118,0
359119,0
359120,0
359121,0
359122,0
359123,0
359124,0
359125,0
359126,0
359127,0
359128,0
359129,0
359130,0
359131,0
359132,0
359133,0
359134,0
359135,0
359136,0
359137,0
359138,0
359139,0
359140,0
359141,0
359142,0
359143,0
359144,0
359145,0
359146,0
359147,0
359148,0
359149,0
359150,0
359151,0
359152,0
359153,0
359154,0
359155,0
359156,0
359157,0
359158,0
359159,0
359160,0
359161,0
359162,0
359163,0
359164,0
359165,0
359166,0
359167,0
359168,0
359169,0
359170,0
359171,0
359172,0
359173,0
359174,0
359175,0
359176,0
359177,0
359178,0
359179,0
359180,0
359181,0
359182,0
359183,0
359184,0
359185,0
359186,0
359187,0
359188,0
359189,0
359190,0
359191,0
359192,0
359193,0
359194,0
359195,0
359196,0
359197,0
359198,0
359199,0
359200,0
359201,0
359202,0
359203,0
359204,0
359205,0
359206,0
359207,0
359208,0
359209,0
359210,0
359211,0
359212,0
359213,0
359214,0
359215,0
359216,0
359217,0
359218,0
359219,0
359220,0
359221,0
359222,0
359223,0
359224,0
359225,0
359226,0
359227,0
359228,0
359229,0
359230,0
359231,0
359232,0
359233,0
359234,0
359235,0
359236,0
359237,0
359238,0
359239,0
359240,0
359241,0
359242,0
359243,0
359244,0
359245,0
359246,0
359247,0
359248,0
359249,0
359250,0
359251,0
359252,0
359253,0
359254,0
359255,0
359256,0
359257,0
359258,0
359259,0
359260,0
359261,0
359262,0
359263,0
359264,0
359265,0
359266,0
359267,0
359268,0
359269,0
359270,0
359271,0
359272,0
359273,0
359274,0
359275,0
359276,0
359277,0
359278,0
359279,0
359280,0
359281,0
359282,0
359283,0
359284,0
359285,0
359286,0
359287,0
359288,0
359289,0
359290,0
359291,0
359292,0
359293,0
359294,0
359295,0
359296,0
359297,0
359298,0
359299,0
359300,0
359301,0
359302,0
359303,0
359304,0
359305,0
359306,0
359307,0
359308,0
359309,0
359310,0
359311,0
359312,0
359313,0
359314,0
359315,0
359316,0
359317,0
359318,0
359319,0
359320,0
359321,0
359322,0
359323,0
359324,0
359325,0
359326,0
359327,0
359328,0
359329,0
359330,0
359331,0
359332,0
359333,0
359334,0
359335,0
359336,0
359337,0
359338,0
359339,0
359340,0
359341,0
359342,0
359343,0
359344,0
359345,0
359346,0
359347,0
359348,0
359349,0
359350,0
359351,0
359352,0
359353,0
359354,0
359355,0
359356,0
359357,0
359358,0
359359,0
359360,0
359361,0
359362,0
359363,0
359364,0
359365,0
359366,0
359367,0
359368,0
359369,0
359370,0
359371,0
359372,0
359373,0
359374,0
359375,0
359376,0
359377,0
359378,0
359379,0
359380,0
359381,0
359382,0
359383,0
359384,0
359385,0
359386,0
359387,0
359388,0
359389,0
359390,0
359391,0
359392,0
359393,0
359394,0
359395,0
359396,0
359397,0
359398,0
359399,0
359400,0
359401,0
359402,0
359403,0
359404,0
359405,0
359406,0
359407,0
359408,0
359409,0
359410,0
359411,0
359412,0
359413,0
359414,0
359415,0
359416,0
359417,0
359418,0
359419,0
359420,0
359421,0
359422,0
359423,0
359424,0
359425,0
359426,0
359427,0
359428,0
359429,0
359430,0
359431,0
359432,0
359433,0
359434,0
359435,0
359436,0
359437,0
359438,0
359439,0
359440,0
359441,0
359442,0
359443,0
359444,0
359445,0
359446,0
359447,0
359448,0
359449,0
359450,0
359451,0
359452,0
359453,0
359454,0
359455,0
359456,0
359457,0
359458,0
359459,0
359460,0
359461,0
359462,0
359463,0
359464,0
359465,0
359466,0
359467,0
359468,0
359469,0
359470,0
359471,0
359472,0
359473,0
359474,0
359475,0
359476,0
359477,0
359478,0
359479,0
359480,0
359481,0
359482,0
359483,0
359484,0
359485,0
359486,0
359487,0
359488,0
359489,0
359490,0
359491,0
359492,0
359493,0
359494,0
359495,0
359496,0
359497,0
359498,0
359499,0
359500,0
359501,0
359502,0
359503,0
359504,0
359505,0
359506,0
359507,0
359508,0
359509,0
359510,0
359511,0
359512,0
359513,0
359514,0
359515,0
359516,0
359517,0
359518,0
359519,0
359520,0
359521,0
359522,0
359523,0
359524,0
359525,0
359526,0
359527,0
359528,0
359529,0
359530,0
359531,0
359532,0
359533,0
359534,0
359535,0
359536,0
359537,0
359538,0
359539,0
359540,0
359541,0
359542,0
359543,0
359544,0
359545,0
359546,0
359547,0
359548,0
359549,0
359550,0
359551,0
359552,0
359553,0
359554,0
359555,0
359556,0
359557,0
359558,0
359559,0
359560,0
359561,0
359562,0
359563,0
359564,0
359565,0
359566,0
359567,0
359568,0
359569,0
359570,0
359571,0
359572,0
359573,0
359574,0
359575,0
359576,0
359577,0
359578,0
359579,0
359580,0
359581,0
359582,0
359583,0
359584,0
359585,0
359586,0
359587,0
359588,0
359589,0
359590,0
359591,0
359592,0
359593,0
359594,0
359595,0
359596,0
359597,0
359598,0
359599,0
359600,0
359601,0
359602,0
359603,0
359604,0
359605,0
359606,0
359607,0
359608,0
359609,0
359610,0
359611,0
359612,0
359613,0
359614,0
359615,0
359616,0
359617,0
359618,0
359619,0
359620,0
359621,0
359622,0
359623,0
359624,0
359625,0
359626,0
359627,0
359628,0
359629,0
359630,0
359631,0
359632,0
359633,0
359634,0
359635,0
359636,0
359637,0
359638,0
359639,0
359640,0
359641,0
359642,0
359643,0
359644,0
359645,0
359646,0
359647,0
359648,0
359649,0
359650,0
359651,0
359652,0
359653,0
359654,0
359655,0
359656,0
359657,0
359658,0
359659,0
359660,0
359661,0
359662,0
359663,0
359664,0
359665,0
359666,0
359667,0
359668,0
359669,0
359670,0
359671,0
359672,0
359673,0
359674,0
359675,0
359676,0
359677,0
359678,0
359679,0
359680,0
359681,0
359682,0
359683,0
359684,0
359685,0
359686,0
359687,0
359688,0
359689,0
359690,0
359691,0
359692,0
359693,0
359694,0
359695,0
359696,0
359697,0
359698,0
359699,0
359700,0
359701,0
359702,0
359703,0
359704,0
359705,0
359706,0
359707,0
359708,0
359709,0
359710,0
359711,0
359712,0
359713,0
359714,0
359715,0
359716,0
359717,0
359718,0
359719,0
359720,0
359721,0
359722,0
359723,0
359724,0
359725,0
359726,0
359727,0
359728,0
359729,0
359730,0
359731,0
359732,0
359733,0
359734,0
359735,0
359736,0
359737,0
359738,0
359739,0
359740,0
359741,0
359742,0
359743,0
359744,0
359745,0
359746,0
359747,0
359748,0
359749,0
359750,0
359751,0
359752,0
359753,0
359754,0
359755,0
359756,0
359757,0
359758,0
359759,0
359760,0
359761,0
359762,0
359763,0
359764,0
359765,0
359766,0
359767,0
359768,0
359769,0
359770,0
359771,0
359772,0
359773,0
359774,0
359775,0
359776,0
359777,0
359778,0
359779,0
359780,0
359781,0
359782,0
359783,0
359784,0
359785,0
359786,0
359787,0
359788,0
359789,0
359790,0
359791,0
359792,0
359793,0
359794,0
359795,0
359796,0
359797,0
359798,0
359799,0
359800,0
359801,0
359802,0
359803,0
359804,0
359805,0
359806,0
359807,0
359808,0
359809,0
359810,0
359811,0
359812,0
359813,0
359814,0
359815,0
359816,0
359817,0
359818,0
359819,0
359820,0
359821,0
359822,0
359823,0
359824,0
359825,0
359826,0
359827,0
359828,0
359829,0
359830,0
359831,0
359832,0
359833,0
359834,0
359835,0
359836,0
359837,0
359838,0
359839,0
359840,0
359841,0
359842,0
359843,0
359844,0
359845,0
359846,0
359847,0
359848,0
359849,0
359850,0
359851,0
359852,0
359853,0
359854,0
359855,0
359856,0
359857,0
359858,0
359859,0
359860,0
359861,0
359862,0
359863,0
359864,0
359865,0
359866,0
359867,0
359868,0
359869,0
359870,0
359871,0
359872,0
359873,0
359874,0
359875,0
359876,0
359877,0
359878,0
359879,0
359880,0
359881,0
359882,0
359883,0
359884,0
359885,0
359886,0
359887,0
359888,0
359889,0
359890,0
359891,0
359892,0
359893,0
359894,0
359895,0
359896,0
359897,0
359898,0
359899,0
359900,0
359901,0
359902,0
359903,0
359904,0
359905,0
359906,0
359907,0
359908,0
359909,0
359910,0
359911,0
359912,0
359913,0
359914,0
359915,0
359916,0
359917,0
359918,0
359919,0
359920,0
359921,0
359922,0
359923,0
359924,0
359925,0
359926,0
359927,0
359928,0
359929,0
359930,0
359931,0
359932,0
359933,0
359934,0
359935,0
359936,0
359937,0
359938,0
359939,0
359940,0
359941,0
359942,0
359943,0
359944,0
359945,0
359946,0
359947,0
359948,0
359949,0
359950,0
359951,0
359952,0
359953,0
359954,0
359955,0
359956,0
359957,0
359958,0
359959,0
359960,0
359961,0
359962,0
359963,0
359964,0
359965,0
359966,0
359967,0
359968,0
359969,0
359970,0
359971,0
359972,0
359973,0
359974,0
359975,0
359976,0
359977,0
359978,0
359979,0
359980,0
359981,0
359982,0
359983,0
359984,0
359985,0
359986,0
359987,0
359988,0
359989,0
359990,0
359991,0
359992,0
359993,0
359994,0
359995,0
359996,0
359997,0
359998,0
359999,0
360000,0
360001,0
360002,0
360003,0
360004,0
360005,0
360006,0
360007,0
360008,0
360009,0
360010,0
360011,0
360012,0
360013,0
360014,0
360015,0
360016,0
360017,0
360018,0
360019,0
360020,0
360021,0
360022,0
360023,0
360024,0
360025,0
360026,0
360027,0
360028,0
360029,0
360030,0
360031,0
360032,0
360033,0
360034,0
360035,0
360036,0
360037,0
360038,0
360039,0
360040,0
360041,0
360042,0
360043,0
360044,0
360045,0
360046,0
360047,0
360048,0
360049,0
360050,0
360051,0
360052,0
360053,0
360054,0
360055,0
360056,0
360057,0
360058,0
360059,0
360060,0
360061,0
360062,0
360063,0
360064,0
360065,0
360066,0
360067,0
360068,0
360069,0
360070,0
360071,0
360072,0
360073,0
360074,0
360075,0
360076,0
360077,0
360078,0
360079,0
360080,0
360081,0
360082,0
360083,0
360084,0
360085,0
360086,0
360087,0
360088,0
360089,0
360090,0
360091,0
360092,0
360093,0
360094,0
360095,0
360096,0
360097,0
360098,0
360099,0
360100,0
360101,0
360102,0
360103,0
360104,0
360105,0
360106,0
360107,0
360108,0
360109,0
360110,0
360111,0
360112,0
360113,0
360114,0
360115,0
360116,0
360117,0
360118,0
360119,0
360120,0
360121,0
360122,0
360123,0
360124,0
360125,0
360126,0
360127,0
360128,0
360129,0
360130,0
360131,0
360132,0
360133,0
360134,0
360135,0
360136,0
360137,0
360138,0
360139,0
360140,0
360141,0
360142,0
360143,0
360144,0
360145,0
360146,0
360147,0
360148,0
360149,0
360150,0
360151,0
360152,0
360153,0
360154,0
360155,0
360156,0
360157,0
360158,0
360159,0
360160,0
360161,0
360162,0
360163,0
360164,0
360165,0
360166,0
360167,0
360168,0
360169,0
360170,0
360171,0
360172,0
360173,0
360174,0
360175,0
360176,0
360177,0
360178,0
360179,0
360180,0
360181,0
360182,0
360183,0
360184,0
360185,0
360186,0
360187,0
360188,0
360189,0
360190,0
360191,0
360192,0
360193,0
360194,0
360195,0
360196,0
360197,0
360198,0
360199,0
360200,0
360201,0
360202,0
360203,0
360204,0
360205,0
360206,0
360207,0
360208,0
360209,0
360210,0
360211,0
360212,0
360213,0
360214,0
360215,0
360216,0
360217,0
360218,0
360219,0
360220,0
360221,0
360222,0
360223,0
360224,0
360225,0
360226,0
360227,0
360228,0
360229,0
360230,0
360231,0
360232,0
360233,0
360234,0
360235,0
360236,0
360237,0
360238,0
360239,0
360240,0
360241,0
360242,0
360243,0
360244,0
360245,0
360246,0
360247,0
360248,0
360249,0
360250,0
360251,0
360252,0
360253,0
360254,0
360255,0
360256,0
360257,0
360258,0
360259,0
360260,0
360261,0
360262,0
360263,0
360264,0
360265,0
360266,0
360267,0
360268,0
360269,0
360270,0
360271,0
360272,0
360273,0
360274,0
360275,0
360276,0
360277,0
360278,0
360279,0
360280,0
360281,0
360282,0
360283,0
360284,0
360285,0
360286,0
360287,0
360288,0
360289,0
360290,0
360291,0
360292,0
360293,0
360294,0
360295,0
360296,0
360297,0
360298,0
360299,0
360300,0
360301,0
360302,0
360303,0
360304,0
360305,0
360306,0
360307,0
360308,0
360309,0
360310,0
360311,0
360312,0
360313,0
360314,0
360315,0
360316,0
360317,0
360318,0
360319,0
360320,0
360321,0
360322,0
360323,0
360324,0
360325,0
360326,0
360327,0
360328,0
360329,0
360330,0
360331,0
360332,0
360333,0
360334,0
360335,0
360336,0
360337,0
360338,0
360339,0
360340,0
360341,0
360342,0
360343,0
360344,0
360345,0
360346,0
360347,0
360348,0
360349,0
360350,0
360351,0
360352,0
360353,0
360354,0
360355,0
360356,0
360357,0
360358,0
360359,0
360360,0
360361,0
360362,0
360363,0
360364,0
360365,0
360366,0
360367,0
360368,0
360369,0
360370,0
360371,0
360372,0
360373,0
360374,0
360375,0
360376,0
360377,0
360378,0
360379,0
360380,0
360381,0
360382,0
360383,0
360384,0
360385,0
360386,0
360387,0
360388,0
360389,0
360390,0
360391,0
360392,0
360393,0
360394,0
360395,0
360396,0
360397,0
360398,0
360399,0
360400,0
360401,0
360402,0
360403,0
360404,0
360405,0
360406,0
360407,0
360408,0
360409,0
360410,0
360411,0
360412,0
360413,0
360414,0
360415,0
360416,0
360417,0
360418,0
360419,0
360420,0
360421,0
360422,0
360423,0
360424,0
360425,0
360426,0
360427,0
360428,0
360429,0
360430,0
360431,0
360432,0
360433,0
360434,0
360435,0
360436,0
360437,0
360438,0
360439,0
360440,0
360441,0
360442,0
360443,0
360444,0
360445,0
360446,0
360447,0
360448,0
360449,0
360450,0
360451,0
360452,0
360453,0
360454,0
360455,0
360456,0
360457,0
360458,0
360459,0
360460,0
360461,0
360462,0
360463,0
360464,0
360465,0
360466,0
360467,0
360468,0
360469,0
360470,0
360471,0
360472,0
360473,0
360474,0
360475,0
360476,0
360477,0
360478,0
360479,0
360480,0
360481,0
360482,0
360483,0
360484,0
360485,0
360486,0
360487,0
360488,0
360489,0
360490,0
360491,0
360492,0
360493,0
360494,0
360495,0
360496,0
360497,0
360498,0
360499,0
360500,0
360501,0
360502,0
360503,0
360504,0
360505,0
360506,0
360507,0
360508,0
360509,0
360510,0
360511,0
360512,0
360513,0
360514,0
360515,0
360516,0
360517,0
360518,0
360519,0
360520,0
360521,0
360522,0
360523,0
360524,0
360525,0
360526,0
360527,0
360528,0
360529,0
360530,0
360531,0
360532,0
360533,0
360534,0
360535,0
360536,0
360537,0
360538,0
360539,0
360540,0
360541,0
360542,0
360543,0
360544,0
360545,0
360546,0
360547,0
360548,0
360549,0
360550,0
360551,0
360552,0
360553,0
360554,0
360555,0
360556,0
360557,0
360558,0
360559,0
360560,0
360561,0
360562,0
360563,0
360564,0
360565,0
360566,0
360567,0
360568,0
360569,0
360570,0
360571,0
360572,0
360573,0
360574,0
360575,0
360576,0
360577,0
360578,0
360579,0
360580,0
360581,0
360582,0
360583,0
360584,0
360585,0
360586,0
360587,0
360588,0
360589,0
360590,0
360591,0
360592,0
360593,0
360594,0
360595,0
360596,0
360597,0
360598,0
360599,0
360600,0
360601,0
360602,0
360603,0
360604,0
360605,0
360606,0
360607,0
360608,0
360609,0
360610,0
360611,0
360612,0
360613,0
360614,0
360615,0
360616,0
360617,0
360618,0
360619,0
360620,0
360621,0
360622,0
360623,0
360624,0
360625,0
360626,0
360627,0
360628,0
360629,0
360630,0
360631,0
360632,0
360633,0
360634,0
360635,0
360636,0
360637,0
360638,0
360639,0
360640,0
360641,0
360642,0
360643,0
360644,0
360645,0
360646,0
360647,0
360648,0
360649,0
360650,0
360651,0
360652,0
360653,0
360654,0
360655,0
360656,0
360657,0
360658,0
360659,0
360660,0
360661,0
360662,0
360663,0
360664,0
360665,0
360666,0
360667,0
360668,0
360669,0
360670,0
360671,0
360672,0
360673,0
360674,0
360675,0
360676,0
360677,0
360678,0
360679,0
360680,0
360681,0
360682,0
360683,0
360684,0
360685,0
360686,0
360687,0
360688,0
360689,0
360690,0
360691,0
360692,0
360693,0
360694,0
360695,0
360696,0
360697,0
360698,0
360699,0
360700,0
360701,0
360702,0
360703,0
360704,0
360705,0
360706,0
360707,0
360708,0
360709,0
360710,0
360711,0
360712,0
360713,0
360714,0
360715,0
360716,0
360717,0
360718,0
360719,0
360720,0
360721,0
360722,0
360723,0
360724,0
360725,0
360726,0
360727,0
360728,0
360729,0
360730,0
360731,0
360732,0
360733,0
360734,0
360735,0
360736,0
360737,0
360738,0
360739,0
360740,0
360741,0
360742,0
360743,0
360744,0
360745,0
360746,0
360747,0
360748,0
360749,0
360750,0
360751,0
360752,0
360753,0
360754,0
360755,0
360756,0
360757,0
360758,0
360759,0
360760,0
360761,0
360762,0
360763,0
360764,0
360765,0
360766,0
360767,0
360768,0
360769,0
360770,0
360771,0
360772,0
360773,0
360774,0
360775,0
360776,0
360777,0
360778,0
360779,0
360780,0
360781,0
360782,0
360783,0
360784,0
360785,0
360786,0
360787,0
360788,0
360789,0
360790,0
360791,0
360792,0
360793,0
360794,0
360795,0
360796,0
360797,0
360798,0
360799,0
360800,0
360801,0
360802,0
360803,0
360804,0
360805,0
360806,0
360807,0
360808,0
360809,0
360810,0
360811,0
360812,0
360813,0
360814,0
360815,0
360816,0
360817,0
360818,0
360819,0
360820,0
360821,0
360822,0
360823,0
360824,0
360825,0
360826,0
360827,0
360828,0
360829,0
360830,0
360831,0
360832,0
360833,0
360834,0
360835,0
360836,0
360837,0
360838,0
360839,0
360840,0
360841,0
360842,0
360843,0
360844,0
360845,0
360846,0
360847,0
360848,0
360849,0
360850,0
360851,0
360852,0
360853,0
360854,0
360855,0
360856,0
360857,0
360858,0
360859,0
360860,0
360861,0
360862,0
360863,0
360864,0
360865,0
360866,0
360867,0
360868,0
360869,0
360870,0
360871,0
360872,0
360873,0
360874,0
360875,0
360876,0
360877,0
360878,0
360879,0
360880,0
360881,0
360882,0
360883,0
360884,0
360885,0
360886,0
360887,0
360888,0
360889,0
360890,0
360891,0
360892,0
360893,0
360894,0
360895,0
360896,0
360897,0
360898,0
360899,0
360900,0
360901,0
360902,0
360903,0
360904,0
360905,0
360906,0
360907,0
360908,0
360909,0
360910,0
360911,0
360912,0
360913,0
360914,0
360915,0
360916,0
360917,0
360918,0
360919,0
360920,0
360921,0
360922,0
360923,0
360924,0
360925,0
360926,0
360927,0
360928,0
360929,0
360930,0
360931,0
360932,0
360933,0
360934,0
360935,0
360936,0
360937,0
360938,0
360939,0
360940,0
360941,0
360942,0
360943,0
360944,0
360945,0
360946,0
360947,0
360948,0
360949,0
360950,0
360951,0
360952,0
360953,0
360954,0
360955,0
360956,0
360957,0
360958,0
360959,0
360960,0
360961,0
360962,0
360963,0
360964,0
360965,0
360966,0
360967,0
360968,0
360969,0
360970,0
360971,0
360972,0
360973,0
360974,0
360975,0
360976,0
360977,0
360978,0
360979,0
360980,0
360981,0
360982,0
360983,0
360984,0
360985,0
360986,0
360987,0
360988,0
360989,0
360990,0
360991,0
360992,0
360993,0
360994,0
360995,0
360996,0
360997,0
360998,0
360999,0
361000,0
361001,0
361002,0
361003,0
361004,0
361005,0
361006,0
361007,0
361008,0
361009,0
361010,0
361011,0
361012,0
361013,0
361014,0
361015,0
361016,0
361017,0
361018,0
361019,0
361020,0
361021,0
361022,0
361023,0
361024,0
361025,0
361026,0
361027,0
361028,0
361029,0
361030,0
361031,0
361032,0
361033,0
361034,0
361035,0
361036,0
361037,0
361038,0
361039,0
361040,0
361041,0
361042,0
361043,0
361044,0
361045,0
361046,0
361047,0
361048,0
361049,0
361050,0
361051,0
361052,0
361053,0
361054,0
361055,0
361056,0
361057,0
361058,0
361059,0
361060,0
361061,0
361062,0
361063,0
361064,0
361065,0
361066,0
361067,0
361068,0
361069,0
361070,0
361071,0
361072,0
361073,0
361074,0
361075,0
361076,0
361077,0
361078,0
361079,0
361080,0
361081,0
361082,0
361083,0
361084,0
361085,0
361086,0
361087,0
361088,0
361089,0
361090,0
361091,0
361092,0
361093,0
361094,0
361095,0
361096,0
361097,0
361098,0
361099,0
361100,0
361101,0
361102,0
361103,0
361104,0
361105,0
361106,0
361107,0
361108,0
361109,0
361110,0
361111,0
361112,0
361113,0
361114,0
361115,0
361116,0
361117,0
361118,0
361119,0
361120,0
361121,0
361122,0
361123,0
361124,0
361125,0
361126,0
361127,0
361128,0
361129,0
361130,0
361131,0
361132,0
361133,0
361134,0
361135,0
361136,0
361137,0
361138,0
361139,0
361140,0
361141,0
361142,0
361143,0
361144,0
361145,0
361146,0
361147,0
361148,0
361149,0
361150,0
361151,0
361152,0
361153,0
361154,0
361155,0
361156,0
361157,0
361158,0
361159,0
361160,0
361161,0
361162,0
361163,0
361164,0
361165,0
361166,0
361167,0
361168,0
361169,0
361170,0
361171,0
361172,0
361173,0
361174,0
361175,0
361176,0
361177,0
361178,0
361179,0
361180,0
361181,0
361182,0
361183,0
361184,0
361185,0
361186,0
361187,0
361188,0
361189,0
361190,0
361191,0
361192,0
361193,0
361194,0
361195,0
361196,0
361197,0
361198,0
361199,0
361200,0
361201,0
361202,0
361203,0
361204,0
361205,0
361206,0
361207,0
361208,0
361209,0
361210,0
361211,0
361212,0
361213,0
361214,0
361215,0
361216,0
361217,0
361218,0
361219,0
361220,0
361221,0
361222,0
361223,0
361224,0
361225,0
361226,0
361227,0
361228,0
361229,0
361230,0
361231,0
361232,0
361233,0
361234,0
361235,0
361236,0
361237,0
361238,0
361239,0
361240,0
361241,0
361242,0
361243,0
361244,0
361245,0
361246,0
361247,0
361248,0
361249,0
361250,0
361251,0
361252,0
361253,0
361254,0
361255,0
361256,0
361257,0
361258,0
361259,0
361260,0
361261,0
361262,0
361263,0
361264,0
361265,0
361266,0
361267,0
361268,0
361269,0
361270,0
361271,0
361272,0
361273,0
361274,0
361275,0
361276,0
361277,0
361278,0
361279,0
361280,0
361281,0
361282,0
361283,0
361284,0
361285,0
361286,0
361287,0
361288,0
361289,0
361290,0
361291,0
361292,0
361293,0
361294,0
361295,0
361296,0
361297,0
361298,0
361299,0
361300,0
361301,0
361302,0
361303,0
361304,0
361305,0
361306,0
361307,0
361308,0
361309,0
361310,0
361311,0
361312,0
361313,0
361314,0
361315,0
361316,0
361317,0
361318,0
361319,0
361320,0
361321,0
361322,0
361323,0
361324,0
361325,0
361326,0
361327,0
361328,0
361329,0
361330,0
361331,0
361332,0
361333,0
361334,0
361335,0
361336,0
361337,0
361338,0
361339,0
361340,0
361341,0
361342,0
361343,0
361344,0
361345,0
361346,0
361347,0
361348,0
361349,0
361350,0
361351,0
361352,0
361353,0
361354,0
361355,0
361356,0
361357,0
361358,0
361359,0
361360,0
361361,0
361362,0
361363,0
361364,0
361365,0
361366,0
361367,0
361368,0
361369,0
361370,0
361371,0
361372,0
361373,0
361374,0
361375,0
361376,0
361377,0
361378,0
361379,0
361380,0
361381,0
361382,0
361383,0
361384,0
361385,0
361386,0
361387,0
361388,0
361389,0
361390,0
361391,0
361392,0
361393,0
361394,0
361395,0
361396,0
361397,0
361398,0
361399,0
361400,0
361401,0
361402,0
361403,0
361404,0
361405,0
361406,0
361407,0
361408,0
361409,0
361410,0
361411,0
361412,0
361413,0
361414,0
361415,0
361416,0
361417,0
361418,0
361419,0
361420,0
361421,0
361422,0
361423,0
361424,0
361425,0
361426,0
361427,0
361428,0
361429,0
361430,0
361431,0
361432,0
361433,0
361434,0
361435,0
361436,0
361437,0
361438,0
361439,0
361440,0
361441,0
361442,0
361443,0
361444,0
361445,0
361446,0
361447,0
361448,0
361449,0
361450,0
361451,0
361452,0
361453,0
361454,0
361455,0
361456,0
361457,0
361458,0
361459,0
361460,0
361461,0
361462,0
361463,0
361464,0
361465,0
361466,0
361467,0
361468,0
361469,0
361470,0
361471,0
361472,0
361473,0
361474,0
361475,0
361476,0
361477,0
361478,0
361479,0
361480,0
361481,0
361482,0
361483,0
361484,0
361485,0
361486,0
361487,0
361488,0
361489,0
361490,0
361491,0
361492,0
361493,0
361494,0
361495,0
361496,0
361497,0
361498,0
361499,0
361500,0
361501,0
361502,0
361503,0
361504,0
361505,0
361506,0
361507,0
361508,0
361509,0
361510,0
361511,0
361512,0
361513,0
361514,0
361515,0
361516,0
361517,0
361518,0
361519,0
361520,0
361521,0
361522,0
361523,0
361524,0
361525,0
361526,0
361527,0
361528,0
361529,0
361530,0
361531,0
361532,0
361533,0
361534,0
361535,0
361536,0
361537,0
361538,0
361539,0
361540,0
361541,0
361542,0
361543,0
361544,0
361545,0
361546,0
361547,0
361548,0
361549,0
361550,0
361551,0
361552,0
361553,0
361554,0
361555,0
361556,0
361557,0
361558,0
361559,0
361560,0
361561,0
361562,0
361563,0
361564,0
361565,0
361566,0
361567,0
361568,0
361569,0
361570,0
361571,0
361572,0
361573,0
361574,0
361575,0
361576,0
361577,0
361578,0
361579,0
361580,0
361581,0
361582,0
361583,0
361584,0
361585,0
361586,0
361587,0
361588,0
361589,0
361590,0
361591,0
361592,0
361593,0
361594,0
361595,0
361596,0
361597,0
361598,0
361599,0
361600,0
361601,0
361602,0
361603,0
361604,0
361605,0
361606,0
361607,0
361608,0
361609,0
361610,0
361611,0
361612,0
361613,0
361614,0
361615,0
361616,0
361617,0
361618,0
361619,0
361620,0
361621,0
361622,0
361623,0
361624,0
361625,0
361626,0
361627,0
361628,0
361629,0
361630,0
361631,0
361632,0
361633,0
361634,0
361635,0
361636,0
361637,0
361638,0
361639,0
361640,0
361641,0
361642,0
361643,0
361644,0
361645,0
361646,0
361647,0
361648,0
361649,0
361650,0
361651,0
361652,0
361653,0
361654,0
361655,0
361656,0
361657,0
361658,0
361659,0
361660,0
361661,0
361662,0
361663,0
361664,0
361665,0
361666,0
361667,0
361668,0
361669,0
361670,0
361671,0
361672,0
361673,0
361674,0
361675,0
361676,0
361677,0
361678,0
361679,0
361680,0
361681,0
361682,0
361683,0
361684,0
361685,0
361686,0
361687,0
361688,0
361689,0
361690,0
361691,0
361692,0
361693,0
361694,0
361695,0
361696,0
361697,0
361698,0
361699,0
361700,0
361701,0
361702,0
361703,0
361704,0
361705,0
361706,0
361707,0
361708,0
361709,0
361710,0
361711,0
361712,0
361713,0
361714,0
361715,0
361716,0
361717,0
361718,0
361719,0
361720,0
361721,0
361722,0
361723,0
361724,0
361725,0
361726,0
361727,0
361728,0
361729,0
361730,0
361731,0
361732,0
361733,0
361734,0
361735,0
361736,0
361737,0
361738,0
361739,0
361740,0
361741,0
361742,0
361743,0
361744,0
361745,0
361746,0
361747,0
361748,0
361749,0
361750,0
361751,0
361752,0
361753,0
361754,0
361755,0
361756,0
361757,0
361758,0
361759,0
361760,0
361761,0
361762,0
361763,0
361764,0
361765,0
361766,0
361767,0
361768,0
361769,0
361770,0
361771,0
361772,0
361773,0
361774,0
361775,0
361776,0
361777,0
361778,0
361779,0
361780,0
361781,0
361782,0
361783,0
361784,0
361785,0
361786,0
361787,0
361788,0
361789,0
361790,0
361791,0
361792,0
361793,0
361794,0
361795,0
361796,0
361797,0
361798,0
361799,0
361800,0
361801,0
361802,0
361803,0
361804,0
361805,0
361806,0
361807,0
361808,0
361809,0
361810,0
361811,0
361812,0
361813,0
361814,0
361815,0
361816,0
361817,0
361818,0
361819,0
361820,0
361821,0
361822,0
361823,0
361824,0
361825,0
361826,0
361827,0
361828,0
361829,0
361830,0
361831,0
361832,0
361833,0
361834,0
361835,0
361836,0
361837,0
361838,0
361839,0
361840,0
361841,0
361842,0
361843,0
361844,0
361845,0
361846,0
361847,0
361848,0
361849,0
361850,0
361851,0
361852,0
361853,0
361854,0
361855,0
361856,0
361857,0
361858,0
361859,0
361860,0
361861,0
361862,0
361863,0
361864,0
361865,0
361866,0
361867,0
361868,0
361869,0
361870,0
361871,0
361872,0
361873,0
361874,0
361875,0
361876,0
361877,0
361878,0
361879,0
361880,0
361881,0
361882,0
361883,0
361884,0
361885,0
361886,0
361887,0
361888,0
361889,0
361890,0
361891,0
361892,0
361893,0
361894,0
361895,0
361896,0
361897,0
361898,0
361899,0
361900,0
361901,0
361902,0
361903,0
361904,0
361905,0
361906,0
361907,0
361908,0
361909,0
361910,0
361911,0
361912,0
361913,0
361914,0
361915,0
361916,0
361917,0
361918,0
361919,0
361920,0
361921,0
361922,0
361923,0
361924,0
361925,0
361926,0
361927,0
361928,0
361929,0
361930,0
361931,0
361932,0
361933,0
361934,0
361935,0
361936,0
361937,0
361938,0
361939,0
361940,0
361941,0
361942,0
361943,0
361944,0
361945,0
361946,0
361947,0
361948,0
361949,0
361950,0
361951,0
361952,0
361953,0
361954,0
361955,0
361956,0
361957,0
361958,0
361959,0
361960,0
361961,0
361962,0
361963,0
361964,0
361965,0
361966,0
361967,0
361968,0
361969,0
361970,0
361971,0
361972,0
361973,0
361974,0
361975,0
361976,0
361977,0
361978,0
361979,0
361980,0
361981,0
361982,0
361983,0
361984,0
361985,0
361986,0
361987,0
361988,0
361989,0
361990,0
361991,0
361992,0
361993,0
361994,0
361995,0
361996,0
361997,0
361998,0
361999,0
362000,0
362001,0
362002,0
362003,0
362004,0
362005,0
362006,0
362007,0
362008,0
362009,0
362010,0
362011,0
362012,0
362013,0
362014,0
362015,0
362016,0
362017,0
362018,0
362019,0
362020,0
362021,0
362022,0
362023,0
362024,0
362025,0
362026,0
362027,0
362028,0
362029,0
362030,0
362031,0
362032,0
362033,0
362034,0
362035,0
362036,0
362037,0
362038,0
362039,0
362040,0
362041,0
362042,0
362043,0
362044,0
362045,0
362046,0
362047,0
362048,0
362049,0
362050,0
362051,0
362052,0
362053,0
362054,0
362055,0
362056,0
362057,0
362058,0
362059,0
362060,0
362061,0
362062,0
362063,0
362064,0
362065,0
362066,0
362067,0
362068,0
362069,0
362070,0
362071,0
362072,0
362073,0
362074,0
362075,0
362076,0
362077,0
362078,0
362079,0
362080,0
362081,0
362082,0
362083,0
362084,0
362085,0
362086,0
362087,0
362088,0
362089,0
362090,0
362091,0
362092,0
362093,0
362094,0
362095,0
362096,0
362097,0
362098,0
362099,0
362100,0
362101,0
362102,0
362103,0
362104,0
362105,0
362106,0
362107,0
362108,0
362109,0
362110,0
362111,0
362112,0
362113,0
362114,0
362115,0
362116,0
362117,0
362118,0
362119,0
362120,0
362121,0
362122,0
362123,0
362124,0
362125,0
362126,0
362127,0
362128,0
362129,0
362130,0
362131,0
362132,0
362133,0
362134,0
362135,0
362136,0
362137,0
362138,0
362139,0
362140,0
362141,0
362142,0
362143,0
362144,0
362145,0
362146,0
362147,0
362148,0
362149,0
362150,0
362151,0
362152,0
362153,0
362154,0
362155,0
362156,0
362157,0
362158,0
362159,0
362160,0
362161,0
362162,0
362163,0
362164,0
362165,0
362166,0
362167,0
362168,0
362169,0
362170,0
362171,0
362172,0
362173,0
362174,0
362175,0
362176,0
362177,0
362178,0
362179,0
362180,0
362181,0
362182,0
362183,0
362184,0
362185,0
362186,0
362187,0
362188,0
362189,0
362190,0
362191,0
362192,0
362193,0
362194,0
362195,0
362196,0
362197,0
362198,0
362199,0
362200,0
362201,0
362202,0
362203,0
362204,0
362205,0
362206,0
362207,0
362208,0
362209,0
362210,0
362211,0
362212,0
362213,0
362214,0
362215,0
362216,0
362217,0
362218,0
362219,0
362220,0
362221,0
362222,0
362223,0
362224,0
362225,0
362226,0
362227,0
362228,0
362229,0
362230,0
362231,0
362232,0
362233,0
362234,0
362235,0
362236,0
362237,0
362238,0
362239,0
362240,0
362241,0
362242,0
362243,0
362244,0
362245,0
362246,0
362247,0
362248,0
362249,0
362250,0
362251,0
362252,0
362253,0
362254,0
362255,0
362256,0
362257,0
362258,0
362259,0
362260,0
362261,0
362262,0
362263,0
362264,0
362265,0
362266,0
362267,0
362268,0
362269,0
362270,0
362271,0
362272,0
362273,0
362274,0
362275,0
362276,0
362277,0
362278,0
362279,0
362280,0
362281,0
362282,0
362283,0
362284,0
362285,0
362286,0
362287,0
362288,0
362289,0
362290,0
362291,0
362292,0
362293,0
362294,0
362295,0
362296,0
362297,0
362298,0
362299,0
362300,0
362301,0
362302,0
362303,0
362304,0
362305,0
362306,0
362307,0
362308,0
362309,0
362310,0
362311,0
362312,0
362313,0
362314,0
362315,0
362316,0
362317,0
362318,0
362319,0
362320,0
362321,0
362322,0
362323,0
362324,0
362325,0
362326,0
362327,0
362328,0
362329,0
362330,0
362331,0
362332,0
362333,0
362334,0
362335,0
362336,0
362337,0
362338,0
362339,0
362340,0
362341,0
362342,0
362343,0
362344,0
362345,0
362346,0
362347,0
362348,0
362349,0
362350,0
362351,0
362352,0
362353,0
362354,0
362355,0
362356,0
362357,0
362358,0
362359,0
362360,0
362361,0
362362,0
362363,0
362364,0
362365,0
362366,0
362367,0
362368,0
362369,0
362370,0
362371,0
362372,0
362373,0
362374,0
362375,0
362376,0
362377,0
362378,0
362379,0
362380,0
362381,0
362382,0
362383,0
362384,0
362385,0
362386,0
362387,0
362388,0
362389,0
362390,0
362391,0
362392,0
362393,0
362394,0
362395,0
362396,0
362397,0
362398,0
362399,0
362400,0
362401,0
362402,0
362403,0
362404,0
362405,0
362406,0
362407,0
362408,0
362409,0
362410,0
362411,0
362412,0
362413,0
362414,0
362415,0
362416,0
362417,0
362418,0
362419,0
362420,0
362421,0
362422,0
362423,0
362424,0
362425,0
362426,0
362427,0
362428,0
362429,0
362430,0
362431,0
362432,0
362433,0
362434,0
362435,0
362436,0
362437,0
362438,0
362439,0
362440,0
362441,0
362442,0
362443,0
362444,0
362445,0
362446,0
362447,0
362448,0
362449,0
362450,0
362451,0
362452,0
362453,0
362454,0
362455,0
362456,0
362457,0
362458,0
362459,0
362460,0
362461,0
362462,0
362463,0
362464,0
362465,0
362466,0
362467,0
362468,0
362469,0
362470,0
362471,0
362472,0
362473,0
362474,0
362475,0
362476,0
362477,0
362478,0
362479,0
362480,0
362481,0
362482,0
362483,0
362484,0
362485,0
362486,0
362487,0
362488,0
362489,0
362490,0
362491,0
362492,0
362493,0
362494,0
362495,0
362496,0
362497,0
362498,0
362499,0
362500,0
362501,0
362502,0
362503,0
362504,0
362505,0
362506,0
362507,0
362508,0
362509,0
362510,0
362511,0
362512,0
362513,0
362514,0
362515,0
362516,0
362517,0
362518,0
362519,0
362520,0
362521,0
362522,0
362523,0
362524,0
362525,0
362526,0
362527,0
362528,0
362529,0
362530,0
362531,0
362532,0
362533,0
362534,0
362535,0
362536,0
362537,0
362538,0
362539,0
362540,0
362541,0
362542,0
362543,0
362544,0
362545,0
362546,0
362547,0
362548,0
362549,0
362550,0
362551,0
362552,0
362553,0
362554,0
362555,0
362556,0
362557,0
362558,0
362559,0
362560,0
362561,0
362562,0
362563,0
362564,0
362565,0
362566,0
362567,0
362568,0
362569,0
362570,0
362571,0
362572,0
362573,0
362574,0
362575,0
362576,0
362577,0
362578,0
362579,0
362580,0
362581,0
362582,0
362583,0
362584,0
362585,0
362586,0
362587,0
362588,0
362589,0
362590,0
362591,0
362592,0
362593,0
362594,0
362595,0
362596,0
362597,0
362598,0
362599,0
362600,0
362601,0
362602,0
362603,0
362604,0
362605,0
362606,0
362607,0
362608,0
362609,0
362610,0
362611,0
362612,0
362613,0
362614,0
362615,0
362616,0
362617,0
362618,0
362619,0
362620,0
362621,0
362622,0
362623,0
362624,0
362625,0
362626,0
362627,0
362628,0
362629,0
362630,0
362631,0
362632,0
362633,0
362634,0
362635,0
362636,0
362637,0
362638,0
362639,0
362640,0
362641,0
362642,0
362643,0
362644,0
362645,0
362646,0
362647,0
362648,0
362649,0
362650,0
362651,0
362652,0
362653,0
362654,0
362655,0
362656,0
362657,0
362658,0
362659,0
362660,0
362661,0
362662,0
362663,0
362664,0
362665,0
362666,0
362667,0
362668,0
362669,0
362670,0
362671,0
362672,0
362673,0
362674,0
362675,0
362676,0
362677,0
362678,0
362679,0
362680,0
362681,0
362682,0
362683,0
362684,0
362685,0
362686,0
362687,0
362688,0
362689,0
362690,0
362691,0
362692,0
362693,0
362694,0
362695,0
362696,0
362697,0
362698,0
362699,0
362700,0
362701,0
362702,0
362703,0
362704,0
362705,0
362706,0
362707,0
362708,0
362709,0
362710,0
362711,0
362712,0
362713,0
362714,0
362715,0
362716,0
362717,0
362718,0
362719,0
362720,0
362721,0
362722,0
362723,0
362724,0
362725,0
362726,0
362727,0
362728,0
362729,0
362730,0
362731,0
362732,0
362733,0
362734,0
362735,0
362736,0
362737,0
362738,0
362739,0
362740,0
362741,0
362742,0
362743,0
362744,0
362745,0
362746,0
362747,0
362748,0
362749,0
362750,0
362751,0
362752,0
362753,0
362754,0
362755,0
362756,0
362757,0
362758,0
362759,0
362760,0
362761,0
362762,0
362763,0
362764,0
362765,0
362766,0
362767,0
362768,0
362769,0
362770,0
362771,0
362772,0
362773,0
362774,0
362775,0
362776,0
362777,0
362778,0
362779,0
362780,0
362781,0
362782,0
362783,0
362784,0
362785,0
362786,0
362787,0
362788,0
362789,0
362790,0
362791,0
362792,0
362793,0
362794,0
362795,0
362796,0
362797,0
362798,0
362799,0
362800,0
362801,0
362802,0
362803,0
362804,0
362805,0
362806,0
362807,0
362808,0
362809,0
362810,0
362811,0
362812,0
362813,0
362814,0
362815,0
362816,0
362817,0
362818,0
362819,0
362820,0
362821,0
362822,0
362823,0
362824,0
362825,0
362826,0
362827,0
362828,0
362829,0
362830,0
362831,0
362832,0
362833,0
362834,0
362835,0
362836,0
362837,0
362838,0
362839,0
362840,0
362841,0
362842,0
362843,0
362844,0
362845,0
362846,0
362847,0
362848,0
362849,0
362850,0
362851,0
362852,0
362853,0
362854,0
362855,0
362856,0
362857,0
362858,0
362859,0
362860,0
362861,0
362862,0
362863,0
362864,0
362865,0
362866,0
362867,0
362868,0
362869,0
362870,0
362871,0
362872,0
362873,0
362874,0
362875,0
362876,0
362877,0
362878,0
362879,0
362880,0
362881,0
362882,0
362883,0
362884,0
362885,0
362886,0
362887,0
362888,0
362889,0
362890,0
362891,0
362892,0
362893,0
362894,0
362895,0
362896,0
362897,0
362898,0
362899,0
362900,0
362901,0
362902,0
362903,0
362904,0
362905,0
362906,0
362907,0
362908,0
362909,0
362910,0
362911,0
362912,0
362913,0
362914,0
362915,0
362916,0
362917,0
362918,0
362919,0
362920,0
362921,0
362922,0
362923,0
362924,0
362925,0
362926,0
362927,0
362928,0
362929,0
362930,0
362931,0
362932,0
362933,0
362934,0
362935,0
362936,0
362937,0
362938,0
362939,0
362940,0
362941,0
362942,0
362943,0
362944,0
362945,0
362946,0
362947,0
362948,0
362949,0
362950,0
362951,0
362952,0
362953,0
362954,0
362955,0
362956,0
362957,0
362958,0
362959,0
362960,0
362961,0
362962,0
362963,0
362964,0
362965,0
362966,0
362967,0
362968,0
362969,0
362970,0
362971,0
362972,0
362973,0
362974,0
362975,0
362976,0
362977,0
362978,0
362979,0
362980,0
362981,0
362982,0
362983,0
362984,0
362985,0
362986,0
362987,0
362988,0
362989,0
362990,0
362991,0
362992,0
362993,0
362994,0
362995,0
362996,0
362997,0
362998,0
362999,0
363000,0
363001,0
363002,0
363003,0
363004,0
363005,0
363006,0
363007,0
363008,0
363009,0
363010,0
363011,0
363012,0
363013,0
363014,0
363015,0
363016,0
363017,0
363018,0
363019,0
363020,0
363021,0
363022,0
363023,0
363024,0
363025,0
363026,0
363027,0
363028,0
363029,0
363030,0
363031,0
363032,0
363033,0
363034,0
363035,0
363036,0
363037,0
363038,0
363039,0
363040,0
363041,0
363042,0
363043,0
363044,0
363045,0
363046,0
363047,0
363048,0
363049,0
363050,0
363051,0
363052,0
363053,0
363054,0
363055,0
363056,0
363057,0
363058,0
363059,0
363060,0
363061,0
363062,0
363063,0
363064,0
363065,0
363066,0
363067,0
363068,0
363069,0
363070,0
363071,0
363072,0
363073,0
363074,0
363075,0
363076,0
363077,0
363078,0
363079,0
363080,0
363081,0
363082,0
363083,0
363084,0
363085,0
363086,0
363087,0
363088,0
363089,0
363090,0
363091,0
363092,0
363093,0
363094,0
363095,0
363096,0
363097,0
363098,0
363099,0
363100,0
363101,0
363102,0
363103,0
363104,0
363105,0
363106,0
363107,0
363108,0
363109,0
363110,0
363111,0
363112,0
363113,0
363114,0
363115,0
363116,0
363117,0
363118,0
363119,0
363120,0
363121,0
363122,0
363123,0
363124,0
363125,0
363126,0
363127,0
363128,0
363129,0
363130,0
363131,0
363132,0
363133,0
363134,0
363135,0
363136,0
363137,0
363138,0
363139,0
363140,0
363141,0
363142,0
363143,0
363144,0
363145,0
363146,0
363147,0
363148,0
363149,0
363150,0
363151,0
363152,0
363153,0
363154,0
363155,0
363156,0
363157,0
363158,0
363159,0
363160,0
363161,0
363162,0
363163,0
363164,0
363165,0
363166,0
363167,0
363168,0
363169,0
363170,0
363171,0
363172,0
363173,0
363174,0
363175,0
363176,0
363177,0
363178,0
363179,0
363180,0
363181,0
363182,0
363183,0
363184,0
363185,0
363186,0
363187,0
363188,0
363189,0
363190,0
363191,0
363192,0
363193,0
363194,0
363195,0
363196,0
363197,0
363198,0
363199,0
363200,0
363201,0
363202,0
363203,0
363204,0
363205,0
363206,0
363207,0
363208,0
363209,0
363210,0
363211,0
363212,0
363213,0
363214,0
363215,0
363216,0
363217,0
363218,0
363219,0
363220,0
363221,0
363222,0
363223,0
363224,0
363225,0
363226,0
363227,0
363228,0
363229,0
363230,0
363231,0
363232,0
363233,0
363234,0
363235,0
363236,0
363237,0
363238,0
363239,0
363240,0
363241,0
363242,0
363243,0
363244,0
363245,0
363246,0
363247,0
363248,0
363249,0
363250,0
363251,0
363252,0
363253,0
363254,0
363255,0
363256,0
363257,0
363258,0
363259,0
363260,0
363261,0
363262,0
363263,0
363264,0
363265,0
363266,0
363267,0
363268,0
363269,0
363270,0
363271,0
363272,0
363273,0
363274,0
363275,0
363276,0
363277,0
363278,0
363279,0
363280,0
363281,0
363282,0
363283,0
363284,0
363285,0
363286,0
363287,0
363288,0
363289,0
363290,0
363291,0
363292,0
363293,0
363294,0
363295,0
363296,0
363297,0
363298,0
363299,0
363300,0
363301,0
363302,0
363303,0
363304,0
363305,0
363306,0
363307,0
363308,0
363309,0
363310,0
363311,0
363312,0
363313,0
363314,0
363315,0
363316,0
363317,0
363318,0
363319,0
363320,0
363321,0
363322,0
363323,0
363324,0
363325,0
363326,0
363327,0
363328,0
363329,0
363330,0
363331,0
363332,0
363333,0
363334,0
363335,0
363336,0
363337,0
363338,0
363339,0
363340,0
363341,0
363342,0
363343,0
363344,0
363345,0
363346,0
363347,0
363348,0
363349,0
363350,0
363351,0
363352,0
363353,0
363354,0
363355,0
363356,0
363357,0
363358,0
363359,0
363360,0
363361,0
363362,0
363363,0
363364,0
363365,0
363366,0
363367,0
363368,0
363369,0
363370,0
363371,0
363372,0
363373,0
363374,0
363375,0
363376,0
363377,0
363378,0
363379,0
363380,0
363381,0
363382,0
363383,0
363384,0
363385,0
363386,0
363387,0
363388,0
363389,0
363390,0
363391,0
363392,0
363393,0
363394,0
363395,0
363396,0
363397,0
363398,0
363399,0
363400,0
363401,0
363402,0
363403,0
363404,0
363405,0
363406,0
363407,0
363408,0
363409,0
363410,0
363411,0
363412,0
363413,0
363414,0
363415,0
363416,0
363417,0
363418,0
363419,0
363420,0
363421,0
363422,0
363423,0
363424,0
363425,0
363426,0
363427,0
363428,0
363429,0
363430,0
363431,0
363432,0
363433,0
363434,0
363435,0
363436,0
363437,0
363438,0
363439,0
363440,0
363441,0
363442,0
363443,0
363444,0
363445,0
363446,0
363447,0
363448,0
363449,0
363450,0
363451,0
363452,0
363453,0
363454,0
363455,0
363456,0
363457,0
363458,0
363459,0
363460,0
363461,0
363462,0
363463,0
363464,0
363465,0
363466,0
363467,0
363468,0
363469,0
363470,0
363471,0
363472,0
363473,0
363474,0
363475,0
363476,0
363477,0
363478,0
363479,0
363480,0
363481,0
363482,0
363483,0
363484,0
363485,0
363486,0
363487,0
363488,0
363489,0
363490,0
363491,0
363492,0
363493,0
363494,0
363495,0
363496,0
363497,0
363498,0
363499,0
363500,0
363501,0
363502,0
363503,0
363504,0
363505,0
363506,0
363507,0
363508,0
363509,0
363510,0
363511,0
363512,0
363513,0
363514,0
363515,0
363516,0
363517,0
363518,0
363519,0
363520,0
363521,0
363522,0
363523,0
363524,0
363525,0
363526,0
363527,0
363528,0
363529,0
363530,0
363531,0
363532,0
363533,0
363534,0
363535,0
363536,0
363537,0
363538,0
363539,0
363540,0
363541,0
363542,0
363543,0
363544,0
363545,0
363546,0
363547,0
363548,0
363549,0
363550,0
363551,0
363552,0
363553,0
363554,0
363555,0
363556,0
363557,0
363558,0
363559,0
363560,0
363561,0
363562,0
363563,0
363564,0
363565,0
363566,0
363567,0
363568,0
363569,0
363570,0
363571,0
363572,0
363573,0
363574,0
363575,0
363576,0
363577,0
363578,0
363579,0
363580,0
363581,0
363582,0
363583,0
363584,0
363585,0
363586,0
363587,0
363588,0
363589,0
363590,0
363591,0
363592,0
363593,0
363594,0
363595,0
363596,0
363597,0
363598,0
363599,0
363600,0
363601,0
363602,0
363603,0
363604,0
363605,0
363606,0
363607,0
363608,0
363609,0
363610,0
363611,0
363612,0
363613,0
363614,0
363615,0
363616,0
363617,0
363618,0
363619,0
363620,0
363621,0
363622,0
363623,0
363624,0
363625,0
363626,0
363627,0
363628,0
363629,0
363630,0
363631,0
363632,0
363633,0
363634,0
363635,0
363636,0
363637,0
363638,0
363639,0
363640,0
363641,0
363642,0
363643,0
363644,0
363645,0
363646,0
363647,0
363648,0
363649,0
363650,0
363651,0
363652,0
363653,0
363654,0
363655,0
363656,0
363657,0
363658,0
363659,0
363660,0
363661,0
363662,0
363663,0
363664,0
363665,0
363666,0
363667,0
363668,0
363669,0
363670,0
363671,0
363672,0
363673,0
363674,0
363675,0
363676,0
363677,0
363678,0
363679,0
363680,0
363681,0
363682,0
363683,0
363684,0
363685,0
363686,0
363687,0
363688,0
363689,0
363690,0
363691,0
363692,0
363693,0
363694,0
363695,0
363696,0
363697,0
363698,0
363699,0
363700,0
363701,0
363702,0
363703,0
363704,0
363705,0
363706,0
363707,0
363708,0
363709,0
363710,0
363711,0
363712,0
363713,0
363714,0
363715,0
363716,0
363717,0
363718,0
363719,0
363720,0
363721,0
363722,0
363723,0
363724,0
363725,0
363726,0
363727,0
363728,0
363729,0
363730,0
363731,0
363732,0
363733,0
363734,0
363735,0
363736,0
363737,0
363738,0
363739,0
363740,0
363741,0
363742,0
363743,0
363744,0
363745,0
363746,0
363747,0
363748,0
363749,0
363750,0
363751,0
363752,0
363753,0
363754,0
363755,0
363756,0
363757,0
363758,0
363759,0
363760,0
363761,0
363762,0
363763,0
363764,0
363765,0
363766,0
363767,0
363768,0
363769,0
363770,0
363771,0
363772,0
363773,0
363774,0
363775,0
363776,0
363777,0
363778,0
363779,0
363780,0
363781,0
363782,0
363783,0
363784,0
363785,0
363786,0
363787,0
363788,0
363789,0
363790,0
363791,0
363792,0
363793,0
363794,0
363795,0
363796,0
363797,0
363798,0
363799,0
363800,0
363801,0
363802,0
363803,0
363804,0
363805,0
363806,0
363807,0
363808,0
363809,0
363810,0
363811,0
363812,0
363813,0
363814,0
363815,0
363816,0
363817,0
363818,0
363819,0
363820,0
363821,0
363822,0
363823,0
363824,0
363825,0
363826,0
363827,0
363828,0
363829,0
363830,0
363831,0
363832,0
363833,0
363834,0
363835,0
363836,0
363837,0
363838,0
363839,0
363840,0
363841,0
363842,0
363843,0
363844,0
363845,0
363846,0
363847,0
363848,0
363849,0
363850,0
363851,0
363852,0
363853,0
363854,0
363855,0
363856,0
363857,0
363858,0
363859,0
363860,0
363861,0
363862,0
363863,0
363864,0
363865,0
363866,0
363867,0
363868,0
363869,0
363870,0
363871,0
363872,0
363873,0
363874,0
363875,0
363876,0
363877,0
363878,0
363879,0
363880,0
363881,0
363882,0
363883,0
363884,0
363885,0
363886,0
363887,0
363888,0
363889,0
363890,0
363891,0
363892,0
363893,0
363894,0
363895,0
363896,0
363897,0
363898,0
363899,0
363900,0
363901,0
363902,0
363903,0
363904,0
363905,0
363906,0
363907,0
363908,0
363909,0
363910,0
363911,0
363912,0
363913,0
363914,0
363915,0
363916,0
363917,0
363918,0
363919,0
363920,0
363921,0
363922,0
363923,0
363924,0
363925,0
363926,0
363927,0
363928,0
363929,0
363930,0
363931,0
363932,0
363933,0
363934,0
363935,0
363936,0
363937,0
363938,0
363939,0
363940,0
363941,0
363942,0
363943,0
363944,0
363945,0
363946,0
363947,0
363948,0
363949,0
363950,0
363951,0
363952,0
363953,0
363954,0
363955,0
363956,0
363957,0
363958,0
363959,0
363960,0
363961,0
363962,0
363963,0
363964,0
363965,0
363966,0
363967,0
363968,0
363969,0
363970,0
363971,0
363972,0
363973,0
363974,0
363975,0
363976,0
363977,0
363978,0
363979,0
363980,0
363981,0
363982,0
363983,0
363984,0
363985,0
363986,0
363987,0
363988,0
363989,0
363990,0
363991,0
363992,0
363993,0
363994,0
363995,0
363996,0
363997,0
363998,0
363999,0
364000,0
364001,0
364002,0
364003,0
364004,0
364005,0
364006,0
364007,0
364008,0
364009,0
364010,0
364011,0
364012,0
364013,0
364014,0
364015,0
364016,0
364017,0
364018,0
364019,0
364020,0
364021,0
364022,0
364023,0
364024,0
364025,0
364026,0
364027,0
364028,0
364029,0
364030,0
364031,0
364032,0
364033,0
364034,0
364035,0
364036,0
364037,0
364038,0
364039,0
364040,0
364041,0
364042,0
364043,0
364044,0
364045,0
364046,0
364047,0
364048,0
364049,0
364050,0
364051,0
364052,0
364053,0
364054,0
364055,0
364056,0
364057,0
364058,0
364059,0
364060,0
364061,0
364062,0
364063,0
364064,0
364065,0
364066,0
364067,0
364068,0
364069,0
364070,0
364071,0
364072,0
364073,0
364074,0
364075,0
364076,0
364077,0
364078,0
364079,0
364080,0
364081,0
364082,0
364083,0
364084,0
364085,0
364086,0
364087,0
364088,0
364089,0
364090,0
364091,0
364092,0
364093,0
364094,0
364095,0
364096,0
364097,0
364098,0
364099,0
364100,0
364101,0
364102,0
364103,0
364104,0
364105,0
364106,0
364107,0
364108,0
364109,0
364110,0
364111,0
364112,0
364113,0
364114,0
364115,0
364116,0
364117,0
364118,0
364119,0
364120,0
364121,0
364122,0
364123,0
364124,0
364125,0
364126,0
364127,0
364128,0
364129,0
364130,0
364131,0
364132,0
364133,0
364134,0
364135,0
364136,0
364137,0
364138,0
364139,0
364140,0
364141,0
364142,0
364143,0
364144,0
364145,0
364146,0
364147,0
364148,0
364149,0
364150,0
364151,0
364152,0
364153,0
364154,0
364155,0
364156,0
364157,0
364158,0
364159,0
364160,0
364161,0
364162,0
364163,0
364164,0
364165,0
364166,0
364167,0
364168,0
364169,0
364170,0
364171,0
364172,0
364173,0
364174,0
364175,0
364176,0
364177,0
364178,0
364179,0
364180,0
364181,0
364182,0
364183,0
364184,0
364185,0
364186,0
364187,0
364188,0
364189,0
364190,0
364191,0
364192,0
364193,0
364194,0
364195,0
364196,0
364197,0
364198,0
364199,0
364200,0
364201,0
364202,0
364203,0
364204,0
364205,0
364206,0
364207,0
364208,0
364209,0
364210,0
364211,0
364212,0
364213,0
364214,0
364215,0
364216,0
364217,0
364218,0
364219,0
364220,0
364221,0
364222,0
364223,0
364224,0
364225,0
364226,0
364227,0
364228,0
364229,0
364230,0
364231,0
364232,0
364233,0
364234,0
364235,0
364236,0
364237,0
364238,0
364239,0
364240,0
364241,0
364242,0
364243,0
364244,0
364245,0
364246,0
364247,0
364248,0
364249,0
364250,0
364251,0
364252,0
364253,0
364254,0
364255,0
364256,0
364257,0
364258,0
364259,0
364260,0
364261,0
364262,0
364263,0
364264,0
364265,0
364266,0
364267,0
364268,0
364269,0
364270,0
364271,0
364272,0
364273,0
364274,0
364275,0
364276,0
364277,0
364278,0
364279,0
364280,0
364281,0
364282,0
364283,0
364284,0
364285,0
364286,0
364287,0
364288,0
364289,0
364290,0
364291,0
364292,0
364293,0
364294,0
364295,0
364296,0
364297,0
364298,0
364299,0
364300,0
364301,0
364302,0
364303,0
364304,0
364305,0
364306,0
364307,0
364308,0
364309,0
364310,0
364311,0
364312,0
364313,0
364314,0
364315,0
364316,0
364317,0
364318,0
364319,0
364320,0
364321,0
364322,0
364323,0
364324,0
364325,0
364326,0
364327,0
364328,0
364329,0
364330,0
364331,0
364332,0
364333,0
364334,0
364335,0
364336,0
364337,0
364338,0
364339,0
364340,0
364341,0
364342,0
364343,0
364344,0
364345,0
364346,0
364347,0
364348,0
364349,0
364350,0
364351,0
364352,0
364353,0
364354,0
364355,0
364356,0
364357,0
364358,0
364359,0
364360,0
364361,0
364362,0
364363,0
364364,0
364365,0
364366,0
364367,0
364368,0
364369,0
364370,0
364371,0
364372,0
364373,0
364374,0
364375,0
364376,0
364377,0
364378,0
364379,0
364380,0
364381,0
364382,0
364383,0
364384,0
364385,0
364386,0
364387,0
364388,0
364389,0
364390,0
364391,0
364392,0
364393,0
364394,0
364395,0
364396,0
364397,0
364398,0
364399,0
364400,0
364401,0
364402,0
364403,0
364404,0
364405,0
364406,0
364407,0
364408,0
364409,0
364410,0
364411,0
364412,0
364413,0
364414,0
364415,0
364416,0
364417,0
364418,0
364419,0
364420,0
364421,0
364422,0
364423,0
364424,0
364425,0
364426,0
364427,0
364428,0
364429,0
364430,0
364431,0
364432,0
364433,0
364434,0
364435,0
364436,0
364437,0
364438,0
364439,0
364440,0
364441,0
364442,0
364443,0
364444,0
364445,0
364446,0
364447,0
364448,0
364449,0
364450,0
364451,0
364452,0
364453,0
364454,0
364455,0
364456,0
364457,0
364458,0
364459,0
364460,0
364461,0
364462,0
364463,0
364464,0
364465,0
364466,0
364467,0
364468,0
364469,0
364470,0
364471,0
364472,0
364473,0
364474,0
364475,0
364476,0
364477,0
364478,0
364479,0
364480,0
364481,0
364482,0
364483,0
364484,0
364485,0
364486,0
364487,0
364488,0
364489,0
364490,0
364491,0
364492,0
364493,0
364494,0
364495,0
364496,0
364497,0
364498,0
364499,0
364500,0
364501,0
364502,0
364503,0
364504,0
364505,0
364506,0
364507,0
364508,0
364509,0
364510,0
364511,0
364512,0
364513,0
364514,0
364515,0
364516,0
364517,0
364518,0
364519,0
364520,0
364521,0
364522,0
364523,0
364524,0
364525,0
364526,0
364527,0
364528,0
364529,0
364530,0
364531,0
364532,0
364533,0
364534,0
364535,0
364536,0
364537,0
364538,0
364539,0
364540,0
364541,0
364542,0
364543,0
364544,0
364545,0
364546,0
364547,0
364548,0
364549,0
364550,0
364551,0
364552,0
364553,0
364554,0
364555,0
364556,0
364557,0
364558,0
364559,0
364560,0
364561,0
364562,0
364563,0
364564,0
364565,0
364566,0
364567,0
364568,0
364569,0
364570,0
364571,0
364572,0
364573,0
364574,0
364575,0
364576,0
364577,0
364578,0
364579,0
364580,0
364581,0
364582,0
364583,0
364584,0
364585,0
364586,0
364587,0
364588,0
364589,0
364590,0
364591,0
364592,0
364593,0
364594,0
364595,0
364596,0
364597,0
364598,0
364599,0
364600,0
364601,0
364602,0
364603,0
364604,0
364605,0
364606,0
364607,0
364608,0
364609,0
364610,0
364611,0
364612,0
364613,0
364614,0
364615,0
364616,0
364617,0
364618,0
364619,0
364620,0
364621,0
364622,0
364623,0
364624,0
364625,0
364626,0
364627,0
364628,0
364629,0
364630,0
364631,0
364632,0
364633,0
364634,0
364635,0
364636,0
364637,0
364638,0
364639,0
364640,0
364641,0
364642,0
364643,0
364644,0
364645,0
364646,0
364647,0
364648,0
364649,0
364650,0
364651,0
364652,0
364653,0
364654,0
364655,0
364656,0
364657,0
364658,0
364659,0
364660,0
364661,0
364662,0
364663,0
364664,0
364665,0
364666,0
364667,0
364668,0
364669,0
364670,0
364671,0
364672,0
364673,0
364674,0
364675,0
364676,0
364677,0
364678,0
364679,0
364680,0
364681,0
364682,0
364683,0
364684,0
364685,0
364686,0
364687,0
364688,0
364689,0
364690,0
364691,0
364692,0
364693,0
364694,0
364695,0
364696,0
364697,0
364698,0
364699,0
364700,0
364701,0
364702,0
364703,0
364704,0
364705,0
364706,0
364707,0
364708,0
364709,0
364710,0
364711,0
364712,0
364713,0
364714,0
364715,0
364716,0
364717,0
364718,0
364719,0
364720,0
364721,0
364722,0
364723,0
364724,0
364725,0
364726,0
364727,0
364728,0
364729,0
364730,0
364731,0
364732,0
364733,0
364734,0
364735,0
364736,0
364737,0
364738,0
364739,0
364740,0
364741,0
364742,0
364743,0
364744,0
364745,0
364746,0
364747,0
364748,0
364749,0
364750,0
364751,0
364752,0
364753,0
364754,0
364755,0
364756,0
364757,0
364758,0
364759,0
364760,0
364761,0
364762,0
364763,0
364764,0
364765,0
364766,0
364767,0
364768,0
364769,0
364770,0
364771,0
364772,0
364773,0
364774,0
364775,0
364776,0
364777,0
364778,0
364779,0
364780,0
364781,0
364782,0
364783,0
364784,0
364785,0
364786,0
364787,0
364788,0
364789,0
364790,0
364791,0
364792,0
364793,0
364794,0
364795,0
364796,0
364797,0
364798,0
364799,0
364800,0
364801,0
364802,0
364803,0
364804,0
364805,0
364806,0
364807,0
364808,0
364809,0
364810,0
364811,0
364812,0
364813,0
364814,0
364815,0
364816,0
364817,0
364818,0
364819,0
364820,0
364821,0
364822,0
364823,0
364824,0
364825,0
364826,0
364827,0
364828,0
364829,0
364830,0
364831,0
364832,0
364833,0
364834,0
364835,0
364836,0
364837,0
364838,0
364839,0
364840,0
364841,0
364842,0
364843,0
364844,0
364845,0
364846,0
364847,0
364848,0
364849,0
364850,0
364851,0
364852,0
364853,0
364854,0
364855,0
364856,0
364857,0
364858,0
364859,0
364860,0
364861,0
364862,0
364863,0
364864,0
364865,0
364866,0
364867,0
364868,0
364869,0
364870,0
364871,0
364872,0
364873,0
364874,0
364875,0
364876,0
364877,0
364878,0
364879,0
364880,0
364881,0
364882,0
364883,0
364884,0
364885,0
364886,0
364887,0
364888,0
364889,0
364890,0
364891,0
364892,0
364893,0
364894,0
364895,0
364896,0
364897,0
364898,0
364899,0
364900,0
364901,0
364902,0
364903,0
364904,0
364905,0
364906,0
364907,0
364908,0
364909,0
364910,0
364911,0
364912,0
364913,0
364914,0
364915,0
364916,0
364917,0
364918,0
364919,0
364920,0
364921,0
364922,0
364923,0
364924,0
364925,0
364926,0
364927,0
364928,0
364929,0
364930,0
364931,0
364932,0
364933,0
364934,0
364935,0
364936,0
364937,0
364938,0
364939,0
364940,0
364941,0
364942,0
364943,0
364944,0
364945,0
364946,0
364947,0
364948,0
364949,0
364950,0
364951,0
364952,0
364953,0
364954,0
364955,0
364956,0
364957,0
364958,0
364959,0
364960,0
364961,0
364962,0
364963,0
364964,0
364965,0
364966,0
364967,0
364968,0
364969,0
364970,0
364971,0
364972,0
364973,0
364974,0
364975,0
364976,0
364977,0
364978,0
364979,0
364980,0
364981,0
364982,0
364983,0
364984,0
364985,0
364986,0
364987,0
364988,0
364989,0
364990,0
364991,0
364992,0
364993,0
364994,0
364995,0
364996,0
364997,0
364998,0
364999,0
365000,0
365001,0
365002,0
365003,0
365004,0
365005,0
365006,0
365007,0
365008,0
365009,0
365010,0
365011,0
365012,0
365013,0
365014,0
365015,0
365016,0
365017,0
365018,0
365019,0
365020,0
365021,0
365022,0
365023,0
365024,0
365025,0
365026,0
365027,0
365028,0
365029,0
365030,0
365031,0
365032,0
365033,0
365034,0
365035,0
365036,0
365037,0
365038,0
365039,0
365040,0
365041,0
365042,0
365043,0
365044,0
365045,0
365046,0
365047,0
365048,0
365049,0
365050,0
365051,0
365052,0
365053,0
365054,0
365055,0
365056,0
365057,0
365058,0
365059,0
365060,0
365061,0
365062,0
365063,0
365064,0
365065,0
365066,0
365067,0
365068,0
365069,0
365070,0
365071,0
365072,0
365073,0
365074,0
365075,0
365076,0
365077,0
365078,0
365079,0
365080,0
365081,0
365082,0
365083,0
365084,0
365085,0
365086,0
365087,0
365088,0
365089,0
365090,0
365091,0
365092,0
365093,0
365094,0
365095,0
365096,0
365097,0
365098,0
365099,0
365100,0
365101,0
365102,0
365103,0
365104,0
365105,0
365106,0
365107,0
365108,0
365109,0
365110,0
365111,0
365112,0
365113,0
365114,0
365115,0
365116,0
365117,0
365118,0
365119,0
365120,0
365121,0
365122,0
365123,0
365124,0
365125,0
365126,0
365127,0
365128,0
365129,0
365130,0
365131,0
365132,0
365133,0
365134,0
365135,0
365136,0
365137,0
365138,0
365139,0
365140,0
365141,0
365142,0
365143,0
365144,0
365145,0
365146,0
365147,0
365148,0
365149,0
365150,0
365151,0
365152,0
365153,0
365154,0
365155,0
365156,0
365157,0
365158,0
365159,0
365160,0
365161,0
365162,0
365163,0
365164,0
365165,0
365166,0
365167,0
365168,0
365169,0
365170,0
365171,0
365172,0
365173,0
365174,0
365175,0
365176,0
365177,0
365178,0
365179,0
365180,0
365181,0
365182,0
365183,0
365184,0
365185,0
365186,0
365187,0
365188,0
365189,0
365190,0
365191,0
365192,0
365193,0
365194,0
365195,0
365196,0
365197,0
365198,0
365199,0
365200,0
365201,0
365202,0
365203,0
365204,0
365205,0
365206,0
365207,0
365208,0
365209,0
365210,0
365211,0
365212,0
365213,0
365214,0
365215,0
365216,0
365217,0
365218,0
365219,0
365220,0
365221,0
365222,0
365223,0
365224,0
365225,0
365226,0
365227,0
365228,0
365229,0
365230,0
365231,0
365232,0
365233,0
365234,0
365235,0
365236,0
365237,0
365238,0
365239,0
365240,0
365241,0
365242,0
365243,0
365244,0
365245,0
365246,0
365247,0
365248,0
365249,0
365250,0
365251,0
365252,0
365253,0
365254,0
365255,0
365256,0
365257,0
365258,0
365259,0
365260,0
365261,0
365262,0
365263,0
365264,0
365265,0
365266,0
365267,0
365268,0
365269,0
365270,0
365271,0
365272,0
365273,0
365274,0
365275,0
365276,0
365277,0
365278,0
365279,0
365280,0
365281,0
365282,0
365283,0
365284,0
365285,0
365286,0
365287,0
365288,0
365289,0
365290,0
365291,0
365292,0
365293,0
365294,0
365295,0
365296,0
365297,0
365298,0
365299,0
365300,0
365301,0
365302,0
365303,0
365304,0
365305,0
365306,0
365307,0
365308,0
365309,0
365310,0
365311,0
365312,0
365313,0
365314,0
365315,0
365316,0
365317,0
365318,0
365319,0
365320,0
365321,0
365322,0
365323,0
365324,0
365325,0
365326,0
365327,0
365328,0
365329,0
365330,0
365331,0
365332,0
365333,0
365334,0
365335,0
365336,0
365337,0
365338,0
365339,0
365340,0
365341,0
365342,0
365343,0
365344,0
365345,0
365346,0
365347,0
365348,0
365349,0
365350,0
365351,0
365352,0
365353,0
365354,0
365355,0
365356,0
365357,0
365358,0
365359,0
365360,0
365361,0
365362,0
365363,0
365364,0
365365,0
365366,0
365367,0
365368,0
365369,0
365370,0
365371,0
365372,0
365373,0
365374,0
365375,0
365376,0
365377,0
365378,0
365379,0
365380,0
365381,0
365382,0
365383,0
365384,0
365385,0
365386,0
365387,0
365388,0
365389,0
365390,0
365391,0
365392,0
365393,0
365394,0
365395,0
365396,0
365397,0
365398,0
365399,0
365400,0
365401,0
365402,0
365403,0
365404,0
365405,0
365406,0
365407,0
365408,0
365409,0
365410,0
365411,0
365412,0
365413,0
365414,0
365415,0
365416,0
365417,0
365418,0
365419,0
365420,0
365421,0
365422,0
365423,0
365424,0
365425,0
365426,0
365427,0
365428,0
365429,0
365430,0
365431,0
365432,0
365433,0
365434,0
365435,0
365436,0
365437,0
365438,0
365439,0
365440,0
365441,0
365442,0
365443,0
365444,0
365445,0
365446,0
365447,0
365448,0
365449,0
365450,0
365451,0
365452,0
365453,0
365454,0
365455,0
365456,0
365457,0
365458,0
365459,0
365460,0
365461,0
365462,0
365463,0
365464,0
365465,0
365466,0
365467,0
365468,0
365469,0
365470,0
365471,0
365472,0
365473,0
365474,0
365475,0
365476,0
365477,0
365478,0
365479,0
365480,0
365481,0
365482,0
365483,0
365484,0
365485,0
365486,0
365487,0
365488,0
365489,0
365490,0
365491,0
365492,0
365493,0
365494,0
365495,0
365496,0
365497,0
365498,0
365499,0
365500,0
365501,0
365502,0
365503,0
365504,0
365505,0
365506,0
365507,0
365508,0
365509,0
365510,0
365511,0
365512,0
365513,0
365514,0
365515,0
365516,0
365517,0
365518,0
365519,0
365520,0
365521,0
365522,0
365523,0
365524,0
365525,0
365526,0
365527,0
365528,0
365529,0
365530,0
365531,0
365532,0
365533,0
365534,0
365535,0
365536,0
365537,0
365538,0
365539,0
365540,0
365541,0
365542,0
365543,0
365544,0
365545,0
365546,0
365547,0
365548,0
365549,0
365550,0
365551,0
365552,0
365553,0
365554,0
365555,0
365556,0
365557,0
365558,0
365559,0
365560,0
365561,0
365562,0
365563,0
365564,0
365565,0
365566,0
365567,0
365568,0
365569,0
365570,0
365571,0
365572,0
365573,0
365574,0
365575,0
365576,0
365577,0
365578,0
365579,0
365580,0
365581,0
365582,0
365583,0
365584,0
365585,0
365586,0
365587,0
365588,0
365589,0
365590,0
365591,0
365592,0
365593,0
365594,0
365595,0
365596,0
365597,0
365598,0
365599,0
365600,0
365601,0
365602,0
365603,0
365604,0
365605,0
365606,0
365607,0
365608,0
365609,0
365610,0
365611,0
365612,0
365613,0
365614,0
365615,0
365616,0
365617,0
365618,0
365619,0
365620,0
365621,0
365622,0
365623,0
365624,0
365625,0
365626,0
365627,0
365628,0
365629,0
365630,0
365631,0
365632,0
365633,0
365634,0
365635,0
365636,0
365637,0
365638,0
365639,0
365640,0
365641,0
365642,0
365643,0
365644,0
365645,0
365646,0
365647,0
365648,0
365649,0
365650,0
365651,0
365652,0
365653,0
365654,0
365655,0
365656,0
365657,0
365658,0
365659,0
365660,0
365661,0
365662,0
365663,0
365664,0
365665,0
365666,0
365667,0
365668,0
365669,0
365670,0
365671,0
365672,0
365673,0
365674,0
365675,0
365676,0
365677,0
365678,0
365679,0
365680,0
365681,0
365682,0
365683,0
365684,0
365685,0
365686,0
365687,0
365688,0
365689,0
365690,0
365691,0
365692,0
365693,0
365694,0
365695,0
365696,0
365697,0
365698,0
365699,0
365700,0
365701,0
365702,0
365703,0
365704,0
365705,0
365706,0
365707,0
365708,0
365709,0
365710,0
365711,0
365712,0
365713,0
365714,0
365715,0
365716,0
365717,0
365718,0
365719,0
365720,0
365721,0
365722,0
365723,0
365724,0
365725,0
365726,0
365727,0
365728,0
365729,0
365730,0
365731,0
365732,0
365733,0
365734,0
365735,0
365736,0
365737,0
365738,0
365739,0
365740,0
365741,0
365742,0
365743,0
365744,0
365745,0
365746,0
365747,0
365748,0
365749,0
365750,0
365751,0
365752,0
365753,0
365754,0
365755,0
365756,0
365757,0
365758,0
365759,0
365760,0
365761,0
365762,0
365763,0
365764,0
365765,0
365766,0
365767,0
365768,0
365769,0
365770,0
365771,0
365772,0
365773,0
365774,0
365775,0
365776,0
365777,0
365778,0
365779,0
365780,0
365781,0
365782,0
365783,0
365784,0
365785,0
365786,0
365787,0
365788,0
365789,0
365790,0
365791,0
365792,0
365793,0
365794,0
365795,0
365796,0
365797,0
365798,0
365799,0
365800,0
365801,0
365802,0
365803,0
365804,0
365805,0
365806,0
365807,0
365808,0
365809,0
365810,0
365811,0
365812,0
365813,0
365814,0
365815,0
365816,0
365817,0
365818,0
365819,0
365820,0
365821,0
365822,0
365823,0
365824,0
365825,0
365826,0
365827,0
365828,0
365829,0
365830,0
365831,0
365832,0
365833,0
365834,0
365835,0
365836,0
365837,0
365838,0
365839,0
365840,0
365841,0
365842,0
365843,0
365844,0
365845,0
365846,0
365847,0
365848,0
365849,0
365850,0
365851,0
365852,0
365853,0
365854,0
365855,0
365856,0
365857,0
365858,0
365859,0
365860,0
365861,0
365862,0
365863,0
365864,0
365865,0
365866,0
365867,0
365868,0
365869,0
365870,0
365871,0
365872,0
365873,0
365874,0
365875,0
365876,0
365877,0
365878,0
365879,0
365880,0
365881,0
365882,0
365883,0
365884,0
365885,0
365886,0
365887,0
365888,0
365889,0
365890,0
365891,0
365892,0
365893,0
365894,0
365895,0
365896,0
365897,0
365898,0
365899,0
365900,0
365901,0
365902,0
365903,0
365904,0
365905,0
365906,0
365907,0
365908,0
365909,0
365910,0
365911,0
365912,0
365913,0
365914,0
365915,0
365916,0
365917,0
365918,0
365919,0
365920,0
365921,0
365922,0
365923,0
365924,0
365925,0
365926,0
365927,0
365928,0
365929,0
365930,0
365931,0
365932,0
365933,0
365934,0
365935,0
365936,0
365937,0
365938,0
365939,0
365940,0
365941,0
365942,0
365943,0
365944,0
365945,0
365946,0
365947,0
365948,0
365949,0
365950,0
365951,0
365952,0
365953,0
365954,0
365955,0
365956,0
365957,0
365958,0
365959,0
365960,0
365961,0
365962,0
365963,0
365964,0
365965,0
365966,0
365967,0
365968,0
365969,0
365970,0
365971,0
365972,0
365973,0
365974,0
365975,0
365976,0
365977,0
365978,0
365979,0
365980,0
365981,0
365982,0
365983,0
365984,0
365985,0
365986,0
365987,0
365988,0
365989,0
365990,0
365991,0
365992,0
365993,0
365994,0
365995,0
365996,0
365997,0
365998,0
365999,0
366000,0
366001,0
366002,0
366003,0
366004,0
366005,0
366006,0
366007,0
366008,0
366009,0
366010,0
366011,0
366012,0
366013,0
366014,0
366015,0
366016,0
366017,0
366018,0
366019,0
366020,0
366021,0
366022,0
366023,0
366024,0
366025,0
366026,0
366027,0
366028,0
366029,0
366030,0
366031,0
366032,0
366033,0
366034,0
366035,0
366036,0
366037,0
366038,0
366039,0
366040,0
366041,0
366042,0
366043,0
366044,0
366045,0
366046,0
366047,0
366048,0
366049,0
366050,0
366051,0
366052,0
366053,0
366054,0
366055,0
366056,0
366057,0
366058,0
366059,0
366060,0
366061,0
366062,0
366063,0
366064,0
366065,0
366066,0
366067,0
366068,0
366069,0
366070,0
366071,0
366072,0
366073,0
366074,0
366075,0
366076,0
366077,0
366078,0
366079,0
366080,0
366081,0
366082,0
366083,0
366084,0
366085,0
366086,0
366087,0
366088,0
366089,0
366090,0
366091,0
366092,0
366093,0
366094,0
366095,0
366096,0
366097,0
366098,0
366099,0
366100,0
366101,0
366102,0
366103,0
366104,0
366105,0
366106,0
366107,0
366108,0
366109,0
366110,0
366111,0
366112,0
366113,0
366114,0
366115,0
366116,0
366117,0
366118,0
366119,0
366120,0
366121,0
366122,0
366123,0
366124,0
366125,0
366126,0
366127,0
366128,0
366129,0
366130,0
366131,0
366132,0
366133,0
366134,0
366135,0
366136,0
366137,0
366138,0
366139,0
366140,0
366141,0
366142,0
366143,0
366144,0
366145,0
366146,0
366147,0
366148,0
366149,0
366150,0
366151,0
366152,0
366153,0
366154,0
366155,0
366156,0
366157,0
366158,0
366159,0
366160,0
366161,0
366162,0
366163,0
366164,0
366165,0
366166,0
366167,0
366168,0
366169,0
366170,0
366171,0
366172,0
366173,0
366174,0
366175,0
366176,0
366177,0
366178,0
366179,0
366180,0
366181,0
366182,0
366183,0
366184,0
366185,0
366186,0
366187,0
366188,0
366189,0
366190,0
366191,0
366192,0
366193,0
366194,0
366195,0
366196,0
366197,0
366198,0
366199,0
366200,0
366201,0
366202,0
366203,0
366204,0
366205,0
366206,0
366207,0
366208,0
366209,0
366210,0
366211,0
366212,0
366213,0
366214,0
366215,0
366216,0
366217,0
366218,0
366219,0
366220,0
366221,0
366222,0
366223,0
366224,0
366225,0
366226,0
366227,0
366228,0
366229,0
366230,0
366231,0
366232,0
366233,0
366234,0
366235,0
366236,0
366237,0
366238,0
366239,0
366240,0
366241,0
366242,0
366243,0
366244,0
366245,0
366246,0
366247,0
366248,0
366249,0
366250,0
366251,0
366252,0
366253,0
366254,0
366255,0
366256,0
366257,0
366258,0
366259,0
366260,0
366261,0
366262,0
366263,0
366264,0
366265,0
366266,0
366267,0
366268,0
366269,0
366270,0
366271,0
366272,0
366273,0
366274,0
366275,0
366276,0
366277,0
366278,0
366279,0
366280,0
366281,0
366282,0
366283,0
366284,0
366285,0
366286,0
366287,0
366288,0
366289,0
366290,0
366291,0
366292,0
366293,0
366294,0
366295,0
366296,0
366297,0
366298,0
366299,0
366300,0
366301,0
366302,0
366303,0
366304,0
366305,0
366306,0
366307,0
366308,0
366309,0
366310,0
366311,0
366312,0
366313,0
366314,0
366315,0
366316,0
366317,0
366318,0
366319,0
366320,0
366321,0
366322,0
366323,0
366324,0
366325,0
366326,0
366327,0
366328,0
366329,0
366330,0
366331,0
366332,0
366333,0
366334,0
366335,0
366336,0
366337,0
366338,0
366339,0
366340,0
366341,0
366342,0
366343,0
366344,0
366345,0
366346,0
366347,0
366348,0
366349,0
366350,0
366351,0
366352,0
366353,0
366354,0
366355,0
366356,0
366357,0
366358,0
366359,0
366360,0
366361,0
366362,0
366363,0
366364,0
366365,0
366366,0
366367,0
366368,0
366369,0
366370,0
366371,0
366372,0
366373,0
366374,0
366375,0
366376,0
366377,0
366378,0
366379,0
366380,0
366381,0
366382,0
366383,0
366384,0
366385,0
366386,0
366387,0
366388,0
366389,0
366390,0
366391,0
366392,0
366393,0
366394,0
366395,0
366396,0
366397,0
366398,0
366399,0
366400,0
366401,0
366402,0
366403,0
366404,0
366405,0
366406,0
366407,0
366408,0
366409,0
366410,0
366411,0
366412,0
366413,0
366414,0
366415,0
366416,0
366417,0
366418,0
366419,0
366420,0
366421,0
366422,0
366423,0
366424,0
366425,0
366426,0
366427,0
366428,0
366429,0
366430,0
366431,0
366432,0
366433,0
366434,0
366435,0
366436,0
366437,0
366438,0
366439,0
366440,0
366441,0
366442,0
366443,0
366444,0
366445,0
366446,0
366447,0
366448,0
366449,0
366450,0
366451,0
366452,0
366453,0
366454,0
366455,0
366456,0
366457,0
366458,0
366459,0
366460,0
366461,0
366462,0
366463,0
366464,0
366465,0
366466,0
366467,0
366468,0
366469,0
366470,0
366471,0
366472,0
366473,0
366474,0
366475,0
366476,0
366477,0
366478,0
366479,0
366480,0
366481,0
366482,0
366483,0
366484,0
366485,0
366486,0
366487,0
366488,0
366489,0
366490,0
366491,0
366492,0
366493,0
366494,0
366495,0
366496,0
366497,0
366498,0
366499,0
366500,0
366501,0
366502,0
366503,0
366504,0
366505,0
366506,0
366507,0
366508,0
366509,0
366510,0
366511,0
366512,0
366513,0
366514,0
366515,0
366516,0
366517,0
366518,0
366519,0
366520,0
366521,0
366522,0
366523,0
366524,0
366525,0
366526,0
366527,0
366528,0
366529,0
366530,0
366531,0
366532,0
366533,0
366534,0
366535,0
366536,0
366537,0
366538,0
366539,0
366540,0
366541,0
366542,0
366543,0
366544,0
366545,0
366546,0
366547,0
366548,0
366549,0
366550,0
366551,0
366552,0
366553,0
366554,0
366555,0
366556,0
366557,0
366558,0
366559,0
366560,0
366561,0
366562,0
366563,0
366564,0
366565,0
366566,0
366567,0
366568,0
366569,0
366570,0
366571,0
366572,0
366573,0
366574,0
366575,0
366576,0
366577,0
366578,0
366579,0
366580,0
366581,0
366582,0
366583,0
366584,0
366585,0
366586,0
366587,0
366588,0
366589,0
366590,0
366591,0
366592,0
366593,0
366594,0
366595,0
366596,0
366597,0
366598,0
366599,0
366600,0
366601,0
366602,0
366603,0
366604,0
366605,0
366606,0
366607,0
366608,0
366609,0
366610,0
366611,0
366612,0
366613,0
366614,0
366615,0
366616,0
366617,0
366618,0
366619,0
366620,0
366621,0
366622,0
366623,0
366624,0
366625,0
366626,0
366627,0
366628,0
366629,0
366630,0
366631,0
366632,0
366633,0
366634,0
366635,0
366636,0
366637,0
366638,0
366639,0
366640,0
366641,0
366642,0
366643,0
366644,0
366645,0
366646,0
366647,0
366648,0
366649,0
366650,0
366651,0
366652,0
366653,0
366654,0
366655,0
366656,0
366657,0
366658,0
366659,0
366660,0
366661,0
366662,0
366663,0
366664,0
366665,0
366666,0
366667,0
366668,0
366669,0
366670,0
366671,0
366672,0
366673,0
366674,0
366675,0
366676,0
366677,0
366678,0
366679,0
366680,0
366681,0
366682,0
366683,0
366684,0
366685,0
366686,0
366687,0
366688,0
366689,0
366690,0
366691,0
366692,0
366693,0
366694,0
366695,0
366696,0
366697,0
366698,0
366699,0
366700,0
366701,0
366702,0
366703,0
366704,0
366705,0
366706,0
366707,0
366708,0
366709,0
366710,0
366711,0
366712,0
366713,0
366714,0
366715,0
366716,0
366717,0
366718,0
366719,0
366720,0
366721,0
366722,0
366723,0
366724,0
366725,0
366726,0
366727,0
366728,0
366729,0
366730,0
366731,0
366732,0
366733,0
366734,0
366735,0
366736,0
366737,0
366738,0
366739,0
366740,0
366741,0
366742,0
366743,0
366744,0
366745,0
366746,0
366747,0
366748,0
366749,0
366750,0
366751,0
366752,0
366753,0
366754,0
366755,0
366756,0
366757,0
366758,0
366759,0
366760,0
366761,0
366762,0
366763,0
366764,0
366765,0
366766,0
366767,0
366768,0
366769,0
366770,0
366771,0
366772,0
366773,0
366774,0
366775,0
366776,0
366777,0
366778,0
366779,0
366780,0
366781,0
366782,0
366783,0
366784,0
366785,0
366786,0
366787,0
366788,0
366789,0
366790,0
366791,0
366792,0
366793,0
366794,0
366795,0
366796,0
366797,0
366798,0
366799,0
366800,0
366801,0
366802,0
366803,0
366804,0
366805,0
366806,0
366807,0
366808,0
366809,0
366810,0
366811,0
366812,0
366813,0
366814,0
366815,0
366816,0
366817,0
366818,0
366819,0
366820,0
366821,0
366822,0
366823,0
366824,0
366825,0
366826,0
366827,0
366828,0
366829,0
366830,0
366831,0
366832,0
366833,0
366834,0
366835,0
366836,0
366837,0
366838,0
366839,0
366840,0
366841,0
366842,0
366843,0
366844,0
366845,0
366846,0
366847,0
366848,0
366849,0
366850,0
366851,0
366852,0
366853,0
366854,0
366855,0
366856,0
366857,0
366858,0
366859,0
366860,0
366861,0
366862,0
366863,0
366864,0
366865,0
366866,0
366867,0
366868,0
366869,0
366870,0
366871,0
366872,0
366873,0
366874,0
366875,0
366876,0
366877,0
366878,0
366879,0
366880,0
366881,0
366882,0
366883,0
366884,0
366885,0
366886,0
366887,0
366888,0
366889,0
366890,0
366891,0
366892,0
366893,0
366894,0
366895,0
366896,0
366897,0
366898,0
366899,0
366900,0
366901,0
366902,0
366903,0
366904,0
366905,0
366906,0
366907,0
366908,0
366909,0
366910,0
366911,0
366912,0
366913,0
366914,0
366915,0
366916,0
366917,0
366918,0
366919,0
366920,0
366921,0
366922,0
366923,0
366924,0
366925,0
366926,0
366927,0
366928,0
366929,0
366930,0
366931,0
366932,0
366933,0
366934,0
366935,0
366936,0
366937,0
366938,0
366939,0
366940,0
366941,0
366942,0
366943,0
366944,0
366945,0
366946,0
366947,0
366948,0
366949,0
366950,0
366951,0
366952,0
366953,0
366954,0
366955,0
366956,0
366957,0
366958,0
366959,0
366960,0
366961,0
366962,0
366963,0
366964,0
366965,0
366966,0
366967,0
366968,0
366969,0
366970,0
366971,0
366972,0
366973,0
366974,0
366975,0
366976,0
366977,0
366978,0
366979,0
366980,0
366981,0
366982,0
366983,0
366984,0
366985,0
366986,0
366987,0
366988,0
366989,0
366990,0
366991,0
366992,0
366993,0
366994,0
366995,0
366996,0
366997,0
366998,0
366999,0
367000,0
367001,0
367002,0
367003,0
367004,0
367005,0
367006,0
367007,0
367008,0
367009,0
367010,0
367011,0
367012,0
367013,0
367014,0
367015,0
367016,0
367017,0
367018,0
367019,0
367020,0
367021,0
367022,0
367023,0
367024,0
367025,0
367026,0
367027,0
367028,0
367029,0
367030,0
367031,0
367032,0
367033,0
367034,0
367035,0
367036,0
367037,0
367038,0
367039,0
367040,0
367041,0
367042,0
367043,0
367044,0
367045,0
367046,0
367047,0
367048,0
367049,0
367050,0
367051,0
367052,0
367053,0
367054,0
367055,0
367056,0
367057,0
367058,0
367059,0
367060,0
367061,0
367062,0
367063,0
367064,0
367065,0
367066,0
367067,0
367068,0
367069,0
367070,0
367071,0
367072,0
367073,0
367074,0
367075,0
367076,0
367077,0
367078,0
367079,0
367080,0
367081,0
367082,0
367083,0
367084,0
367085,0
367086,0
367087,0
367088,0
367089,0
367090,0
367091,0
367092,0
367093,0
367094,0
367095,0
367096,0
367097,0
367098,0
367099,0
367100,0
367101,0
367102,0
367103,0
367104,0
367105,0
367106,0
367107,0
367108,0
367109,0
367110,0
367111,0
367112,0
367113,0
367114,0
367115,0
367116,0
367117,0
367118,0
367119,0
367120,0
367121,0
367122,0
367123,0
367124,0
367125,0
367126,0
367127,0
367128,0
367129,0
367130,0
367131,0
367132,0
367133,0
367134,0
367135,0
367136,0
367137,0
367138,0
367139,0
367140,0
367141,0
367142,0
367143,0
367144,0
367145,0
367146,0
367147,0
367148,0
367149,0
367150,0
367151,0
367152,0
367153,0
367154,0
367155,0
367156,0
367157,0
367158,0
367159,0
367160,0
367161,0
367162,0
367163,0
367164,0
367165,0
367166,0
367167,0
367168,0
367169,0
367170,0
367171,0
367172,0
367173,0
367174,0
367175,0
367176,0
367177,0
367178,0
367179,0
367180,0
367181,0
367182,0
367183,0
367184,0
367185,0
367186,0
367187,0
367188,0
367189,0
367190,0
367191,0
367192,0
367193,0
367194,0
367195,0
367196,0
367197,0
367198,0
367199,0
367200,0
367201,0
367202,0
367203,0
367204,0
367205,0
367206,0
367207,0
367208,0
367209,0
367210,0
367211,0
367212,0
367213,0
367214,0
367215,0
367216,0
367217,0
367218,0
367219,0
367220,0
367221,0
367222,0
367223,0
367224,0
367225,0
367226,0
367227,0
367228,0
367229,0
367230,0
367231,0
367232,0
367233,0
367234,0
367235,0
367236,0
367237,0
367238,0
367239,0
367240,0
367241,0
367242,0
367243,0
367244,0
367245,0
367246,0
367247,0
367248,0
367249,0
367250,0
367251,0
367252,0
367253,0
367254,0
367255,0
367256,0
367257,0
367258,0
367259,0
367260,0
367261,0
367262,0
367263,0
367264,0
367265,0
367266,0
367267,0
367268,0
367269,0
367270,0
367271,0
367272,0
367273,0
367274,0
367275,0
367276,0
367277,0
367278,0
367279,0
367280,0
367281,0
367282,0
367283,0
367284,0
367285,0
367286,0
367287,0
367288,0
367289,0
367290,0
367291,0
367292,0
367293,0
367294,0
367295,0
367296,0
367297,0
367298,0
367299,0
367300,0
367301,0
367302,0
367303,0
367304,0
367305,0
367306,0
367307,0
367308,0
367309,0
367310,0
367311,0
367312,0
367313,0
367314,0
367315,0
367316,0
367317,0
367318,0
367319,0
367320,0
367321,0
367322,0
367323,0
367324,0
367325,0
367326,0
367327,0
367328,0
367329,0
367330,0
367331,0
367332,0
367333,0
367334,0
367335,0
367336,0
367337,0
367338,0
367339,0
367340,0
367341,0
367342,0
367343,0
367344,0
367345,0
367346,0
367347,0
367348,0
367349,0
367350,0
367351,0
367352,0
367353,0
367354,0
367355,0
367356,0
367357,0
367358,0
367359,0
367360,0
367361,0
367362,0
367363,0
367364,0
367365,0
367366,0
367367,0
367368,0
367369,0
367370,0
367371,0
367372,0
367373,0
367374,0
367375,0
367376,0
367377,0
367378,0
367379,0
367380,0
367381,0
367382,0
367383,0
367384,0
367385,0
367386,0
367387,0
367388,0
367389,0
367390,0
367391,0
367392,0
367393,0
367394,0
367395,0
367396,0
367397,0
367398,0
367399,0
367400,0
367401,0
367402,0
367403,0
367404,0
367405,0
367406,0
367407,0
367408,0
367409,0
367410,0
367411,0
367412,0
367413,0
367414,0
367415,0
367416,0
367417,0
367418,0
367419,0
367420,0
367421,0
367422,0
367423,0
367424,0
367425,0
367426,0
367427,0
367428,0
367429,0
367430,0
367431,0
367432,0
367433,0
367434,0
367435,0
367436,0
367437,0
367438,0
367439,0
367440,0
367441,0
367442,0
367443,0
367444,0
367445,0
367446,0
367447,0
367448,0
367449,0
367450,0
367451,0
367452,0
367453,0
367454,0
367455,0
367456,0
367457,0
367458,0
367459,0
367460,0
367461,0
367462,0
367463,0
367464,0
367465,0
367466,0
367467,0
367468,0
367469,0
367470,0
367471,0
367472,0
367473,0
367474,0
367475,0
367476,0
367477,0
367478,0
367479,0
367480,0
367481,0
367482,0
367483,0
367484,0
367485,0
367486,0
367487,0
367488,0
367489,0
367490,0
367491,0
367492,0
367493,0
367494,0
367495,0
367496,0
367497,0
367498,0
367499,0
367500,0
367501,0
367502,0
367503,0
367504,0
367505,0
367506,0
367507,0
367508,0
367509,0
367510,0
367511,0
367512,0
367513,0
367514,0
367515,0
367516,0
367517,0
367518,0
367519,0
367520,0
367521,0
367522,0
367523,0
367524,0
367525,0
367526,0
367527,0
367528,0
367529,0
367530,0
367531,0
367532,0
367533,0
367534,0
367535,0
367536,0
367537,0
367538,0
367539,0
367540,0
367541,0
367542,0
367543,0
367544,0
367545,0
367546,0
367547,0
367548,0
367549,0
367550,0
367551,0
367552,0
367553,0
367554,0
367555,0
367556,0
367557,0
367558,0
367559,0
367560,0
367561,0
367562,0
367563,0
367564,0
367565,0
367566,0
367567,0
367568,0
367569,0
367570,0
367571,0
367572,0
367573,0
367574,0
367575,0
367576,0
367577,0
367578,0
367579,0
367580,0
367581,0
367582,0
367583,0
367584,0
367585,0
367586,0
367587,0
367588,0
367589,0
367590,0
367591,0
367592,0
367593,0
367594,0
367595,0
367596,0
367597,0
367598,0
367599,0
367600,0
367601,0
367602,0
367603,0
367604,0
367605,0
367606,0
367607,0
367608,0
367609,0
367610,0
367611,0
367612,0
367613,0
367614,0
367615,0
367616,0
367617,0
367618,0
367619,0
367620,0
367621,0
367622,0
367623,0
367624,0
367625,0
367626,0
367627,0
367628,0
367629,0
367630,0
367631,0
367632,0
367633,0
367634,0
367635,0
367636,0
367637,0
367638,0
367639,0
367640,0
367641,0
367642,0
367643,0
367644,0
367645,0
367646,0
367647,0
367648,0
367649,0
367650,0
367651,0
367652,0
367653,0
367654,0
367655,0
367656,0
367657,0
367658,0
367659,0
367660,0
367661,0
367662,0
367663,0
367664,0
367665,0
367666,0
367667,0
367668,0
367669,0
367670,0
367671,0
367672,0
367673,0
367674,0
367675,0
367676,0
367677,0
367678,0
367679,0
367680,0
367681,0
367682,0
367683,0
367684,0
367685,0
367686,0
367687,0
367688,0
367689,0
367690,0
367691,0
367692,0
367693,0
367694,0
367695,0
367696,0
367697,0
367698,0
367699,0
367700,0
367701,0
367702,0
367703,0
367704,0
367705,0
367706,0
367707,0
367708,0
367709,0
367710,0
367711,0
367712,0
367713,0
367714,0
367715,0
367716,0
367717,0
367718,0
367719,0
367720,0
367721,0
367722,0
367723,0
367724,0
367725,0
367726,0
367727,0
367728,0
367729,0
367730,0
367731,0
367732,0
367733,0
367734,0
367735,0
367736,0
367737,0
367738,0
367739,0
367740,0
367741,0
367742,0
367743,0
367744,0
367745,0
367746,0
367747,0
367748,0
367749,0
367750,0
367751,0
367752,0
367753,0
367754,0
367755,0
367756,0
367757,0
367758,0
367759,0
367760,0
367761,0
367762,0
367763,0
367764,0
367765,0
367766,0
367767,0
367768,0
367769,0
367770,0
367771,0
367772,0
367773,0
367774,0
367775,0
367776,0
367777,0
367778,0
367779,0
367780,0
367781,0
367782,0
367783,0
367784,0
367785,0
367786,0
367787,0
367788,0
367789,0
367790,0
367791,0
367792,0
367793,0
367794,0
367795,0
367796,0
367797,0
367798,0
367799,0
367800,0
367801,0
367802,0
367803,0
367804,0
367805,0
367806,0
367807,0
367808,0
367809,0
367810,0
367811,0
367812,0
367813,0
367814,0
367815,0
367816,0
367817,0
367818,0
367819,0
367820,0
367821,0
367822,0
367823,0
367824,0
367825,0
367826,0
367827,0
367828,0
367829,0
367830,0
367831,0
367832,0
367833,0
367834,0
367835,0
367836,0
367837,0
367838,0
367839,0
367840,0
367841,0
367842,0
367843,0
367844,0
367845,0
367846,0
367847,0
367848,0
367849,0
367850,0
367851,0
367852,0
367853,0
367854,0
367855,0
367856,0
367857,0
367858,0
367859,0
367860,0
367861,0
367862,0
367863,0
367864,0
367865,0
367866,0
367867,0
367868,0
367869,0
367870,0
367871,0
367872,0
367873,0
367874,0
367875,0
367876,0
367877,0
367878,0
367879,0
367880,0
367881,0
367882,0
367883,0
367884,0
367885,0
367886,0
367887,0
367888,0
367889,0
367890,0
367891,0
367892,0
367893,0
367894,0
367895,0
367896,0
367897,0
367898,0
367899,0
367900,0
367901,0
367902,0
367903,0
367904,0
367905,0
367906,0
367907,0
367908,0
367909,0
367910,0
367911,0
367912,0
367913,0
367914,0
367915,0
367916,0
367917,0
367918,0
367919,0
367920,0
367921,0
367922,0
367923,0
367924,0
367925,0
367926,0
367927,0
367928,0
367929,0
367930,0
367931,0
367932,0
367933,0
367934,0
367935,0
367936,0
367937,0
367938,0
367939,0
367940,0
367941,0
367942,0
367943,0
367944,0
367945,0
367946,0
367947,0
367948,0
367949,0
367950,0
367951,0
367952,0
367953,0
367954,0
367955,0
367956,0
367957,0
367958,0
367959,0
367960,0
367961,0
367962,0
367963,0
367964,0
367965,0
367966,0
367967,0
367968,0
367969,0
367970,0
367971,0
367972,0
367973,0
367974,0
367975,0
367976,0
367977,0
367978,0
367979,0
367980,0
367981,0
367982,0
367983,0
367984,0
367985,0
367986,0
367987,0
367988,0
367989,0
367990,0
367991,0
367992,0
367993,0
367994,0
367995,0
367996,0
367997,0
367998,0
367999,0
368000,0
368001,0
368002,0
368003,0
368004,0
368005,0
368006,0
368007,0
368008,0
368009,0
368010,0
368011,0
368012,0
368013,0
368014,0
368015,0
368016,0
368017,0
368018,0
368019,0
368020,0
368021,0
368022,0
368023,0
368024,0
368025,0
368026,0
368027,0
368028,0
368029,0
368030,0
368031,0
368032,0
368033,0
368034,0
368035,0
368036,0
368037,0
368038,0
368039,0
368040,0
368041,0
368042,0
368043,0
368044,0
368045,0
368046,0
368047,0
368048,0
368049,0
368050,0
368051,0
368052,0
368053,0
368054,0
368055,0
368056,0
368057,0
368058,0
368059,0
368060,0
368061,0
368062,0
368063,0
368064,0
368065,0
368066,0
368067,0
368068,0
368069,0
368070,0
368071,0
368072,0
368073,0
368074,0
368075,0
368076,0
368077,0
368078,0
368079,0
368080,0
368081,0
368082,0
368083,0
368084,0
368085,0
368086,0
368087,0
368088,0
368089,0
368090,0
368091,0
368092,0
368093,0
368094,0
368095,0
368096,0
368097,0
368098,0
368099,0
368100,0
368101,0
368102,0
368103,0
368104,0
368105,0
368106,0
368107,0
368108,0
368109,0
368110,0
368111,0
368112,0
368113,0
368114,0
368115,0
368116,0
368117,0
368118,0
368119,0
368120,0
368121,0
368122,0
368123,0
368124,0
368125,0
368126,0
368127,0
368128,0
368129,0
368130,0
368131,0
368132,0
368133,0
368134,0
368135,0
368136,0
368137,0
368138,0
368139,0
368140,0
368141,0
368142,0
368143,0
368144,0
368145,0
368146,0
368147,0
368148,0
368149,0
368150,0
368151,0
368152,0
368153,0
368154,0
368155,0
368156,0
368157,0
368158,0
368159,0
368160,0
368161,0
368162,0
368163,0
368164,0
368165,0
368166,0
368167,0
368168,0
368169,0
368170,0
368171,0
368172,0
368173,0
368174,0
368175,0
368176,0
368177,0
368178,0
368179,0
368180,0
368181,0
368182,0
368183,0
368184,0
368185,0
368186,0
368187,0
368188,0
368189,0
368190,0
368191,0
368192,0
368193,0
368194,0
368195,0
368196,0
368197,0
368198,0
368199,0
368200,0
368201,0
368202,0
368203,0
368204,0
368205,0
368206,0
368207,0
368208,0
368209,0
368210,0
368211,0
368212,0
368213,0
368214,0
368215,0
368216,0
368217,0
368218,0
368219,0
368220,0
368221,0
368222,0
368223,0
368224,0
368225,0
368226,0
368227,0
368228,0
368229,0
368230,0
368231,0
368232,0
368233,0
368234,0
368235,0
368236,0
368237,0
368238,0
368239,0
368240,0
368241,0
368242,0
368243,0
368244,0
368245,0
368246,0
368247,0
368248,0
368249,0
368250,0
368251,0
368252,0
368253,0
368254,0
368255,0
368256,0
368257,0
368258,0
368259,0
368260,0
368261,0
368262,0
368263,0
368264,0
368265,0
368266,0
368267,0
368268,0
368269,0
368270,0
368271,0
368272,0
368273,0
368274,0
368275,0
368276,0
368277,0
368278,0
368279,0
368280,0
368281,0
368282,0
368283,0
368284,0
368285,0
368286,0
368287,0
368288,0
368289,0
368290,0
368291,0
368292,0
368293,0
368294,0
368295,0
368296,0
368297,0
368298,0
368299,0
368300,0
368301,0
368302,0
368303,0
368304,0
368305,0
368306,0
368307,0
368308,0
368309,0
368310,0
368311,0
368312,0
368313,0
368314,0
368315,0
368316,0
368317,0
368318,0
368319,0
368320,0
368321,0
368322,0
368323,0
368324,0
368325,0
368326,0
368327,0
368328,0
368329,0
368330,0
368331,0
368332,0
368333,0
368334,0
368335,0
368336,0
368337,0
368338,0
368339,0
368340,0
368341,0
368342,0
368343,0
368344,0
368345,0
368346,0
368347,0
368348,0
368349,0
368350,0
368351,0
368352,0
368353,0
368354,0
368355,0
368356,0
368357,0
368358,0
368359,0
368360,0
368361,0
368362,0
368363,0
368364,0
368365,0
368366,0
368367,0
368368,0
368369,0
368370,0
368371,0
368372,0
368373,0
368374,0
368375,0
368376,0
368377,0
368378,0
368379,0
368380,0
368381,0
368382,0
368383,0
368384,0
368385,0
368386,0
368387,0
368388,0
368389,0
368390,0
368391,0
368392,0
368393,0
368394,0
368395,0
368396,0
368397,0
368398,0
368399,0
368400,0
368401,0
368402,0
368403,0
368404,0
368405,0
368406,0
368407,0
368408,0
368409,0
368410,0
368411,0
368412,0
368413,0
368414,0
368415,0
368416,0
368417,0
368418,0
368419,0
368420,0
368421,0
368422,0
368423,0
368424,0
368425,0
368426,0
368427,0
368428,0
368429,0
368430,0
368431,0
368432,0
368433,0
368434,0
368435,0
368436,0
368437,0
368438,0
368439,0
368440,0
368441,0
368442,0
368443,0
368444,0
368445,0
368446,0
368447,0
368448,0
368449,0
368450,0
368451,0
368452,0
368453,0
368454,0
368455,0
368456,0
368457,0
368458,0
368459,0
368460,0
368461,0
368462,0
368463,0
368464,0
368465,0
368466,0
368467,0
368468,0
368469,0
368470,0
368471,0
368472,0
368473,0
368474,0
368475,0
368476,0
368477,0
368478,0
368479,0
368480,0
368481,0
368482,0
368483,0
368484,0
368485,0
368486,0
368487,0
368488,0
368489,0
368490,0
368491,0
368492,0
368493,0
368494,0
368495,0
368496,0
368497,0
368498,0
368499,0
368500,0
368501,0
368502,0
368503,0
368504,0
368505,0
368506,0
368507,0
368508,0
368509,0
368510,0
368511,0
368512,0
368513,0
368514,0
368515,0
368516,0
368517,0
368518,0
368519,0
368520,0
368521,0
368522,0
368523,0
368524,0
368525,0
368526,0
368527,0
368528,0
368529,0
368530,0
368531,0
368532,0
368533,0
368534,0
368535,0
368536,0
368537,0
368538,0
368539,0
368540,0
368541,0
368542,0
368543,0
368544,0
368545,0
368546,0
368547,0
368548,0
368549,0
368550,0
368551,0
368552,0
368553,0
368554,0
368555,0
368556,0
368557,0
368558,0
368559,0
368560,0
368561,0
368562,0
368563,0
368564,0
368565,0
368566,0
368567,0
368568,0
368569,0
368570,0
368571,0
368572,0
368573,0
368574,0
368575,0
368576,0
368577,0
368578,0
368579,0
368580,0
368581,0
368582,0
368583,0
368584,0
368585,0
368586,0
368587,0
368588,0
368589,0
368590,0
368591,0
368592,0
368593,0
368594,0
368595,0
368596,0
368597,0
368598,0
368599,0
368600,0
368601,0
368602,0
368603,0
368604,0
368605,0
368606,0
368607,0
368608,0
368609,0
368610,0
368611,0
368612,0
368613,0
368614,0
368615,0
368616,0
368617,0
368618,0
368619,0
368620,0
368621,0
368622,0
368623,0
368624,0
368625,0
368626,0
368627,0
368628,0
368629,0
368630,0
368631,0
368632,0
368633,0
368634,0
368635,0
368636,0
368637,0
368638,0
368639,0
368640,0
368641,0
368642,0
368643,0
368644,0
368645,0
368646,0
368647,0
368648,0
368649,0
368650,0
368651,0
368652,0
368653,0
368654,0
368655,0
368656,0
368657,0
368658,0
368659,0
368660,0
368661,0
368662,0
368663,0
368664,0
368665,0
368666,0
368667,0
368668,0
368669,0
368670,0
368671,0
368672,0
368673,0
368674,0
368675,0
368676,0
368677,0
368678,0
368679,0
368680,0
368681,0
368682,0
368683,0
368684,0
368685,0
368686,0
368687,0
368688,0
368689,0
368690,0
368691,0
368692,0
368693,0
368694,0
368695,0
368696,0
368697,0
368698,0
368699,0
368700,0
368701,0
368702,0
368703,0
368704,0
368705,0
368706,0
368707,0
368708,0
368709,0
368710,0
368711,0
368712,0
368713,0
368714,0
368715,0
368716,0
368717,0
368718,0
368719,0
368720,0
368721,0
368722,0
368723,0
368724,0
368725,0
368726,0
368727,0
368728,0
368729,0
368730,0
368731,0
368732,0
368733,0
368734,0
368735,0
368736,0
368737,0
368738,0
368739,0
368740,0
368741,0
368742,0
368743,0
368744,0
368745,0
368746,0
368747,0
368748,0
368749,0
368750,0
368751,0
368752,0
368753,0
368754,0
368755,0
368756,0
368757,0
368758,0
368759,0
368760,0
368761,0
368762,0
368763,0
368764,0
368765,0
368766,0
368767,0
368768,0
368769,0
368770,0
368771,0
368772,0
368773,0
368774,0
368775,0
368776,0
368777,0
368778,0
368779,0
368780,0
368781,0
368782,0
368783,0
368784,0
368785,0
368786,0
368787,0
368788,0
368789,0
368790,0
368791,0
368792,0
368793,0
368794,0
368795,0
368796,0
368797,0
368798,0
368799,0
368800,0
368801,0
368802,0
368803,0
368804,0
368805,0
368806,0
368807,0
368808,0
368809,0
368810,0
368811,0
368812,0
368813,0
368814,0
368815,0
368816,0
368817,0
368818,0
368819,0
368820,0
368821,0
368822,0
368823,0
368824,0
368825,0
368826,0
368827,0
368828,0
368829,0
368830,0
368831,0
368832,0
368833,0
368834,0
368835,0
368836,0
368837,0
368838,0
368839,0
368840,0
368841,0
368842,0
368843,0
368844,0
368845,0
368846,0
368847,0
368848,0
368849,0
368850,0
368851,0
368852,0
368853,0
368854,0
368855,0
368856,0
368857,0
368858,0
368859,0
368860,0
368861,0
368862,0
368863,0
368864,0
368865,0
368866,0
368867,0
368868,0
368869,0
368870,0
368871,0
368872,0
368873,0
368874,0
368875,0
368876,0
368877,0
368878,0
368879,0
368880,0
368881,0
368882,0
368883,0
368884,0
368885,0
368886,0
368887,0
368888,0
368889,0
368890,0
368891,0
368892,0
368893,0
368894,0
368895,0
368896,0
368897,0
368898,0
368899,0
368900,0
368901,0
368902,0
368903,0
368904,0
368905,0
368906,0
368907,0
368908,0
368909,0
368910,0
368911,0
368912,0
368913,0
368914,0
368915,0
368916,0
368917,0
368918,0
368919,0
368920,0
368921,0
368922,0
368923,0
368924,0
368925,0
368926,0
368927,0
368928,0
368929,0
368930,0
368931,0
368932,0
368933,0
368934,0
368935,0
368936,0
368937,0
368938,0
368939,0
368940,0
368941,0
368942,0
368943,0
368944,0
368945,0
368946,0
368947,0
368948,0
368949,0
368950,0
368951,0
368952,0
368953,0
368954,0
368955,0
368956,0
368957,0
368958,0
368959,0
368960,0
368961,0
368962,0
368963,0
368964,0
368965,0
368966,0
368967,0
368968,0
368969,0
368970,0
368971,0
368972,0
368973,0
368974,0
368975,0
368976,0
368977,0
368978,0
368979,0
368980,0
368981,0
368982,0
368983,0
368984,0
368985,0
368986,0
368987,0
368988,0
368989,0
368990,0
368991,0
368992,0
368993,0
368994,0
368995,0
368996,0
368997,0
368998,0
368999,0
369000,0
369001,0
369002,0
369003,0
369004,0
369005,0
369006,0
369007,0
369008,0
369009,0
369010,0
369011,0
369012,0
369013,0
369014,0
369015,0
369016,0
369017,0
369018,0
369019,0
369020,0
369021,0
369022,0
369023,0
369024,0
369025,0
369026,0
369027,0
369028,0
369029,0
369030,0
369031,0
369032,0
369033,0
369034,0
369035,0
369036,0
369037,0
369038,0
369039,0
369040,0
369041,0
369042,0
369043,0
369044,0
369045,0
369046,0
369047,0
369048,0
369049,0
369050,0
369051,0
369052,0
369053,0
369054,0
369055,0
369056,0
369057,0
369058,0
369059,0
369060,0
369061,0
369062,0
369063,0
369064,0
369065,0
369066,0
369067,0
369068,0
369069,0
369070,0
369071,0
369072,0
369073,0
369074,0
369075,0
369076,0
369077,0
369078,0
369079,0
369080,0
369081,0
369082,0
369083,0
369084,0
369085,0
369086,0
369087,0
369088,0
369089,0
369090,0
369091,0
369092,0
369093,0
369094,0
369095,0
369096,0
369097,0
369098,0
369099,0
369100,0
369101,0
369102,0
369103,0
369104,0
369105,0
369106,0
369107,0
369108,0
369109,0
369110,0
369111,0
369112,0
369113,0
369114,0
369115,0
369116,0
369117,0
369118,0
369119,0
369120,0
369121,0
369122,0
369123,0
369124,0
369125,0
369126,0
369127,0
369128,0
369129,0
369130,0
369131,0
369132,0
369133,0
369134,0
369135,0
369136,0
369137,0
369138,0
369139,0
369140,0
369141,0
369142,0
369143,0
369144,0
369145,0
369146,0
369147,0
369148,0
369149,0
369150,0
369151,0
369152,0
369153,0
369154,0
369155,0
369156,0
369157,0
369158,0
369159,0
369160,0
369161,0
369162,0
369163,0
369164,0
369165,0
369166,0
369167,0
369168,0
369169,0
369170,0
369171,0
369172,0
369173,0
369174,0
369175,0
369176,0
369177,0
369178,0
369179,0
369180,0
369181,0
369182,0
369183,0
369184,0
369185,0
369186,0
369187,0
369188,0
369189,0
369190,0
369191,0
369192,0
369193,0
369194,0
369195,0
369196,0
369197,0
369198,0
369199,0
369200,0
369201,0
369202,0
369203,0
369204,0
369205,0
369206,0
369207,0
369208,0
369209,0
369210,0
369211,0
369212,0
369213,0
369214,0
369215,0
369216,0
369217,0
369218,0
369219,0
369220,0
369221,0
369222,0
369223,0
369224,0
369225,0
369226,0
369227,0
369228,0
369229,0
369230,0
369231,0
369232,0
369233,0
369234,0
369235,0
369236,0
369237,0
369238,0
369239,0
369240,0
369241,0
369242,0
369243,0
369244,0
369245,0
369246,0
369247,0
369248,0
369249,0
369250,0
369251,0
369252,0
369253,0
369254,0
369255,0
369256,0
369257,0
369258,0
369259,0
369260,0
369261,0
369262,0
369263,0
369264,0
369265,0
369266,0
369267,0
369268,0
369269,0
369270,0
369271,0
369272,0
369273,0
369274,0
369275,0
369276,0
369277,0
369278,0
369279,0
369280,0
369281,0
369282,0
369283,0
369284,0
369285,0
369286,0
369287,0
369288,0
369289,0
369290,0
369291,0
369292,0
369293,0
369294,0
369295,0
369296,0
369297,0
369298,0
369299,0
369300,0
369301,0
369302,0
369303,0
369304,0
369305,0
369306,0
369307,0
369308,0
369309,0
369310,0
369311,0
369312,0
369313,0
369314,0
369315,0
369316,0
369317,0
369318,0
369319,0
369320,0
369321,0
369322,0
369323,0
369324,0
369325,0
369326,0
369327,0
369328,0
369329,0
369330,0
369331,0
369332,0
369333,0
369334,0
369335,0
369336,0
369337,0
369338,0
369339,0
369340,0
369341,0
369342,0
369343,0
369344,0
369345,0
369346,0
369347,0
369348,0
369349,0
369350,0
369351,0
369352,0
369353,0
369354,0
369355,0
369356,0
369357,0
369358,0
369359,0
369360,0
369361,0
369362,0
369363,0
369364,0
369365,0
369366,0
369367,0
369368,0
369369,0
369370,0
369371,0
369372,0
369373,0
369374,0
369375,0
369376,0
369377,0
369378,0
369379,0
369380,0
369381,0
369382,0
369383,0
369384,0
369385,0
369386,0
369387,0
369388,0
369389,0
369390,0
369391,0
369392,0
369393,0
369394,0
369395,0
369396,0
369397,0
369398,0
369399,0
369400,0
369401,0
369402,0
369403,0
369404,0
369405,0
369406,0
369407,0
369408,0
369409,0
369410,0
369411,0
369412,0
369413,0
369414,0
369415,0
369416,0
369417,0
369418,0
369419,0
369420,0
369421,0
369422,0
369423,0
369424,0
369425,0
369426,0
369427,0
369428,0
369429,0
369430,0
369431,0
369432,0
369433,0
369434,0
369435,0
369436,0
369437,0
369438,0
369439,0
369440,0
369441,0
369442,0
369443,0
369444,0
369445,0
369446,0
369447,0
369448,0
369449,0
369450,0
369451,0
369452,0
369453,0
369454,0
369455,0
369456,0
369457,0
369458,0
369459,0
369460,0
369461,0
369462,0
369463,0
369464,0
369465,0
369466,0
369467,0
369468,0
369469,0
369470,0
369471,0
369472,0
369473,0
369474,0
369475,0
369476,0
369477,0
369478,0
369479,0
369480,0
369481,0
369482,0
369483,0
369484,0
369485,0
369486,0
369487,0
369488,0
369489,0
369490,0
369491,0
369492,0
369493,0
369494,0
369495,0
369496,0
369497,0
369498,0
369499,0
369500,0
369501,0
369502,0
369503,0
369504,0
369505,0
369506,0
369507,0
369508,0
369509,0
369510,0
369511,0
369512,0
369513,0
369514,0
369515,0
369516,0
369517,0
369518,0
369519,0
369520,0
369521,0
369522,0
369523,0
369524,0
369525,0
369526,0
369527,0
369528,0
369529,0
369530,0
369531,0
369532,0
369533,0
369534,0
369535,0
369536,0
369537,0
369538,0
369539,0
369540,0
369541,0
369542,0
369543,0
369544,0
369545,0
369546,0
369547,0
369548,0
369549,0
369550,0
369551,0
369552,0
369553,0
369554,0
369555,0
369556,0
369557,0
369558,0
369559,0
369560,0
369561,0
369562,0
369563,0
369564,0
369565,0
369566,0
369567,0
369568,0
369569,0
369570,0
369571,0
369572,0
369573,0
369574,0
369575,0
369576,0
369577,0
369578,0
369579,0
369580,0
369581,0
369582,0
369583,0
369584,0
369585,0
369586,0
369587,0
369588,0
369589,0
369590,0
369591,0
369592,0
369593,0
369594,0
369595,0
369596,0
369597,0
369598,0
369599,0
369600,0
369601,0
369602,0
369603,0
369604,0
369605,0
369606,0
369607,0
369608,0
369609,0
369610,0
369611,0
369612,0
369613,0
369614,0
369615,0
369616,0
369617,0
369618,0
369619,0
369620,0
369621,0
369622,0
369623,0
369624,0
369625,0
369626,0
369627,0
369628,0
369629,0
369630,0
369631,0
369632,0
369633,0
369634,0
369635,0
369636,0
369637,0
369638,0
369639,0
369640,0
369641,0
369642,0
369643,0
369644,0
369645,0
369646,0
369647,0
369648,0
369649,0
369650,0
369651,0
369652,0
369653,0
369654,0
369655,0
369656,0
369657,0
369658,0
369659,0
369660,0
369661,0
369662,0
369663,0
369664,0
369665,0
369666,0
369667,0
369668,0
369669,0
369670,0
369671,0
369672,0
369673,0
369674,0
369675,0
369676,0
369677,0
369678,0
369679,0
369680,0
369681,0
369682,0
369683,0
369684,0
369685,0
369686,0
369687,0
369688,0
369689,0
369690,0
369691,0
369692,0
369693,0
369694,0
369695,0
369696,0
369697,0
369698,0
369699,0
369700,0
369701,0
369702,0
369703,0
369704,0
369705,0
369706,0
369707,0
369708,0
369709,0
369710,0
369711,0
369712,0
369713,0
369714,0
369715,0
369716,0
369717,0
369718,0
369719,0
369720,0
369721,0
369722,0
369723,0
369724,0
369725,0
369726,0
369727,0
369728,0
369729,0
369730,0
369731,0
369732,0
369733,0
369734,0
369735,0
369736,0
369737,0
369738,0
369739,0
369740,0
369741,0
369742,0
369743,0
369744,0
369745,0
369746,0
369747,0
369748,0
369749,0
369750,0
369751,0
369752,0
369753,0
369754,0
369755,0
369756,0
369757,0
369758,0
369759,0
369760,0
369761,0
369762,0
369763,0
369764,0
369765,0
369766,0
369767,0
369768,0
369769,0
369770,0
369771,0
369772,0
369773,0
369774,0
369775,0
369776,0
369777,0
369778,0
369779,0
369780,0
369781,0
369782,0
369783,0
369784,0
369785,0
369786,0
369787,0
369788,0
369789,0
369790,0
369791,0
369792,0
369793,0
369794,0
369795,0
369796,0
369797,0
369798,0
369799,0
369800,0
369801,0
369802,0
369803,0
369804,0
369805,0
369806,0
369807,0
369808,0
369809,0
369810,0
369811,0
369812,0
369813,0
369814,0
369815,0
369816,0
369817,0
369818,0
369819,0
369820,0
369821,0
369822,0
369823,0
369824,0
369825,0
369826,0
369827,0
369828,0
369829,0
369830,0
369831,0
369832,0
369833,0
369834,0
369835,0
369836,0
369837,0
369838,0
369839,0
369840,0
369841,0
369842,0
369843,0
369844,0
369845,0
369846,0
369847,0
369848,0
369849,0
369850,0
369851,0
369852,0
369853,0
369854,0
369855,0
369856,0
369857,0
369858,0
369859,0
369860,0
369861,0
369862,0
369863,0
369864,0
369865,0
369866,0
369867,0
369868,0
369869,0
369870,0
369871,0
369872,0
369873,0
369874,0
369875,0
369876,0
369877,0
369878,0
369879,0
369880,0
369881,0
369882,0
369883,0
369884,0
369885,0
369886,0
369887,0
369888,0
369889,0
369890,0
369891,0
369892,0
369893,0
369894,0
369895,0
369896,0
369897,0
369898,0
369899,0
369900,0
369901,0
369902,0
369903,0
369904,0
369905,0
369906,0
369907,0
369908,0
369909,0
369910,0
369911,0
369912,0
369913,0
369914,0
369915,0
369916,0
369917,0
369918,0
369919,0
369920,0
369921,0
369922,0
369923,0
369924,0
369925,0
369926,0
369927,0
369928,0
369929,0
369930,0
369931,0
369932,0
369933,0
369934,0
369935,0
369936,0
369937,0
369938,0
369939,0
369940,0
369941,0
369942,0
369943,0
369944,0
369945,0
369946,0
369947,0
369948,0
369949,0
369950,0
369951,0
369952,0
369953,0
369954,0
369955,0
369956,0
369957,0
369958,0
369959,0
369960,0
369961,0
369962,0
369963,0
369964,0
369965,0
369966,0
369967,0
369968,0
369969,0
369970,0
369971,0
369972,0
369973,0
369974,0
369975,0
369976,0
369977,0
369978,0
369979,0
369980,0
369981,0
369982,0
369983,0
369984,0
369985,0
369986,0
369987,0
369988,0
369989,0
369990,0
369991,0
369992,0
369993,0
369994,0
369995,0
369996,0
369997,0
369998,0
369999,0
370000,0
370001,0
370002,0
370003,0
370004,0
370005,0
370006,0
370007,0
370008,0
370009,0
370010,0
370011,0
370012,0
370013,0
370014,0
370015,0
370016,0
370017,0
370018,0
370019,0
370020,0
370021,0
370022,0
370023,0
370024,0
370025,0
370026,0
370027,0
370028,0
370029,0
370030,0
370031,0
370032,0
370033,0
370034,0
370035,0
370036,0
370037,0
370038,0
370039,0
370040,0
370041,0
370042,0
370043,0
370044,0
370045,0
370046,0
370047,0
370048,0
370049,0
370050,0
370051,0
370052,0
370053,0
370054,0
370055,0
370056,0
370057,0
370058,0
370059,0
370060,0
370061,0
370062,0
370063,0
370064,0
370065,0
370066,0
370067,0
370068,0
370069,0
370070,0
370071,0
370072,0
370073,0
370074,0
370075,0
370076,0
370077,0
370078,0
370079,0
370080,0
370081,0
370082,0
370083,0
370084,0
370085,0
370086,0
370087,0
370088,0
370089,0
370090,0
370091,0
370092,0
370093,0
370094,0
370095,0
370096,0
370097,0
370098,0
370099,0
370100,0
370101,0
370102,0
370103,0
370104,0
370105,0
370106,0
370107,0
370108,0
370109,0
370110,0
370111,0
370112,0
370113,0
370114,0
370115,0
370116,0
370117,0
370118,0
370119,0
370120,0
370121,0
370122,0
370123,0
370124,0
370125,0
370126,0
370127,0
370128,0
370129,0
370130,0
370131,0
370132,0
370133,0
370134,0
370135,0
370136,0
370137,0
370138,0
370139,0
370140,0
370141,0
370142,0
370143,0
370144,0
370145,0
370146,0
370147,0
370148,0
370149,0
370150,0
370151,0
370152,0
370153,0
370154,0
370155,0
370156,0
370157,0
370158,0
370159,0
370160,0
370161,0
370162,0
370163,0
370164,0
370165,0
370166,0
370167,0
370168,0
370169,0
370170,0
370171,0
370172,0
370173,0
370174,0
370175,0
370176,0
370177,0
370178,0
370179,0
370180,0
370181,0
370182,0
370183,0
370184,0
370185,0
370186,0
370187,0
370188,0
370189,0
370190,0
370191,0
370192,0
370193,0
370194,0
370195,0
370196,0
370197,0
370198,0
370199,0
370200,0
370201,0
370202,0
370203,0
370204,0
370205,0
370206,0
370207,0
370208,0
370209,0
370210,0
370211,0
370212,0
370213,0
370214,0
370215,0
370216,0
370217,0
370218,0
370219,0
370220,0
370221,0
370222,0
370223,0
370224,0
370225,0
370226,0
370227,0
370228,0
370229,0
370230,0
370231,0
370232,0
370233,0
370234,0
370235,0
370236,0
370237,0
370238,0
370239,0
370240,0
370241,0
370242,0
370243,0
370244,0
370245,0
370246,0
370247,0
370248,0
370249,0
370250,0
370251,0
370252,0
370253,0
370254,0
370255,0
370256,0
370257,0
370258,0
370259,0
370260,0
370261,0
370262,0
370263,0
370264,0
370265,0
370266,0
370267,0
370268,0
370269,0
370270,0
370271,0
370272,0
370273,0
370274,0
370275,0
370276,0
370277,0
370278,0
370279,0
370280,0
370281,0
370282,0
370283,0
370284,0
370285,0
370286,0
370287,0
370288,0
370289,0
370290,0
370291,0
370292,0
370293,0
370294,0
370295,0
370296,0
370297,0
370298,0
370299,0
370300,0
370301,0
370302,0
370303,0
370304,0
370305,0
370306,0
370307,0
370308,0
370309,0
370310,0
370311,0
370312,0
370313,0
370314,0
370315,0
370316,0
370317,0
370318,0
370319,0
370320,0
370321,0
370322,0
370323,0
370324,0
370325,0
370326,0
370327,0
370328,0
370329,0
370330,0
370331,0
370332,0
370333,0
370334,0
370335,0
370336,0
370337,0
370338,0
370339,0
370340,0
370341,0
370342,0
370343,0
370344,0
370345,0
370346,0
370347,0
370348,0
370349,0
370350,0
370351,0
370352,0
370353,0
370354,0
370355,0
370356,0
370357,0
370358,0
370359,0
370360,0
370361,0
370362,0
370363,0
370364,0
370365,0
370366,0
370367,0
370368,0
370369,0
370370,0
370371,0
370372,0
370373,0
370374,0
370375,0
370376,0
370377,0
370378,0
370379,0
370380,0
370381,0
370382,0
370383,0
370384,0
370385,0
370386,0
370387,0
370388,0
370389,0
370390,0
370391,0
370392,0
370393,0
370394,0
370395,0
370396,0
370397,0
370398,0
370399,0
370400,0
370401,0
370402,0
370403,0
370404,0
370405,0
370406,0
370407,0
370408,0
370409,0
370410,0
370411,0
370412,0
370413,0
370414,0
370415,0
370416,0
370417,0
370418,0
370419,0
370420,0
370421,0
370422,0
370423,0
370424,0
370425,0
370426,0
370427,0
370428,0
370429,0
370430,0
370431,0
370432,0
370433,0
370434,0
370435,0
370436,0
370437,0
370438,0
370439,0
370440,0
370441,0
370442,0
370443,0
370444,0
370445,0
370446,0
370447,0
370448,0
370449,0
370450,0
370451,0
370452,0
370453,0
370454,0
370455,0
370456,0
370457,0
370458,0
370459,0
370460,0
370461,0
370462,0
370463,0
370464,0
370465,0
370466,0
370467,0
370468,0
370469,0
370470,0
370471,0
370472,0
370473,0
370474,0
370475,0
370476,0
370477,0
370478,0
370479,0
370480,0
370481,0
370482,0
370483,0
370484,0
370485,0
370486,0
370487,0
370488,0
370489,0
370490,0
370491,0
370492,0
370493,0
370494,0
370495,0
370496,0
370497,0
370498,0
370499,0
370500,0
370501,0
370502,0
370503,0
370504,0
370505,0
370506,0
370507,0
370508,0
370509,0
370510,0
370511,0
370512,0
370513,0
370514,0
370515,0
370516,0
370517,0
370518,0
370519,0
370520,0
370521,0
370522,0
370523,0
370524,0
370525,0
370526,0
370527,0
370528,0
370529,0
370530,0
370531,0
370532,0
370533,0
370534,0
370535,0
370536,0
370537,0
370538,0
370539,0
370540,0
370541,0
370542,0
370543,0
370544,0
370545,0
370546,0
370547,0
370548,0
370549,0
370550,0
370551,0
370552,0
370553,0
370554,0
370555,0
370556,0
370557,0
370558,0
370559,0
370560,0
370561,0
370562,0
370563,0
370564,0
370565,0
370566,0
370567,0
370568,0
370569,0
370570,0
370571,0
370572,0
370573,0
370574,0
370575,0
370576,0
370577,0
370578,0
370579,0
370580,0
370581,0
370582,0
370583,0
370584,0
370585,0
370586,0
370587,0
370588,0
370589,0
370590,0
370591,0
370592,0
370593,0
370594,0
370595,0
370596,0
370597,0
370598,0
370599,0
370600,0
370601,0
370602,0
370603,0
370604,0
370605,0
370606,0
370607,0
370608,0
370609,0
370610,0
370611,0
370612,0
370613,0
370614,0
370615,0
370616,0
370617,0
370618,0
370619,0
370620,0
370621,0
370622,0
370623,0
370624,0
370625,0
370626,0
370627,0
370628,0
370629,0
370630,0
370631,0
370632,0
370633,0
370634,0
370635,0
370636,0
370637,0
370638,0
370639,0
370640,0
370641,0
370642,0
370643,0
370644,0
370645,0
370646,0
370647,0
370648,0
370649,0
370650,0
370651,0
370652,0
370653,0
370654,0
370655,0
370656,0
370657,0
370658,0
370659,0
370660,0
370661,0
370662,0
370663,0
370664,0
370665,0
370666,0
370667,0
370668,0
370669,0
370670,0
370671,0
370672,0
370673,0
370674,0
370675,0
370676,0
370677,0
370678,0
370679,0
370680,0
370681,0
370682,0
370683,0
370684,0
370685,0
370686,0
370687,0
370688,0
370689,0
370690,0
370691,0
370692,0
370693,0
370694,0
370695,0
370696,0
370697,0
370698,0
370699,0
370700,0
370701,0
370702,0
370703,0
370704,0
370705,0
370706,0
370707,0
370708,0
370709,0
370710,0
370711,0
370712,0
370713,0
370714,0
370715,0
370716,0
370717,0
370718,0
370719,0
370720,0
370721,0
370722,0
370723,0
370724,0
370725,0
370726,0
370727,0
370728,0
370729,0
370730,0
370731,0
370732,0
370733,0
370734,0
370735,0
370736,0
370737,0
370738,0
370739,0
370740,0
370741,0
370742,0
370743,0
370744,0
370745,0
370746,0
370747,0
370748,0
370749,0
370750,0
370751,0
370752,0
370753,0
370754,0
370755,0
370756,0
370757,0
370758,0
370759,0
370760,0
370761,0
370762,0
370763,0
370764,0
370765,0
370766,0
370767,0
370768,0
370769,0
370770,0
370771,0
370772,0
370773,0
370774,0
370775,0
370776,0
370777,0
370778,0
370779,0
370780,0
370781,0
370782,0
370783,0
370784,0
370785,0
370786,0
370787,0
370788,0
370789,0
370790,0
370791,0
370792,0
370793,0
370794,0
370795,0
370796,0
370797,0
370798,0
370799,0
370800,0
370801,0
370802,0
370803,0
370804,0
370805,0
370806,0
370807,0
370808,0
370809,0
370810,0
370811,0
370812,0
370813,0
370814,0
370815,0
370816,0
370817,0
370818,0
370819,0
370820,0
370821,0
370822,0
370823,0
370824,0
370825,0
370826,0
370827,0
370828,0
370829,0
370830,0
370831,0
370832,0
370833,0
370834,0
370835,0
370836,0
370837,0
370838,0
370839,0
370840,0
370841,0
370842,0
370843,0
370844,0
370845,0
370846,0
370847,0
370848,0
370849,0
370850,0
370851,0
370852,0
370853,0
370854,0
370855,0
370856,0
370857,0
370858,0
370859,0
370860,0
370861,0
370862,0
370863,0
370864,0
370865,0
370866,0
370867,0
370868,0
370869,0
370870,0
370871,0
370872,0
370873,0
370874,0
370875,0
370876,0
370877,0
370878,0
370879,0
370880,0
370881,0
370882,0
370883,0
370884,0
370885,0
370886,0
370887,0
370888,0
370889,0
370890,0
370891,0
370892,0
370893,0
370894,0
370895,0
370896,0
370897,0
370898,0
370899,0
370900,0
370901,0
370902,0
370903,0
370904,0
370905,0
370906,0
370907,0
370908,0
370909,0
370910,0
370911,0
370912,0
370913,0
370914,0
370915,0
370916,0
370917,0
370918,0
370919,0
370920,0
370921,0
370922,0
370923,0
370924,0
370925,0
370926,0
370927,0
370928,0
370929,0
370930,0
370931,0
370932,0
370933,0
370934,0
370935,0
370936,0
370937,0
370938,0
370939,0
370940,0
370941,0
370942,0
370943,0
370944,0
370945,0
370946,0
370947,0
370948,0
370949,0
370950,0
370951,0
370952,0
370953,0
370954,0
370955,0
370956,0
370957,0
370958,0
370959,0
370960,0
370961,0
370962,0
370963,0
370964,0
370965,0
370966,0
370967,0
370968,0
370969,0
370970,0
370971,0
370972,0
370973,0
370974,0
370975,0
370976,0
370977,0
370978,0
370979,0
370980,0
370981,0
370982,0
370983,0
370984,0
370985,0
370986,0
370987,0
370988,0
370989,0
370990,0
370991,0
370992,0
370993,0
370994,0
370995,0
370996,0
370997,0
370998,0
370999,0
371000,0
371001,0
371002,0
371003,0
371004,0
371005,0
371006,0
371007,0
371008,0
371009,0
371010,0
371011,0
371012,0
371013,0
371014,0
371015,0
371016,0
371017,0
371018,0
371019,0
371020,0
371021,0
371022,0
371023,0
371024,0
371025,0
371026,0
371027,0
371028,0
371029,0
371030,0
371031,0
371032,0
371033,0
371034,0
371035,0
371036,0
371037,0
371038,0
371039,0
371040,0
371041,0
371042,0
371043,0
371044,0
371045,0
371046,0
371047,0
371048,0
371049,0
371050,0
371051,0
371052,0
371053,0
371054,0
371055,0
371056,0
371057,0
371058,0
371059,0
371060,0
371061,0
371062,0
371063,0
371064,0
371065,0
371066,0
371067,0
371068,0
371069,0
371070,0
371071,0
371072,0
371073,0
371074,0
371075,0
371076,0
371077,0
371078,0
371079,0
371080,0
371081,0
371082,0
371083,0
371084,0
371085,0
371086,0
371087,0
371088,0
371089,0
371090,0
371091,0
371092,0
371093,0
371094,0
371095,0
371096,0
371097,0
371098,0
371099,0
371100,0
371101,0
371102,0
371103,0
371104,0
371105,0
371106,0
371107,0
371108,0
371109,0
371110,0
371111,0
371112,0
371113,0
371114,0
371115,0
371116,0
371117,0
371118,0
371119,0
371120,0
371121,0
371122,0
371123,0
371124,0
371125,0
371126,0
371127,0
371128,0
371129,0
371130,0
371131,0
371132,0
371133,0
371134,0
371135,0
371136,0
371137,0
371138,0
371139,0
371140,0
371141,0
371142,0
371143,0
371144,0
371145,0
371146,0
371147,0
371148,0
371149,0
371150,0
371151,0
371152,0
371153,0
371154,0
371155,0
371156,0
371157,0
371158,0
371159,0
371160,0
371161,0
371162,0
371163,0
371164,0
371165,0
371166,0
371167,0
371168,0
371169,0
371170,0
371171,0
371172,0
371173,0
371174,0
371175,0
371176,0
371177,0
371178,0
371179,0
371180,0
371181,0
371182,0
371183,0
371184,0
371185,0
371186,0
371187,0
371188,0
371189,0
371190,0
371191,0
371192,0
371193,0
371194,0
371195,0
371196,0
371197,0
371198,0
371199,0
371200,0
371201,0
371202,0
371203,0
371204,0
371205,0
371206,0
371207,0
371208,0
371209,0
371210,0
371211,0
371212,0
371213,0
371214,0
371215,0
371216,0
371217,0
371218,0
371219,0
371220,0
371221,0
371222,0
371223,0
371224,0
371225,0
371226,0
371227,0
371228,0
371229,0
371230,0
371231,0
371232,0
371233,0
371234,0
371235,0
371236,0
371237,0
371238,0
371239,0
371240,0
371241,0
371242,0
371243,0
371244,0
371245,0
371246,0
371247,0
371248,0
371249,0
371250,0
371251,0
371252,0
371253,0
371254,0
371255,0
371256,0
371257,0
371258,0
371259,0
371260,0
371261,0
371262,0
371263,0
371264,0
371265,0
371266,0
371267,0
371268,0
371269,0
371270,0
371271,0
371272,0
371273,0
371274,0
371275,0
371276,0
371277,0
371278,0
371279,0
371280,0
371281,0
371282,0
371283,0
371284,0
371285,0
371286,0
371287,0
371288,0
371289,0
371290,0
371291,0
371292,0
371293,0
371294,0
371295,0
371296,0
371297,0
371298,0
371299,0
371300,0
371301,0
371302,0
371303,0
371304,0
371305,0
371306,0
371307,0
371308,0
371309,0
371310,0
371311,0
371312,0
371313,0
371314,0
371315,0
371316,0
371317,0
371318,0
371319,0
371320,0
371321,0
371322,0
371323,0
371324,0
371325,0
371326,0
371327,0
371328,0
371329,0
371330,0
371331,0
371332,0
371333,0
371334,0
371335,0
371336,0
371337,0
371338,0
371339,0
371340,0
371341,0
371342,0
371343,0
371344,0
371345,0
371346,0
371347,0
371348,0
371349,0
371350,0
371351,0
371352,0
371353,0
371354,0
371355,0
371356,0
371357,0
371358,0
371359,0
371360,0
371361,0
371362,0
371363,0
371364,0
371365,0
371366,0
371367,0
371368,0
371369,0
371370,0
371371,0
371372,0
371373,0
371374,0
371375,0
371376,0
371377,0
371378,0
371379,0
371380,0
371381,0
371382,0
371383,0
371384,0
371385,0
371386,0
371387,0
371388,0
371389,0
371390,0
371391,0
371392,0
371393,0
371394,0
371395,0
371396,0
371397,0
371398,0
371399,0
371400,0
371401,0
371402,0
371403,0
371404,0
371405,0
371406,0
371407,0
371408,0
371409,0
371410,0
371411,0
371412,0
371413,0
371414,0
371415,0
371416,0
371417,0
371418,0
371419,0
371420,0
371421,0
371422,0
371423,0
371424,0
371425,0
371426,0
371427,0
371428,0
371429,0
371430,0
371431,0
371432,0
371433,0
371434,0
371435,0
371436,0
371437,0
371438,0
371439,0
371440,0
371441,0
371442,0
371443,0
371444,0
371445,0
371446,0
371447,0
371448,0
371449,0
371450,0
371451,0
371452,0
371453,0
371454,0
371455,0
371456,0
371457,0
371458,0
371459,0
371460,0
371461,0
371462,0
371463,0
371464,0
371465,0
371466,0
371467,0
371468,0
371469,0
371470,0
371471,0
371472,0
371473,0
371474,0
371475,0
371476,0
371477,0
371478,0
371479,0
371480,0
371481,0
371482,0
371483,0
371484,0
371485,0
371486,0
371487,0
371488,0
371489,0
371490,0
371491,0
371492,0
371493,0
371494,0
371495,0
371496,0
371497,0
371498,0
371499,0
371500,0
371501,0
371502,0
371503,0
371504,0
371505,0
371506,0
371507,0
371508,0
371509,0
371510,0
371511,0
371512,0
371513,0
371514,0
371515,0
371516,0
371517,0
371518,0
371519,0
371520,0
371521,0
371522,0
371523,0
371524,0
371525,0
371526,0
371527,0
371528,0
371529,0
371530,0
371531,0
371532,0
371533,0
371534,0
371535,0
371536,0
371537,0
371538,0
371539,0
371540,0
371541,0
371542,0
371543,0
371544,0
371545,0
371546,0
371547,0
371548,0
371549,0
371550,0
371551,0
371552,0
371553,0
371554,0
371555,0
371556,0
371557,0
371558,0
371559,0
371560,0
371561,0
371562,0
371563,0
371564,0
371565,0
371566,0
371567,0
371568,0
371569,0
371570,0
371571,0
371572,0
371573,0
371574,0
371575,0
371576,0
371577,0
371578,0
371579,0
371580,0
371581,0
371582,0
371583,0
371584,0
371585,0
371586,0
371587,0
371588,0
371589,0
371590,0
371591,0
371592,0
371593,0
371594,0
371595,0
371596,0
371597,0
371598,0
371599,0
371600,0
371601,0
371602,0
371603,0
371604,0
371605,0
371606,0
371607,0
371608,0
371609,0
371610,0
371611,0
371612,0
371613,0
371614,0
371615,0
371616,0
371617,0
371618,0
371619,0
371620,0
371621,0
371622,0
371623,0
371624,0
371625,0
371626,0
371627,0
371628,0
371629,0
371630,0
371631,0
371632,0
371633,0
371634,0
371635,0
371636,0
371637,0
371638,0
371639,0
371640,0
371641,0
371642,0
371643,0
371644,0
371645,0
371646,0
371647,0
371648,0
371649,0
371650,0
371651,0
371652,0
371653,0
371654,0
371655,0
371656,0
371657,0
371658,0
371659,0
371660,0
371661,0
371662,0
371663,0
371664,0
371665,0
371666,0
371667,0
371668,0
371669,0
371670,0
371671,0
371672,0
371673,0
371674,0
371675,0
371676,0
371677,0
371678,0
371679,0
371680,0
371681,0
371682,0
371683,0
371684,0
371685,0
371686,0
371687,0
371688,0
371689,0
371690,0
371691,0
371692,0
371693,0
371694,0
371695,0
371696,0
371697,0
371698,0
371699,0
371700,0
371701,0
371702,0
371703,0
371704,0
371705,0
371706,0
371707,0
371708,0
371709,0
371710,0
371711,0
371712,0
371713,0
371714,0
371715,0
371716,0
371717,0
371718,0
371719,0
371720,0
371721,0
371722,0
371723,0
371724,0
371725,0
371726,0
371727,0
371728,0
371729,0
371730,0
371731,0
371732,0
371733,0
371734,0
371735,0
371736,0
371737,0
371738,0
371739,0
371740,0
371741,0
371742,0
371743,0
371744,0
371745,0
371746,0
371747,0
371748,0
371749,0
371750,0
371751,0
371752,0
371753,0
371754,0
371755,0
371756,0
371757,0
371758,0
371759,0
371760,0
371761,0
371762,0
371763,0
371764,0
371765,0
371766,0
371767,0
371768,0
371769,0
371770,0
371771,0
371772,0
371773,0
371774,0
371775,0
371776,0
371777,0
371778,0
371779,0
371780,0
371781,0
371782,0
371783,0
371784,0
371785,0
371786,0
371787,0
371788,0
371789,0
371790,0
371791,0
371792,0
371793,0
371794,0
371795,0
371796,0
371797,0
371798,0
371799,0
371800,0
371801,0
371802,0
371803,0
371804,0
371805,0
371806,0
371807,0
371808,0
371809,0
371810,0
371811,0
371812,0
371813,0
371814,0
371815,0
371816,0
371817,0
371818,0
371819,0
371820,0
371821,0
371822,0
371823,0
371824,0
371825,0
371826,0
371827,0
371828,0
371829,0
371830,0
371831,0
371832,0
371833,0
371834,0
371835,0
371836,0
371837,0
371838,0
371839,0
371840,0
371841,0
371842,0
371843,0
371844,0
371845,0
371846,0
371847,0
371848,0
371849,0
371850,0
371851,0
371852,0
371853,0
371854,0
371855,0
371856,0
371857,0
371858,0
371859,0
371860,0
371861,0
371862,0
371863,0
371864,0
371865,0
371866,0
371867,0
371868,0
371869,0
371870,0
371871,0
371872,0
371873,0
371874,0
371875,0
371876,0
371877,0
371878,0
371879,0
371880,0
371881,0
371882,0
371883,0
371884,0
371885,0
371886,0
371887,0
371888,0
371889,0
371890,0
371891,0
371892,0
371893,0
371894,0
371895,0
371896,0
371897,0
371898,0
371899,0
371900,0
371901,0
371902,0
371903,0
371904,0
371905,0
371906,0
371907,0
371908,0
371909,0
371910,0
371911,0
371912,0
371913,0
371914,0
371915,0
371916,0
371917,0
371918,0
371919,0
371920,0
371921,0
371922,0
371923,0
371924,0
371925,0
371926,0
371927,0
371928,0
371929,0
371930,0
371931,0
371932,0
371933,0
371934,0
371935,0
371936,0
371937,0
371938,0
371939,0
371940,0
371941,0
371942,0
371943,0
371944,0
371945,0
371946,0
371947,0
371948,0
371949,0
371950,0
371951,0
371952,0
371953,0
371954,0
371955,0
371956,0
371957,0
371958,0
371959,0
371960,0
371961,0
371962,0
371963,0
371964,0
371965,0
371966,0
371967,0
371968,0
371969,0
371970,0
371971,0
371972,0
371973,0
371974,0
371975,0
371976,0
371977,0
371978,0
371979,0
371980,0
371981,0
371982,0
371983,0
371984,0
371985,0
371986,0
371987,0
371988,0
371989,0
371990,0
371991,0
371992,0
371993,0
371994,0
371995,0
371996,0
371997,0
371998,0
371999,0
372000,0
372001,0
372002,0
372003,0
372004,0
372005,0
372006,0
372007,0
372008,0
372009,0
372010,0
372011,0
372012,0
372013,0
372014,0
372015,0
372016,0
372017,0
372018,0
372019,0
372020,0
372021,0
372022,0
372023,0
372024,0
372025,0
372026,0
372027,0
372028,0
372029,0
372030,0
372031,0
372032,0
372033,0
372034,0
372035,0
372036,0
372037,0
372038,0
372039,0
372040,0
372041,0
372042,0
372043,0
372044,0
372045,0
372046,0
372047,0
372048,0
372049,0
372050,0
372051,0
372052,0
372053,0
372054,0
372055,0
372056,0
372057,0
372058,0
372059,0
372060,0
372061,0
372062,0
372063,0
372064,0
372065,0
372066,0
372067,0
372068,0
372069,0
372070,0
372071,0
372072,0
372073,0
372074,0
372075,0
372076,0
372077,0
372078,0
372079,0
372080,0
372081,0
372082,0
372083,0
372084,0
372085,0
372086,0
372087,0
372088,0
372089,0
372090,0
372091,0
372092,0
372093,0
372094,0
372095,0
372096,0
372097,0
372098,0
372099,0
372100,0
372101,0
372102,0
372103,0
372104,0
372105,0
372106,0
372107,0
372108,0
372109,0
372110,0
372111,0
372112,0
372113,0
372114,0
372115,0
372116,0
372117,0
372118,0
372119,0
372120,0
372121,0
372122,0
372123,0
372124,0
372125,0
372126,0
372127,0
372128,0
372129,0
372130,0
372131,0
372132,0
372133,0
372134,0
372135,0
372136,0
372137,0
372138,0
372139,0
372140,0
372141,0
372142,0
372143,0
372144,0
372145,0
372146,0
372147,0
372148,0
372149,0
372150,0
372151,0
372152,0
372153,0
372154,0
372155,0
372156,0
372157,0
372158,0
372159,0
372160,0
372161,0
372162,0
372163,0
372164,0
372165,0
372166,0
372167,0
372168,0
372169,0
372170,0
372171,0
372172,0
372173,0
372174,0
372175,0
372176,0
372177,0
372178,0
372179,0
372180,0
372181,0
372182,0
372183,0
372184,0
372185,0
372186,0
372187,0
372188,0
372189,0
372190,0
372191,0
372192,0
372193,0
372194,0
372195,0
372196,0
372197,0
372198,0
372199,0
372200,0
372201,0
372202,0
372203,0
372204,0
372205,0
372206,0
372207,0
372208,0
372209,0
372210,0
372211,0
372212,0
372213,0
372214,0
372215,0
372216,0
372217,0
372218,0
372219,0
372220,0
372221,0
372222,0
372223,0
372224,0
372225,0
372226,0
372227,0
372228,0
372229,0
372230,0
372231,0
372232,0
372233,0
372234,0
372235,0
372236,0
372237,0
372238,0
372239,0
372240,0
372241,0
372242,0
372243,0
372244,0
372245,0
372246,0
372247,0
372248,0
372249,0
372250,0
372251,0
372252,0
372253,0
372254,0
372255,0
372256,0
372257,0
372258,0
372259,0
372260,0
372261,0
372262,0
372263,0
372264,0
372265,0
372266,0
372267,0
372268,0
372269,0
372270,0
372271,0
372272,0
372273,0
372274,0
372275,0
372276,0
372277,0
372278,0
372279,0
372280,0
372281,0
372282,0
372283,0
372284,0
372285,0
372286,0
372287,0
372288,0
372289,0
372290,0
372291,0
372292,0
372293,0
372294,0
372295,0
372296,0
372297,0
372298,0
372299,0
372300,0
372301,0
372302,0
372303,0
372304,0
372305,0
372306,0
372307,0
372308,0
372309,0
372310,0
372311,0
372312,0
372313,0
372314,0
372315,0
372316,0
372317,0
372318,0
372319,0
372320,0
372321,0
372322,0
372323,0
372324,0
372325,0
372326,0
372327,0
372328,0
372329,0
372330,0
372331,0
372332,0
372333,0
372334,0
372335,0
372336,0
372337,0
372338,0
372339,0
372340,0
372341,0
372342,0
372343,0
372344,0
372345,0
372346,0
372347,0
372348,0
372349,0
372350,0
372351,0
372352,0
372353,0
372354,0
372355,0
372356,0
372357,0
372358,0
372359,0
372360,0
372361,0
372362,0
372363,0
372364,0
372365,0
372366,0
372367,0
372368,0
372369,0
372370,0
372371,0
372372,0
372373,0
372374,0
372375,0
372376,0
372377,0
372378,0
372379,0
372380,0
372381,0
372382,0
372383,0
372384,0
372385,0
372386,0
372387,0
372388,0
372389,0
372390,0
372391,0
372392,0
372393,0
372394,0
372395,0
372396,0
372397,0
372398,0
372399,0
372400,0
372401,0
372402,0
372403,0
372404,0
372405,0
372406,0
372407,0
372408,0
372409,0
372410,0
372411,0
372412,0
372413,0
372414,0
372415,0
372416,0
372417,0
372418,0
372419,0
372420,0
372421,0
372422,0
372423,0
372424,0
372425,0
372426,0
372427,0
372428,0
372429,0
372430,0
372431,0
372432,0
372433,0
372434,0
372435,0
372436,0
372437,0
372438,0
372439,0
372440,0
372441,0
372442,0
372443,0
372444,0
372445,0
372446,0
372447,0
372448,0
372449,0
372450,0
372451,0
372452,0
372453,0
372454,0
372455,0
372456,0
372457,0
372458,0
372459,0
372460,0
372461,0
372462,0
372463,0
372464,0
372465,0
372466,0
372467,0
372468,0
372469,0
372470,0
372471,0
372472,0
372473,0
372474,0
372475,0
372476,0
372477,0
372478,0
372479,0
372480,0
372481,0
372482,0
372483,0
372484,0
372485,0
372486,0
372487,0
372488,0
372489,0
372490,0
372491,0
372492,0
372493,0
372494,0
372495,0
372496,0
372497,0
372498,0
372499,0
372500,0
372501,0
372502,0
372503,0
372504,0
372505,0
372506,0
372507,0
372508,0
372509,0
372510,0
372511,0
372512,0
372513,0
372514,0
372515,0
372516,0
372517,0
372518,0
372519,0
372520,0
372521,0
372522,0
372523,0
372524,0
372525,0
372526,0
372527,0
372528,0
372529,0
372530,0
372531,0
372532,0
372533,0
372534,0
372535,0
372536,0
372537,0
372538,0
372539,0
372540,0
372541,0
372542,0
372543,0
372544,0
372545,0
372546,0
372547,0
372548,0
372549,0
372550,0
372551,0
372552,0
372553,0
372554,0
372555,0
372556,0
372557,0
372558,0
372559,0
372560,0
372561,0
372562,0
372563,0
372564,0
372565,0
372566,0
372567,0
372568,0
372569,0
372570,0
372571,0
372572,0
372573,0
372574,0
372575,0
372576,0
372577,0
372578,0
372579,0
372580,0
372581,0
372582,0
372583,0
372584,0
372585,0
372586,0
372587,0
372588,0
372589,0
372590,0
372591,0
372592,0
372593,0
372594,0
372595,0
372596,0
372597,0
372598,0
372599,0
372600,0
372601,0
372602,0
372603,0
372604,0
372605,0
372606,0
372607,0
372608,0
372609,0
372610,0
372611,0
372612,0
372613,0
372614,0
372615,0
372616,0
372617,0
372618,0
372619,0
372620,0
372621,0
372622,0
372623,0
372624,0
372625,0
372626,0
372627,0
372628,0
372629,0
372630,0
372631,0
372632,0
372633,0
372634,0
372635,0
372636,0
372637,0
372638,0
372639,0
372640,0
372641,0
372642,0
372643,0
372644,0
372645,0
372646,0
372647,0
372648,0
372649,0
372650,0
372651,0
372652,0
372653,0
372654,0
372655,0
372656,0
372657,0
372658,0
372659,0
372660,0
372661,0
372662,0
372663,0
372664,0
372665,0
372666,0
372667,0
372668,0
372669,0
372670,0
372671,0
372672,0
372673,0
372674,0
372675,0
372676,0
372677,0
372678,0
372679,0
372680,0
372681,0
372682,0
372683,0
372684,0
372685,0
372686,0
372687,0
372688,0
372689,0
372690,0
372691,0
372692,0
372693,0
372694,0
372695,0
372696,0
372697,0
372698,0
372699,0
372700,0
372701,0
372702,0
372703,0
372704,0
372705,0
372706,0
372707,0
372708,0
372709,0
372710,0
372711,0
372712,0
372713,0
372714,0
372715,0
372716,0
372717,0
372718,0
372719,0
372720,0
372721,0
372722,0
372723,0
372724,0
372725,0
372726,0
372727,0
372728,0
372729,0
372730,0
372731,0
372732,0
372733,0
372734,0
372735,0
372736,0
372737,0
372738,0
372739,0
372740,0
372741,0
372742,0
372743,0
372744,0
372745,0
372746,0
372747,0
372748,0
372749,0
372750,0
372751,0
372752,0
372753,0
372754,0
372755,0
372756,0
372757,0
372758,0
372759,0
372760,0
372761,0
372762,0
372763,0
372764,0
372765,0
372766,0
372767,0
372768,0
372769,0
372770,0
372771,0
372772,0
372773,0
372774,0
372775,0
372776,0
372777,0
372778,0
372779,0
372780,0
372781,0
372782,0
372783,0
372784,0
372785,0
372786,0
372787,0
372788,0
372789,0
372790,0
372791,0
372792,0
372793,0
372794,0
372795,0
372796,0
372797,0
372798,0
372799,0
372800,0
372801,0
372802,0
372803,0
372804,0
372805,0
372806,0
372807,0
372808,0
372809,0
372810,0
372811,0
372812,0
372813,0
372814,0
372815,0
372816,0
372817,0
372818,0
372819,0
372820,0
372821,0
372822,0
372823,0
372824,0
372825,0
372826,0
372827,0
372828,0
372829,0
372830,0
372831,0
372832,0
372833,0
372834,0
372835,0
372836,0
372837,0
372838,0
372839,0
372840,0
372841,0
372842,0
372843,0
372844,0
372845,0
372846,0
372847,0
372848,0
372849,0
372850,0
372851,0
372852,0
372853,0
372854,0
372855,0
372856,0
372857,0
372858,0
372859,0
372860,0
372861,0
372862,0
372863,0
372864,0
372865,0
372866,0
372867,0
372868,0
372869,0
372870,0
372871,0
372872,0
372873,0
372874,0
372875,0
372876,0
372877,0
372878,0
372879,0
372880,0
372881,0
372882,0
372883,0
372884,0
372885,0
372886,0
372887,0
372888,0
372889,0
372890,0
372891,0
372892,0
372893,0
372894,0
372895,0
372896,0
372897,0
372898,0
372899,0
372900,0
372901,0
372902,0
372903,0
372904,0
372905,0
372906,0
372907,0
372908,0
372909,0
372910,0
372911,0
372912,0
372913,0
372914,0
372915,0
372916,0
372917,0
372918,0
372919,0
372920,0
372921,0
372922,0
372923,0
372924,0
372925,0
372926,0
372927,0
372928,0
372929,0
372930,0
372931,0
372932,0
372933,0
372934,0
372935,0
372936,0
372937,0
372938,0
372939,0
372940,0
372941,0
372942,0
372943,0
372944,0
372945,0
372946,0
372947,0
372948,0
372949,0
372950,0
372951,0
372952,0
372953,0
372954,0
372955,0
372956,0
372957,0
372958,0
372959,0
372960,0
372961,0
372962,0
372963,0
372964,0
372965,0
372966,0
372967,0
372968,0
372969,0
372970,0
372971,0
372972,0
372973,0
372974,0
372975,0
372976,0
372977,0
372978,0
372979,0
372980,0
372981,0
372982,0
372983,0
372984,0
372985,0
372986,0
372987,0
372988,0
372989,0
372990,0
372991,0
372992,0
372993,0
372994,0
372995,0
372996,0
372997,0
372998,0
372999,0
373000,0
373001,0
373002,0
373003,0
373004,0
373005,0
373006,0
373007,0
373008,0
373009,0
373010,0
373011,0
373012,0
373013,0
373014,0
373015,0
373016,0
373017,0
373018,0
373019,0
373020,0
373021,0
373022,0
373023,0
373024,0
373025,0
373026,0
373027,0
373028,0
373029,0
373030,0
373031,0
373032,0
373033,0
373034,0
373035,0
373036,0
373037,0
373038,0
373039,0
373040,0
373041,0
373042,0
373043,0
373044,0
373045,0
373046,0
373047,0
373048,0
373049,0
373050,0
373051,0
373052,0
373053,0
373054,0
373055,0
373056,0
373057,0
373058,0
373059,0
373060,0
373061,0
373062,0
373063,0
373064,0
373065,0
373066,0
373067,0
373068,0
373069,0
373070,0
373071,0
373072,0
373073,0
373074,0
373075,0
373076,0
373077,0
373078,0
373079,0
373080,0
373081,0
373082,0
373083,0
373084,0
373085,0
373086,0
373087,0
373088,0
373089,0
373090,0
373091,0
373092,0
373093,0
373094,0
373095,0
373096,0
373097,0
373098,0
373099,0
373100,0
373101,0
373102,0
373103,0
373104,0
373105,0
373106,0
373107,0
373108,0
373109,0
373110,0
373111,0
373112,0
373113,0
373114,0
373115,0
373116,0
373117,0
373118,0
373119,0
373120,0
373121,0
373122,0
373123,0
373124,0
373125,0
373126,0
373127,0
373128,0
373129,0
373130,0
373131,0
373132,0
373133,0
373134,0
373135,0
373136,0
373137,0
373138,0
373139,0
373140,0
373141,0
373142,0
373143,0
373144,0
373145,0
373146,0
373147,0
373148,0
373149,0
373150,0
373151,0
373152,0
373153,0
373154,0
373155,0
373156,0
373157,0
373158,0
373159,0
373160,0
373161,0
373162,0
373163,0
373164,0
373165,0
373166,0
373167,0
373168,0
373169,0
373170,0
373171,0
373172,0
373173,0
373174,0
373175,0
373176,0
373177,0
373178,0
373179,0
373180,0
373181,0
373182,0
373183,0
373184,0
373185,0
373186,0
373187,0
373188,0
373189,0
373190,0
373191,0
373192,0
373193,0
373194,0
373195,0
373196,0
373197,0
373198,0
373199,0
373200,0
373201,0
373202,0
373203,0
373204,0
373205,0
373206,0
373207,0
373208,0
373209,0
373210,0
373211,0
373212,0
373213,0
373214,0
373215,0
373216,0
373217,0
373218,0
373219,0
373220,0
373221,0
373222,0
373223,0
373224,0
373225,0
373226,0
373227,0
373228,0
373229,0
373230,0
373231,0
373232,0
373233,0
373234,0
373235,0
373236,0
373237,0
373238,0
373239,0
373240,0
373241,0
373242,0
373243,0
373244,0
373245,0
373246,0
373247,0
373248,0
373249,0
373250,0
373251,0
373252,0
373253,0
373254,0
373255,0
373256,0
373257,0
373258,0
373259,0
373260,0
373261,0
373262,0
373263,0
373264,0
373265,0
373266,0
373267,0
373268,0
373269,0
373270,0
373271,0
373272,0
373273,0
373274,0
373275,0
373276,0
373277,0
373278,0
373279,0
373280,0
373281,0
373282,0
373283,0
373284,0
373285,0
373286,0
373287,0
373288,0
373289,0
373290,0
373291,0
373292,0
373293,0
373294,0
373295,0
373296,0
373297,0
373298,0
373299,0
373300,0
373301,0
373302,0
373303,0
373304,0
373305,0
373306,0
373307,0
373308,0
373309,0
373310,0
373311,0
373312,0
373313,0
373314,0
373315,0
373316,0
373317,0
373318,0
373319,0
373320,0
373321,0
373322,0
373323,0
373324,0
373325,0
373326,0
373327,0
373328,0
373329,0
373330,0
373331,0
373332,0
373333,0
373334,0
373335,0
373336,0
373337,0
373338,0
373339,0
373340,0
373341,0
373342,0
373343,0
373344,0
373345,0
373346,0
373347,0
373348,0
373349,0
373350,0
373351,0
373352,0
373353,0
373354,0
373355,0
373356,0
373357,0
373358,0
373359,0
373360,0
373361,0
373362,0
373363,0
373364,0
373365,0
373366,0
373367,0
373368,0
373369,0
373370,0
373371,0
373372,0
373373,0
373374,0
373375,0
373376,0
373377,0
373378,0
373379,0
373380,0
373381,0
373382,0
373383,0
373384,0
373385,0
373386,0
373387,0
373388,0
373389,0
373390,0
373391,0
373392,0
373393,0
373394,0
373395,0
373396,0
373397,0
373398,0
373399,0
373400,0
373401,0
373402,0
373403,0
373404,0
373405,0
373406,0
373407,0
373408,0
373409,0
373410,0
373411,0
373412,0
373413,0
373414,0
373415,0
373416,0
373417,0
373418,0
373419,0
373420,0
373421,0
373422,0
373423,0
373424,0
373425,0
373426,0
373427,0
373428,0
373429,0
373430,0
373431,0
373432,0
373433,0
373434,0
373435,0
373436,0
373437,0
373438,0
373439,0
373440,0
373441,0
373442,0
373443,0
373444,0
373445,0
373446,0
373447,0
373448,0
373449,0
373450,0
373451,0
373452,0
373453,0
373454,0
373455,0
373456,0
373457,0
373458,0
373459,0
373460,0
373461,0
373462,0
373463,0
373464,0
373465,0
373466,0
373467,0
373468,0
373469,0
373470,0
373471,0
373472,0
373473,0
373474,0
373475,0
373476,0
373477,0
373478,0
373479,0
373480,0
373481,0
373482,0
373483,0
373484,0
373485,0
373486,0
373487,0
373488,0
373489,0
373490,0
373491,0
373492,0
373493,0
373494,0
373495,0
373496,0
373497,0
373498,0
373499,0
373500,0
373501,0
373502,0
373503,0
373504,0
373505,0
373506,0
373507,0
373508,0
373509,0
373510,0
373511,0
373512,0
373513,0
373514,0
373515,0
373516,0
373517,0
373518,0
373519,0
373520,0
373521,0
373522,0
373523,0
373524,0
373525,0
373526,0
373527,0
373528,0
373529,0
373530,0
373531,0
373532,0
373533,0
373534,0
373535,0
373536,0
373537,0
373538,0
373539,0
373540,0
373541,0
373542,0
373543,0
373544,0
373545,0
373546,0
373547,0
373548,0
373549,0
373550,0
373551,0
373552,0
373553,0
373554,0
373555,0
373556,0
373557,0
373558,0
373559,0
373560,0
373561,0
373562,0
373563,0
373564,0
373565,0
373566,0
373567,0
373568,0
373569,0
373570,0
373571,0
373572,0
373573,0
373574,0
373575,0
373576,0
373577,0
373578,0
373579,0
373580,0
373581,0
373582,0
373583,0
373584,0
373585,0
373586,0
373587,0
373588,0
373589,0
373590,0
373591,0
373592,0
373593,0
373594,0
373595,0
373596,0
373597,0
373598,0
373599,0
373600,0
373601,0
373602,0
373603,0
373604,0
373605,0
373606,0
373607,0
373608,0
373609,0
373610,0
373611,0
373612,0
373613,0
373614,0
373615,0
373616,0
373617,0
373618,0
373619,0
373620,0
373621,0
373622,0
373623,0
373624,0
373625,0
373626,0
373627,0
373628,0
373629,0
373630,0
373631,0
373632,0
373633,0
373634,0
373635,0
373636,0
373637,0
373638,0
373639,0
373640,0
373641,0
373642,0
373643,0
373644,0
373645,0
373646,0
373647,0
373648,0
373649,0
373650,0
373651,0
373652,0
373653,0
373654,0
373655,0
373656,0
373657,0
373658,0
373659,0
373660,0
373661,0
373662,0
373663,0
373664,0
373665,0
373666,0
373667,0
373668,0
373669,0
373670,0
373671,0
373672,0
373673,0
373674,0
373675,0
373676,0
373677,0
373678,0
373679,0
373680,0
373681,0
373682,0
373683,0
373684,0
373685,0
373686,0
373687,0
373688,0
373689,0
373690,0
373691,0
373692,0
373693,0
373694,0
373695,0
373696,0
373697,0
373698,0
373699,0
373700,0
373701,0
373702,0
373703,0
373704,0
373705,0
373706,0
373707,0
373708,0
373709,0
373710,0
373711,0
373712,0
373713,0
373714,0
373715,0
373716,0
373717,0
373718,0
373719,0
373720,0
373721,0
373722,0
373723,0
373724,0
373725,0
373726,0
373727,0
373728,0
373729,0
373730,0
373731,0
373732,0
373733,0
373734,0
373735,0
373736,0
373737,0
373738,0
373739,0
373740,0
373741,0
373742,0
373743,0
373744,0
373745,0
373746,0
373747,0
373748,0
373749,0
373750,0
373751,0
373752,0
373753,0
373754,0
373755,0
373756,0
373757,0
373758,0
373759,0
373760,0
373761,0
373762,0
373763,0
373764,0
373765,0
373766,0
373767,0
373768,0
373769,0
373770,0
373771,0
373772,0
373773,0
373774,0
373775,0
373776,0
373777,0
373778,0
373779,0
373780,0
373781,0
373782,0
373783,0
373784,0
373785,0
373786,0
373787,0
373788,0
373789,0
373790,0
373791,0
373792,0
373793,0
373794,0
373795,0
373796,0
373797,0
373798,0
373799,0
373800,0
373801,0
373802,0
373803,0
373804,0
373805,0
373806,0
373807,0
373808,0
373809,0
373810,0
373811,0
373812,0
373813,0
373814,0
373815,0
373816,0
373817,0
373818,0
373819,0
373820,0
373821,0
373822,0
373823,0
373824,0
373825,0
373826,0
373827,0
373828,0
373829,0
373830,0
373831,0
373832,0
373833,0
373834,0
373835,0
373836,0
373837,0
373838,0
373839,0
373840,0
373841,0
373842,0
373843,0
373844,0
373845,0
373846,0
373847,0
373848,0
373849,0
373850,0
373851,0
373852,0
373853,0
373854,0
373855,0
373856,0
373857,0
373858,0
373859,0
373860,0
373861,0
373862,0
373863,0
373864,0
373865,0
373866,0
373867,0
373868,0
373869,0
373870,0
373871,0
373872,0
373873,0
373874,0
373875,0
373876,0
373877,0
373878,0
373879,0
373880,0
373881,0
373882,0
373883,0
373884,0
373885,0
373886,0
373887,0
373888,0
373889,0
373890,0
373891,0
373892,0
373893,0
373894,0
373895,0
373896,0
373897,0
373898,0
373899,0
373900,0
373901,0
373902,0
373903,0
373904,0
373905,0
373906,0
373907,0
373908,0
373909,0
373910,0
373911,0
373912,0
373913,0
373914,0
373915,0
373916,0
373917,0
373918,0
373919,0
373920,0
373921,0
373922,0
373923,0
373924,0
373925,0
373926,0
373927,0
373928,0
373929,0
373930,0
373931,0
373932,0
373933,0
373934,0
373935,0
373936,0
373937,0
373938,0
373939,0
373940,0
373941,0
373942,0
373943,0
373944,0
373945,0
373946,0
373947,0
373948,0
373949,0
373950,0
373951,0
373952,0
373953,0
373954,0
373955,0
373956,0
373957,0
373958,0
373959,0
373960,0
373961,0
373962,0
373963,0
373964,0
373965,0
373966,0
373967,0
373968,0
373969,0
373970,0
373971,0
373972,0
373973,0
373974,0
373975,0
373976,0
373977,0
373978,0
373979,0
373980,0
373981,0
373982,0
373983,0
373984,0
373985,0
373986,0
373987,0
373988,0
373989,0
373990,0
373991,0
373992,0
373993,0
373994,0
373995,0
373996,0
373997,0
373998,0
373999,0
374000,0
374001,0
374002,0
374003,0
374004,0
374005,0
374006,0
374007,0
374008,0
374009,0
374010,0
374011,0
374012,0
374013,0
374014,0
374015,0
374016,0
374017,0
374018,0
374019,0
374020,0
374021,0
374022,0
374023,0
374024,0
374025,0
374026,0
374027,0
374028,0
374029,0
374030,0
374031,0
374032,0
374033,0
374034,0
374035,0
374036,0
374037,0
374038,0
374039,0
374040,0
374041,0
374042,0
374043,0
374044,0
374045,0
374046,0
374047,0
374048,0
374049,0
374050,0
374051,0
374052,0
374053,0
374054,0
374055,0
374056,0
374057,0
374058,0
374059,0
374060,0
374061,0
374062,0
374063,0
374064,0
374065,0
374066,0
374067,0
374068,0
374069,0
374070,0
374071,0
374072,0
374073,0
374074,0
374075,0
374076,0
374077,0
374078,0
374079,0
374080,0
374081,0
374082,0
374083,0
374084,0
374085,0
374086,0
374087,0
374088,0
374089,0
374090,0
374091,0
374092,0
374093,0
374094,0
374095,0
374096,0
374097,0
374098,0
374099,0
374100,0
374101,0
374102,0
374103,0
374104,0
374105,0
374106,0
374107,0
374108,0
374109,0
374110,0
374111,0
374112,0
374113,0
374114,0
374115,0
374116,0
374117,0
374118,0
374119,0
374120,0
374121,0
374122,0
374123,0
374124,0
374125,0
374126,0
374127,0
374128,0
374129,0
374130,0
374131,0
374132,0
374133,0
374134,0
374135,0
374136,0
374137,0
374138,0
374139,0
374140,0
374141,0
374142,0
374143,0
374144,0
374145,0
374146,0
374147,0
374148,0
374149,0
374150,0
374151,0
374152,0
374153,0
374154,0
374155,0
374156,0
374157,0
374158,0
374159,0
374160,0
374161,0
374162,0
374163,0
374164,0
374165,0
374166,0
374167,0
374168,0
374169,0
374170,0
374171,0
374172,0
374173,0
374174,0
374175,0
374176,0
374177,0
374178,0
374179,0
374180,0
374181,0
374182,0
374183,0
374184,0
374185,0
374186,0
374187,0
374188,0
374189,0
374190,0
374191,0
374192,0
374193,0
374194,0
374195,0
374196,0
374197,0
374198,0
374199,0
374200,0
374201,0
374202,0
374203,0
374204,0
374205,0
374206,0
374207,0
374208,0
374209,0
374210,0
374211,0
374212,0
374213,0
374214,0
374215,0
374216,0
374217,0
374218,0
374219,0
374220,0
374221,0
374222,0
374223,0
374224,0
374225,0
374226,0
374227,0
374228,0
374229,0
374230,0
374231,0
374232,0
374233,0
374234,0
374235,0
374236,0
374237,0
374238,0
374239,0
374240,0
374241,0
374242,0
374243,0
374244,0
374245,0
374246,0
374247,0
374248,0
374249,0
374250,0
374251,0
374252,0
374253,0
374254,0
374255,0
374256,0
374257,0
374258,0
374259,0
374260,0
374261,0
374262,0
374263,0
374264,0
374265,0
374266,0
374267,0
374268,0
374269,0
374270,0
374271,0
374272,0
374273,0
374274,0
374275,0
374276,0
374277,0
374278,0
374279,0
374280,0
374281,0
374282,0
374283,0
374284,0
374285,0
374286,0
374287,0
374288,0
374289,0
374290,0
374291,0
374292,0
374293,0
374294,0
374295,0
374296,0
374297,0
374298,0
374299,0
374300,0
374301,0
374302,0
374303,0
374304,0
374305,0
374306,0
374307,0
374308,0
374309,0
374310,0
374311,0
374312,0
374313,0
374314,0
374315,0
374316,0
374317,0
374318,0
374319,0
374320,0
374321,0
374322,0
374323,0
374324,0
374325,0
374326,0
374327,0
374328,0
374329,0
374330,0
374331,0
374332,0
374333,0
374334,0
374335,0
374336,0
374337,0
374338,0
374339,0
374340,0
374341,0
374342,0
374343,0
374344,0
374345,0
374346,0
374347,0
374348,0
374349,0
374350,0
374351,0
374352,0
374353,0
374354,0
374355,0
374356,0
374357,0
374358,0
374359,0
374360,0
374361,0
374362,0
374363,0
374364,0
374365,0
374366,0
374367,0
374368,0
374369,0
374370,0
374371,0
374372,0
374373,0
374374,0
374375,0
374376,0
374377,0
374378,0
374379,0
374380,0
374381,0
374382,0
374383,0
374384,0
374385,0
374386,0
374387,0
374388,0
374389,0
374390,0
374391,0
374392,0
374393,0
374394,0
374395,0
374396,0
374397,0
374398,0
374399,0
374400,0
374401,0
374402,0
374403,0
374404,0
374405,0
374406,0
374407,0
374408,0
374409,0
374410,0
374411,0
374412,0
374413,0
374414,0
374415,0
374416,0
374417,0
374418,0
374419,0
374420,0
374421,0
374422,0
374423,0
374424,0
374425,0
374426,0
374427,0
374428,0
374429,0
374430,0
374431,0
374432,0
374433,0
374434,0
374435,0
374436,0
374437,0
374438,0
374439,0
374440,0
374441,0
374442,0
374443,0
374444,0
374445,0
374446,0
374447,0
374448,0
374449,0
374450,0
374451,0
374452,0
374453,0
374454,0
374455,0
374456,0
374457,0
374458,0
374459,0
374460,0
374461,0
374462,0
374463,0
374464,0
374465,0
374466,0
374467,0
374468,0
374469,0
374470,0
374471,0
374472,0
374473,0
374474,0
374475,0
374476,0
374477,0
374478,0
374479,0
374480,0
374481,0
374482,0
374483,0
374484,0
374485,0
374486,0
374487,0
374488,0
374489,0
374490,0
374491,0
374492,0
374493,0
374494,0
374495,0
374496,0
374497,0
374498,0
374499,0
374500,0
374501,0
374502,0
374503,0
374504,0
374505,0
374506,0
374507,0
374508,0
374509,0
374510,0
374511,0
374512,0
374513,0
374514,0
374515,0
374516,0
374517,0
374518,0
374519,0
374520,0
374521,0
374522,0
374523,0
374524,0
374525,0
374526,0
374527,0
374528,0
374529,0
374530,0
374531,0
374532,0
374533,0
374534,0
374535,0
374536,0
374537,0
374538,0
374539,0
374540,0
374541,0
374542,0
374543,0
374544,0
374545,0
374546,0
374547,0
374548,0
374549,0
374550,0
374551,0
374552,0
374553,0
374554,0
374555,0
374556,0
374557,0
374558,0
374559,0
374560,0
374561,0
374562,0
374563,0
374564,0
374565,0
374566,0
374567,0
374568,0
374569,0
374570,0
374571,0
374572,0
374573,0
374574,0
374575,0
374576,0
374577,0
374578,0
374579,0
374580,0
374581,0
374582,0
374583,0
374584,0
374585,0
374586,0
374587,0
374588,0
374589,0
374590,0
374591,0
374592,0
374593,0
374594,0
374595,0
374596,0
374597,0
374598,0
374599,0
374600,0
374601,0
374602,0
374603,0
374604,0
374605,0
374606,0
374607,0
374608,0
374609,0
374610,0
374611,0
374612,0
374613,0
374614,0
374615,0
374616,0
374617,0
374618,0
374619,0
374620,0
374621,0
374622,0
374623,0
374624,0
374625,0
374626,0
374627,0
374628,0
374629,0
374630,0
374631,0
374632,0
374633,0
374634,0
374635,0
374636,0
374637,0
374638,0
374639,0
374640,0
374641,0
374642,0
374643,0
374644,0
374645,0
374646,0
374647,0
374648,0
374649,0
374650,0
374651,0
374652,0
374653,0
374654,0
374655,0
374656,0
374657,0
374658,0
374659,0
374660,0
374661,0
374662,0
374663,0
374664,0
374665,0
374666,0
374667,0
374668,0
374669,0
374670,0
374671,0
374672,0
374673,0
374674,0
374675,0
374676,0
374677,0
374678,0
374679,0
374680,0
374681,0
374682,0
374683,0
374684,0
374685,0
374686,0
374687,0
374688,0
374689,0
374690,0
374691,0
374692,0
374693,0
374694,0
374695,0
374696,0
374697,0
374698,0
374699,0
374700,0
374701,0
374702,0
374703,0
374704,0
374705,0
374706,0
374707,0
374708,0
374709,0
374710,0
374711,0
374712,0
374713,0
374714,0
374715,0
374716,0
374717,0
374718,0
374719,0
374720,0
374721,0
374722,0
374723,0
374724,0
374725,0
374726,0
374727,0
374728,0
374729,0
374730,0
374731,0
374732,0
374733,0
374734,0
374735,0
374736,0
374737,0
374738,0
374739,0
374740,0
374741,0
374742,0
374743,0
374744,0
374745,0
374746,0
374747,0
374748,0
374749,0
374750,0
374751,0
374752,0
374753,0
374754,0
374755,0
374756,0
374757,0
374758,0
374759,0
374760,0
374761,0
374762,0
374763,0
374764,0
374765,0
374766,0
374767,0
374768,0
374769,0
374770,0
374771,0
374772,0
374773,0
374774,0
374775,0
374776,0
374777,0
374778,0
374779,0
374780,0
374781,0
374782,0
374783,0
374784,0
374785,0
374786,0
374787,0
374788,0
374789,0
374790,0
374791,0
374792,0
374793,0
374794,0
374795,0
374796,0
374797,0
374798,0
374799,0
374800,0
374801,0
374802,0
374803,0
374804,0
374805,0
374806,0
374807,0
374808,0
374809,0
374810,0
374811,0
374812,0
374813,0
374814,0
374815,0
374816,0
374817,0
374818,0
374819,0
374820,0
374821,0
374822,0
374823,0
374824,0
374825,0
374826,0
374827,0
374828,0
374829,0
374830,0
374831,0
374832,0
374833,0
374834,0
374835,0
374836,0
374837,0
374838,0
374839,0
374840,0
374841,0
374842,0
374843,0
374844,0
374845,0
374846,0
374847,0
374848,0
374849,0
374850,0
374851,0
374852,0
374853,0
374854,0
374855,0
374856,0
374857,0
374858,0
374859,0
374860,0
374861,0
374862,0
374863,0
374864,0
374865,0
374866,0
374867,0
374868,0
374869,0
374870,0
374871,0
374872,0
374873,0
374874,0
374875,0
374876,0
374877,0
374878,0
374879,0
374880,0
374881,0
374882,0
374883,0
374884,0
374885,0
374886,0
374887,0
374888,0
374889,0
374890,0
374891,0
374892,0
374893,0
374894,0
374895,0
374896,0
374897,0
374898,0
374899,0
374900,0
374901,0
374902,0
374903,0
374904,0
374905,0
374906,0
374907,0
374908,0
374909,0
374910,0
374911,0
374912,0
374913,0
374914,0
374915,0
374916,0
374917,0
374918,0
374919,0
374920,0
374921,0
374922,0
374923,0
374924,0
374925,0
374926,0
374927,0
374928,0
374929,0
374930,0
374931,0
374932,0
374933,0
374934,0
374935,0
374936,0
374937,0
374938,0
374939,0
374940,0
374941,0
374942,0
374943,0
374944,0
374945,0
374946,0
374947,0
374948,0
374949,0
374950,0
374951,0
374952,0
374953,0
374954,0
374955,0
374956,0
374957,0
374958,0
374959,0
374960,0
374961,0
374962,0
374963,0
374964,0
374965,0
374966,0
374967,0
374968,0
374969,0
374970,0
374971,0
374972,0
374973,0
374974,0
374975,0
374976,0
374977,0
374978,0
374979,0
374980,0
374981,0
374982,0
374983,0
374984,0
374985,0
374986,0
374987,0
374988,0
374989,0
374990,0
374991,0
374992,0
374993,0
374994,0
374995,0
374996,0
374997,0
374998,0
374999,0
375000,0
375001,0
375002,0
375003,0
375004,0
375005,0
375006,0
375007,0
375008,0
375009,0
375010,0
375011,0
375012,0
375013,0
375014,0
375015,0
375016,0
375017,0
375018,0
375019,0
375020,0
375021,0
375022,0
375023,0
375024,0
375025,0
375026,0
375027,0
375028,0
375029,0
375030,0
375031,0
375032,0
375033,0
375034,0
375035,0
375036,0
375037,0
375038,0
375039,0
375040,0
375041,0
375042,0
375043,0
375044,0
375045,0
375046,0
375047,0
375048,0
375049,0
375050,0
375051,0
375052,0
375053,0
375054,0
375055,0
375056,0
375057,0
375058,0
375059,0
375060,0
375061,0
375062,0
375063,0
375064,0
375065,0
375066,0
375067,0
375068,0
375069,0
375070,0
375071,0
375072,0
375073,0
375074,0
375075,0
375076,0
375077,0
375078,0
375079,0
375080,0
375081,0
375082,0
375083,0
375084,0
375085,0
375086,0
375087,0
375088,0
375089,0
375090,0
375091,0
375092,0
375093,0
375094,0
375095,0
375096,0
375097,0
375098,0
375099,0
375100,0
375101,0
375102,0
375103,0
375104,0
375105,0
375106,0
375107,0
375108,0
375109,0
375110,0
375111,0
375112,0
375113,0
375114,0
375115,0
375116,0
375117,0
375118,0
375119,0
375120,0
375121,0
375122,0
375123,0
375124,0
375125,0
375126,0
375127,0
375128,0
375129,0
375130,0
375131,0
375132,0
375133,0
375134,0
375135,0
375136,0
375137,0
375138,0
375139,0
375140,0
375141,0
375142,0
375143,0
375144,0
375145,0
375146,0
375147,0
375148,0
375149,0
375150,0
375151,0
375152,0
375153,0
375154,0
375155,0
375156,0
375157,0
375158,0
375159,0
375160,0
375161,0
375162,0
375163,0
375164,0
375165,0
375166,0
375167,0
375168,0
375169,0
375170,0
375171,0
375172,0
375173,0
375174,0
375175,0
375176,0
375177,0
375178,0
375179,0
375180,0
375181,0
375182,0
375183,0
375184,0
375185,0
375186,0
375187,0
375188,0
375189,0
375190,0
375191,0
375192,0
375193,0
375194,0
375195,0
375196,0
375197,0
375198,0
375199,0
375200,0
375201,0
375202,0
375203,0
375204,0
375205,0
375206,0
375207,0
375208,0
375209,0
375210,0
375211,0
375212,0
375213,0
375214,0
375215,0
375216,0
375217,0
375218,0
375219,0
375220,0
375221,0
375222,0
375223,0
375224,0
375225,0
375226,0
375227,0
375228,0
375229,0
375230,0
375231,0
375232,0
375233,0
375234,0
375235,0
375236,0
375237,0
375238,0
375239,0
375240,0
375241,0
375242,0
375243,0
375244,0
375245,0
375246,0
375247,0
375248,0
375249,0
375250,0
375251,0
375252,0
375253,0
375254,0
375255,0
375256,0
375257,0
375258,0
375259,0
375260,0
375261,0
375262,0
375263,0
375264,0
375265,0
375266,0
375267,0
375268,0
375269,0
375270,0
375271,0
375272,0
375273,0
375274,0
375275,0
375276,0
375277,0
375278,0
375279,0
375280,0
375281,0
375282,0
375283,0
375284,0
375285,0
375286,0
375287,0
375288,0
375289,0
375290,0
375291,0
375292,0
375293,0
375294,0
375295,0
375296,0
375297,0
375298,0
375299,0
375300,0
375301,0
375302,0
375303,0
375304,0
375305,0
375306,0
375307,0
375308,0
375309,0
375310,0
375311,0
375312,0
375313,0
375314,0
375315,0
375316,0
375317,0
375318,0
375319,0
375320,0
375321,0
375322,0
375323,0
375324,0
375325,0
375326,0
375327,0
375328,0
375329,0
375330,0
375331,0
375332,0
375333,0
375334,0
375335,0
375336,0
375337,0
375338,0
375339,0
375340,0
375341,0
375342,0
375343,0
375344,0
375345,0
375346,0
375347,0
375348,0
375349,0
375350,0
375351,0
375352,0
375353,0
375354,0
375355,0
375356,0
375357,0
375358,0
375359,0
375360,0
375361,0
375362,0
375363,0
375364,0
375365,0
375366,0
375367,0
375368,0
375369,0
375370,0
375371,0
375372,0
375373,0
375374,0
375375,0
375376,0
375377,0
375378,0
375379,0
375380,0
375381,0
375382,0
375383,0
375384,0
375385,0
375386,0
375387,0
375388,0
375389,0
375390,0
375391,0
375392,0
375393,0
375394,0
375395,0
375396,0
375397,0
375398,0
375399,0
375400,0
375401,0
375402,0
375403,0
375404,0
375405,0
375406,0
375407,0
375408,0
375409,0
375410,0
375411,0
375412,0
375413,0
375414,0
375415,0
375416,0
375417,0
375418,0
375419,0
375420,0
375421,0
375422,0
375423,0
375424,0
375425,0
375426,0
375427,0
375428,0
375429,0
375430,0
375431,0
375432,0
375433,0
375434,0
375435,0
375436,0
375437,0
375438,0
375439,0
375440,0
375441,0
375442,0
375443,0
375444,0
375445,0
375446,0
375447,0
375448,0
375449,0
375450,0
375451,0
375452,0
375453,0
375454,0
375455,0
375456,0
375457,0
375458,0
375459,0
375460,0
375461,0
375462,0
375463,0
375464,0
375465,0
375466,0
375467,0
375468,0
375469,0
375470,0
375471,0
375472,0
375473,0
375474,0
375475,0
375476,0
375477,0
375478,0
375479,0
375480,0
375481,0
375482,0
375483,0
375484,0
375485,0
375486,0
375487,0
375488,0
375489,0
375490,0
375491,0
375492,0
375493,0
375494,0
375495,0
375496,0
375497,0
375498,0
375499,0
375500,0
375501,0
375502,0
375503,0
375504,0
375505,0
375506,0
375507,0
375508,0
375509,0
375510,0
375511,0
375512,0
375513,0
375514,0
375515,0
375516,0
375517,0
375518,0
375519,0
375520,0
375521,0
375522,0
375523,0
375524,0
375525,0
375526,0
375527,0
375528,0
375529,0
375530,0
375531,0
375532,0
375533,0
375534,0
375535,0
375536,0
375537,0
375538,0
375539,0
375540,0
375541,0
375542,0
375543,0
375544,0
375545,0
375546,0
375547,0
375548,0
375549,0
375550,0
375551,0
375552,0
375553,0
375554,0
375555,0
375556,0
375557,0
375558,0
375559,0
375560,0
375561,0
375562,0
375563,0
375564,0
375565,0
375566,0
375567,0
375568,0
375569,0
375570,0
375571,0
375572,0
375573,0
375574,0
375575,0
375576,0
375577,0
375578,0
375579,0
375580,0
375581,0
375582,0
375583,0
375584,0
375585,0
375586,0
375587,0
375588,0
375589,0
375590,0
375591,0
375592,0
375593,0
375594,0
375595,0
375596,0
375597,0
375598,0
375599,0
375600,0
375601,0
375602,0
375603,0
375604,0
375605,0
375606,0
375607,0
375608,0
375609,0
375610,0
375611,0
375612,0
375613,0
375614,0
375615,0
375616,0
375617,0
375618,0
375619,0
375620,0
375621,0
375622,0
375623,0
375624,0
375625,0
375626,0
375627,0
375628,0
375629,0
375630,0
375631,0
375632,0
375633,0
375634,0
375635,0
375636,0
375637,0
375638,0
375639,0
375640,0
375641,0
375642,0
375643,0
375644,0
375645,0
375646,0
375647,0
375648,0
375649,0
375650,0
375651,0
375652,0
375653,0
375654,0
375655,0
375656,0
375657,0
375658,0
375659,0
375660,0
375661,0
375662,0
375663,0
375664,0
375665,0
375666,0
375667,0
375668,0
375669,0
375670,0
375671,0
375672,0
375673,0
375674,0
375675,0
375676,0
375677,0
375678,0
375679,0
375680,0
375681,0
375682,0
375683,0
375684,0
375685,0
375686,0
375687,0
375688,0
375689,0
375690,0
375691,0
375692,0
375693,0
375694,0
375695,0
375696,0
375697,0
375698,0
375699,0
375700,0
375701,0
375702,0
375703,0
375704,0
375705,0
375706,0
375707,0
375708,0
375709,0
375710,0
375711,0
375712,0
375713,0
375714,0
375715,0
375716,0
375717,0
375718,0
375719,0
375720,0
375721,0
375722,0
375723,0
375724,0
375725,0
375726,0
375727,0
375728,0
375729,0
375730,0
375731,0
375732,0
375733,0
375734,0
375735,0
375736,0
375737,0
375738,0
375739,0
375740,0
375741,0
375742,0
375743,0
375744,0
375745,0
375746,0
375747,0
375748,0
375749,0
375750,0
375751,0
375752,0
375753,0
375754,0
375755,0
375756,0
375757,0
375758,0
375759,0
375760,0
375761,0
375762,0
375763,0
375764,0
375765,0
375766,0
375767,0
375768,0
375769,0
375770,0
375771,0
375772,0
375773,0
375774,0
375775,0
375776,0
375777,0
375778,0
375779,0
375780,0
375781,0
375782,0
375783,0
375784,0
375785,0
375786,0
375787,0
375788,0
375789,0
375790,0
375791,0
375792,0
375793,0
375794,0
375795,0
375796,0
375797,0
375798,0
375799,0
375800,0
375801,0
375802,0
375803,0
375804,0
375805,0
375806,0
375807,0
375808,0
375809,0
375810,0
375811,0
375812,0
375813,0
375814,0
375815,0
375816,0
375817,0
375818,0
375819,0
375820,0
375821,0
375822,0
375823,0
375824,0
375825,0
375826,0
375827,0
375828,0
375829,0
375830,0
375831,0
375832,0
375833,0
375834,0
375835,0
375836,0
375837,0
375838,0
375839,0
375840,0
375841,0
375842,0
375843,0
375844,0
375845,0
375846,0
375847,0
375848,0
375849,0
375850,0
375851,0
375852,0
375853,0
375854,0
375855,0
375856,0
375857,0
375858,0
375859,0
375860,0
375861,0
375862,0
375863,0
375864,0
375865,0
375866,0
375867,0
375868,0
375869,0
375870,0
375871,0
375872,0
375873,0
375874,0
375875,0
375876,0
375877,0
375878,0
375879,0
375880,0
375881,0
375882,0
375883,0
375884,0
375885,0
375886,0
375887,0
375888,0
375889,0
375890,0
375891,0
375892,0
375893,0
375894,0
375895,0
375896,0
375897,0
375898,0
375899,0
375900,0
375901,0
375902,0
375903,0
375904,0
375905,0
375906,0
375907,0
375908,0
375909,0
375910,0
375911,0
375912,0
375913,0
375914,0
375915,0
375916,0
375917,0
375918,0
375919,0
375920,0
375921,0
375922,0
375923,0
375924,0
375925,0
375926,0
375927,0
375928,0
375929,0
375930,0
375931,0
375932,0
375933,0
375934,0
375935,0
375936,0
375937,0
375938,0
375939,0
375940,0
375941,0
375942,0
375943,0
375944,0
375945,0
375946,0
375947,0
375948,0
375949,0
375950,0
375951,0
375952,0
375953,0
375954,0
375955,0
375956,0
375957,0
375958,0
375959,0
375960,0
375961,0
375962,0
375963,0
375964,0
375965,0
375966,0
375967,0
375968,0
375969,0
375970,0
375971,0
375972,0
375973,0
375974,0
375975,0
375976,0
375977,0
375978,0
375979,0
375980,0
375981,0
375982,0
375983,0
375984,0
375985,0
375986,0
375987,0
375988,0
375989,0
375990,0
375991,0
375992,0
375993,0
375994,0
375995,0
375996,0
375997,0
375998,0
375999,0
376000,0
376001,0
376002,0
376003,0
376004,0
376005,0
376006,0
376007,0
376008,0
376009,0
376010,0
376011,0
376012,0
376013,0
376014,0
376015,0
376016,0
376017,0
376018,0
376019,0
376020,0
376021,0
376022,0
376023,0
376024,0
376025,0
376026,0
376027,0
376028,0
376029,0
376030,0
376031,0
376032,0
376033,0
376034,0
376035,0
376036,0
376037,0
376038,0
376039,0
376040,0
376041,0
376042,0
376043,0
376044,0
376045,0
376046,0
376047,0
376048,0
376049,0
376050,0
376051,0
376052,0
376053,0
376054,0
376055,0
376056,0
376057,0
376058,0
376059,0
376060,0
376061,0
376062,0
376063,0
376064,0
376065,0
376066,0
376067,0
376068,0
376069,0
376070,0
376071,0
376072,0
376073,0
376074,0
376075,0
376076,0
376077,0
376078,0
376079,0
376080,0
376081,0
376082,0
376083,0
376084,0
376085,0
376086,0
376087,0
376088,0
376089,0
376090,0
376091,0
376092,0
376093,0
376094,0
376095,0
376096,0
376097,0
376098,0
376099,0
376100,0
376101,0
376102,0
376103,0
376104,0
376105,0
376106,0
376107,0
376108,0
376109,0
376110,0
376111,0
376112,0
376113,0
376114,0
376115,0
376116,0
376117,0
376118,0
376119,0
376120,0
376121,0
376122,0
376123,0
376124,0
376125,0
376126,0
376127,0
376128,0
376129,0
376130,0
376131,0
376132,0
376133,0
376134,0
376135,0
376136,0
376137,0
376138,0
376139,0
376140,0
376141,0
376142,0
376143,0
376144,0
376145,0
376146,0
376147,0
376148,0
376149,0
376150,0
376151,0
376152,0
376153,0
376154,0
376155,0
376156,0
376157,0
376158,0
376159,0
376160,0
376161,0
376162,0
376163,0
376164,0
376165,0
376166,0
376167,0
376168,0
376169,0
376170,0
376171,0
376172,0
376173,0
376174,0
376175,0
376176,0
376177,0
376178,0
376179,0
376180,0
376181,0
376182,0
376183,0
376184,0
376185,0
376186,0
376187,0
376188,0
376189,0
376190,0
376191,0
376192,0
376193,0
376194,0
376195,0
376196,0
376197,0
376198,0
376199,0
376200,0
376201,0
376202,0
376203,0
376204,0
376205,0
376206,0
376207,0
376208,0
376209,0
376210,0
376211,0
376212,0
376213,0
376214,0
376215,0
376216,0
376217,0
376218,0
376219,0
376220,0
376221,0
376222,0
376223,0
376224,0
376225,0
376226,0
376227,0
376228,0
376229,0
376230,0
376231,0
376232,0
376233,0
376234,0
376235,0
376236,0
376237,0
376238,0
376239,0
376240,0
376241,0
376242,0
376243,0
376244,0
376245,0
376246,0
376247,0
376248,0
376249,0
376250,0
376251,0
376252,0
376253,0
376254,0
376255,0
376256,0
376257,0
376258,0
376259,0
376260,0
376261,0
376262,0
376263,0
376264,0
376265,0
376266,0
376267,0
376268,0
376269,0
376270,0
376271,0
376272,0
376273,0
376274,0
376275,0
376276,0
376277,0
376278,0
376279,0
376280,0
376281,0
376282,0
376283,0
376284,0
376285,0
376286,0
376287,0
376288,0
376289,0
376290,0
376291,0
376292,0
376293,0
376294,0
376295,0
376296,0
376297,0
376298,0
376299,0
376300,0
376301,0
376302,0
376303,0
376304,0
376305,0
376306,0
376307,0
376308,0
376309,0
376310,0
376311,0
376312,0
376313,0
376314,0
376315,0
376316,0
376317,0
376318,0
376319,0
376320,0
376321,0
376322,0
376323,0
376324,0
376325,0
376326,0
376327,0
376328,0
376329,0
376330,0
376331,0
376332,0
376333,0
376334,0
376335,0
376336,0
376337,0
376338,0
376339,0
376340,0
376341,0
376342,0
376343,0
376344,0
376345,0
376346,0
376347,0
376348,0
376349,0
376350,0
376351,0
376352,0
376353,0
376354,0
376355,0
376356,0
376357,0
376358,0
376359,0
376360,0
376361,0
376362,0
376363,0
376364,0
376365,0
376366,0
376367,0
376368,0
376369,0
376370,0
376371,0
376372,0
376373,0
376374,0
376375,0
376376,0
376377,0
376378,0
376379,0
376380,0
376381,0
376382,0
376383,0
376384,0
376385,0
376386,0
376387,0
376388,0
376389,0
376390,0
376391,0
376392,0
376393,0
376394,0
376395,0
376396,0
376397,0
376398,0
376399,0
376400,0
376401,0
376402,0
376403,0
376404,0
376405,0
376406,0
376407,0
376408,0
376409,0
376410,0
376411,0
376412,0
376413,0
376414,0
376415,0
376416,0
376417,0
376418,0
376419,0
376420,0
376421,0
376422,0
376423,0
376424,0
376425,0
376426,0
376427,0
376428,0
376429,0
376430,0
376431,0
376432,0
376433,0
376434,0
376435,0
376436,0
376437,0
376438,0
376439,0
376440,0
376441,0
376442,0
376443,0
376444,0
376445,0
376446,0
376447,0
376448,0
376449,0
376450,0
376451,0
376452,0
376453,0
376454,0
376455,0
376456,0
376457,0
376458,0
376459,0
376460,0
376461,0
376462,0
376463,0
376464,0
376465,0
376466,0
376467,0
376468,0
376469,0
376470,0
376471,0
376472,0
376473,0
376474,0
376475,0
376476,0
376477,0
376478,0
376479,0
376480,0
376481,0
376482,0
376483,0
376484,0
376485,0
376486,0
376487,0
376488,0
376489,0
376490,0
376491,0
376492,0
376493,0
376494,0
376495,0
376496,0
376497,0
376498,0
376499,0
376500,0
376501,0
376502,0
376503,0
376504,0
376505,0
376506,0
376507,0
376508,0
376509,0
376510,0
376511,0
376512,0
376513,0
376514,0
376515,0
376516,0
376517,0
376518,0
376519,0
376520,0
376521,0
376522,0
376523,0
376524,0
376525,0
376526,0
376527,0
376528,0
376529,0
376530,0
376531,0
376532,0
376533,0
376534,0
376535,0
376536,0
376537,0
376538,0
376539,0
376540,0
376541,0
376542,0
376543,0
376544,0
376545,0
376546,0
376547,0
376548,0
376549,0
376550,0
376551,0
376552,0
376553,0
376554,0
376555,0
376556,0
376557,0
376558,0
376559,0
376560,0
376561,0
376562,0
376563,0
376564,0
376565,0
376566,0
376567,0
376568,0
376569,0
376570,0
376571,0
376572,0
376573,0
376574,0
376575,0
376576,0
376577,0
376578,0
376579,0
376580,0
376581,0
376582,0
376583,0
376584,0
376585,0
376586,0
376587,0
376588,0
376589,0
376590,0
376591,0
376592,0
376593,0
376594,0
376595,0
376596,0
376597,0
376598,0
376599,0
376600,0
376601,0
376602,0
376603,0
376604,0
376605,0
376606,0
376607,0
376608,0
376609,0
376610,0
376611,0
376612,0
376613,0
376614,0
376615,0
376616,0
376617,0
376618,0
376619,0
376620,0
376621,0
376622,0
376623,0
376624,0
376625,0
376626,0
376627,0
376628,0
376629,0
376630,0
376631,0
376632,0
376633,0
376634,0
376635,0
376636,0
376637,0
376638,0
376639,0
376640,0
376641,0
376642,0
376643,0
376644,0
376645,0
376646,0
376647,0
376648,0
376649,0
376650,0
376651,0
376652,0
376653,0
376654,0
376655,0
376656,0
376657,0
376658,0
376659,0
376660,0
376661,0
376662,0
376663,0
376664,0
376665,0
376666,0
376667,0
376668,0
376669,0
376670,0
376671,0
376672,0
376673,0
376674,0
376675,0
376676,0
376677,0
376678,0
376679,0
376680,0
376681,0
376682,0
376683,0
376684,0
376685,0
376686,0
376687,0
376688,0
376689,0
376690,0
376691,0
376692,0
376693,0
376694,0
376695,0
376696,0
376697,0
376698,0
376699,0
376700,0
376701,0
376702,0
376703,0
376704,0
376705,0
376706,0
376707,0
376708,0
376709,0
376710,0
376711,0
376712,0
376713,0
376714,0
376715,0
376716,0
376717,0
376718,0
376719,0
376720,0
376721,0
376722,0
376723,0
376724,0
376725,0
376726,0
376727,0
376728,0
376729,0
376730,0
376731,0
376732,0
376733,0
376734,0
376735,0
376736,0
376737,0
376738,0
376739,0
376740,0
376741,0
376742,0
376743,0
376744,0
376745,0
376746,0
376747,0
376748,0
376749,0
376750,0
376751,0
376752,0
376753,0
376754,0
376755,0
376756,0
376757,0
376758,0
376759,0
376760,0
376761,0
376762,0
376763,0
376764,0
376765,0
376766,0
376767,0
376768,0
376769,0
376770,0
376771,0
376772,0
376773,0
376774,0
376775,0
376776,0
376777,0
376778,0
376779,0
376780,0
376781,0
376782,0
376783,0
376784,0
376785,0
376786,0
376787,0
376788,0
376789,0
376790,0
376791,0
376792,0
376793,0
376794,0
376795,0
376796,0
376797,0
376798,0
376799,0
376800,0
376801,0
376802,0
376803,0
376804,0
376805,0
376806,0
376807,0
376808,0
376809,0
376810,0
376811,0
376812,0
376813,0
376814,0
376815,0
376816,0
376817,0
376818,0
376819,0
376820,0
376821,0
376822,0
376823,0
376824,0
376825,0
376826,0
376827,0
376828,0
376829,0
376830,0
376831,0
376832,0
376833,0
376834,0
376835,0
376836,0
376837,0
376838,0
376839,0
376840,0
376841,0
376842,0
376843,0
376844,0
376845,0
376846,0
376847,0
376848,0
376849,0
376850,0
376851,0
376852,0
376853,0
376854,0
376855,0
376856,0
376857,0
376858,0
376859,0
376860,0
376861,0
376862,0
376863,0
376864,0
376865,0
376866,0
376867,0
376868,0
376869,0
376870,0
376871,0
376872,0
376873,0
376874,0
376875,0
376876,0
376877,0
376878,0
376879,0
376880,0
376881,0
376882,0
376883,0
376884,0
376885,0
376886,0
376887,0
376888,0
376889,0
376890,0
376891,0
376892,0
376893,0
376894,0
376895,0
376896,0
376897,0
376898,0
376899,0
376900,0
376901,0
376902,0
376903,0
376904,0
376905,0
376906,0
376907,0
376908,0
376909,0
376910,0
376911,0
376912,0
376913,0
376914,0
376915,0
376916,0
376917,0
376918,0
376919,0
376920,0
376921,0
376922,0
376923,0
376924,0
376925,0
376926,0
376927,0
376928,0
376929,0
376930,0
376931,0
376932,0
376933,0
376934,0
376935,0
376936,0
376937,0
376938,0
376939,0
376940,0
376941,0
376942,0
376943,0
376944,0
376945,0
376946,0
376947,0
376948,0
376949,0
376950,0
376951,0
376952,0
376953,0
376954,0
376955,0
376956,0
376957,0
376958,0
376959,0
376960,0
376961,0
376962,0
376963,0
376964,0
376965,0
376966,0
376967,0
376968,0
376969,0
376970,0
376971,0
376972,0
376973,0
376974,0
376975,0
376976,0
376977,0
376978,0
376979,0
376980,0
376981,0
376982,0
376983,0
376984,0
376985,0
376986,0
376987,0
376988,0
376989,0
376990,0
376991,0
376992,0
376993,0
376994,0
376995,0
376996,0
376997,0
376998,0
376999,0
377000,0
377001,0
377002,0
377003,0
377004,0
377005,0
377006,0
377007,0
377008,0
377009,0
377010,0
377011,0
377012,0
377013,0
377014,0
377015,0
377016,0
377017,0
377018,0
377019,0
377020,0
377021,0
377022,0
377023,0
377024,0
377025,0
377026,0
377027,0
377028,0
377029,0
377030,0
377031,0
377032,0
377033,0
377034,0
377035,0
377036,0
377037,0
377038,0
377039,0
377040,0
377041,0
377042,0
377043,0
377044,0
377045,0
377046,0
377047,0
377048,0
377049,0
377050,0
377051,0
377052,0
377053,0
377054,0
377055,0
377056,0
377057,0
377058,0
377059,0
377060,0
377061,0
377062,0
377063,0
377064,0
377065,0
377066,0
377067,0
377068,0
377069,0
377070,0
377071,0
377072,0
377073,0
377074,0
377075,0
377076,0
377077,0
377078,0
377079,0
377080,0
377081,0
377082,0
377083,0
377084,0
377085,0
377086,0
377087,0
377088,0
377089,0
377090,0
377091,0
377092,0
377093,0
377094,0
377095,0
377096,0
377097,0
377098,0
377099,0
377100,0
377101,0
377102,0
377103,0
377104,0
377105,0
377106,0
377107,0
377108,0
377109,0
377110,0
377111,0
377112,0
377113,0
377114,0
377115,0
377116,0
377117,0
377118,0
377119,0
377120,0
377121,0
377122,0
377123,0
377124,0
377125,0
377126,0
377127,0
377128,0
377129,0
377130,0
377131,0
377132,0
377133,0
377134,0
377135,0
377136,0
377137,0
377138,0
377139,0
377140,0
377141,0
377142,0
377143,0
377144,0
377145,0
377146,0
377147,0
377148,0
377149,0
377150,0
377151,0
377152,0
377153,0
377154,0
377155,0
377156,0
377157,0
377158,0
377159,0
377160,0
377161,0
377162,0
377163,0
377164,0
377165,0
377166,0
377167,0
377168,0
377169,0
377170,0
377171,0
377172,0
377173,0
377174,0
377175,0
377176,0
377177,0
377178,0
377179,0
377180,0
377181,0
377182,0
377183,0
377184,0
377185,0
377186,0
377187,0
377188,0
377189,0
377190,0
377191,0
377192,0
377193,0
377194,0
377195,0
377196,0
377197,0
377198,0
377199,0
377200,0
377201,0
377202,0
377203,0
377204,0
377205,0
377206,0
377207,0
377208,0
377209,0
377210,0
377211,0
377212,0
377213,0
377214,0
377215,0
377216,0
377217,0
377218,0
377219,0
377220,0
377221,0
377222,0
377223,0
377224,0
377225,0
377226,0
377227,0
377228,0
377229,0
377230,0
377231,0
377232,0
377233,0
377234,0
377235,0
377236,0
377237,0
377238,0
377239,0
377240,0
377241,0
377242,0
377243,0
377244,0
377245,0
377246,0
377247,0
377248,0
377249,0
377250,0
377251,0
377252,0
377253,0
377254,0
377255,0
377256,0
377257,0
377258,0
377259,0
377260,0
377261,0
377262,0
377263,0
377264,0
377265,0
377266,0
377267,0
377268,0
377269,0
377270,0
377271,0
377272,0
377273,0
377274,0
377275,0
377276,0
377277,0
377278,0
377279,0
377280,0
377281,0
377282,0
377283,0
377284,0
377285,0
377286,0
377287,0
377288,0
377289,0
377290,0
377291,0
377292,0
377293,0
377294,0
377295,0
377296,0
377297,0
377298,0
377299,0
377300,0
377301,0
377302,0
377303,0
377304,0
377305,0
377306,0
377307,0
377308,0
377309,0
377310,0
377311,0
377312,0
377313,0
377314,0
377315,0
377316,0
377317,0
377318,0
377319,0
377320,0
377321,0
377322,0
377323,0
377324,0
377325,0
377326,0
377327,0
377328,0
377329,0
377330,0
377331,0
377332,0
377333,0
377334,0
377335,0
377336,0
377337,0
377338,0
377339,0
377340,0
377341,0
377342,0
377343,0
377344,0
377345,0
377346,0
377347,0
377348,0
377349,0
377350,0
377351,0
377352,0
377353,0
377354,0
377355,0
377356,0
377357,0
377358,0
377359,0
377360,0
377361,0
377362,0
377363,0
377364,0
377365,0
377366,0
377367,0
377368,0
377369,0
377370,0
377371,0
377372,0
377373,0
377374,0
377375,0
377376,0
377377,0
377378,0
377379,0
377380,0
377381,0
377382,0
377383,0
377384,0
377385,0
377386,0
377387,0
377388,0
377389,0
377390,0
377391,0
377392,0
377393,0
377394,0
377395,0
377396,0
377397,0
377398,0
377399,0
377400,0
377401,0
377402,0
377403,0
377404,0
377405,0
377406,0
377407,0
377408,0
377409,0
377410,0
377411,0
377412,0
377413,0
377414,0
377415,0
377416,0
377417,0
377418,0
377419,0
377420,0
377421,0
377422,0
377423,0
377424,0
377425,0
377426,0
377427,0
377428,0
377429,0
377430,0
377431,0
377432,0
377433,0
377434,0
377435,0
377436,0
377437,0
377438,0
377439,0
377440,0
377441,0
377442,0
377443,0
377444,0
377445,0
377446,0
377447,0
377448,0
377449,0
377450,0
377451,0
377452,0
377453,0
377454,0
377455,0
377456,0
377457,0
377458,0
377459,0
377460,0
377461,0
377462,0
377463,0
377464,0
377465,0
377466,0
377467,0
377468,0
377469,0
377470,0
377471,0
377472,0
377473,0
377474,0
377475,0
377476,0
377477,0
377478,0
377479,0
377480,0
377481,0
377482,0
377483,0
377484,0
377485,0
377486,0
377487,0
377488,0
377489,0
377490,0
377491,0
377492,0
377493,0
377494,0
377495,0
377496,0
377497,0
377498,0
377499,0
377500,0
377501,0
377502,0
377503,0
377504,0
377505,0
377506,0
377507,0
377508,0
377509,0
377510,0
377511,0
377512,0
377513,0
377514,0
377515,0
377516,0
377517,0
377518,0
377519,0
377520,0
377521,0
377522,0
377523,0
377524,0
377525,0
377526,0
377527,0
377528,0
377529,0
377530,0
377531,0
377532,0
377533,0
377534,0
377535,0
377536,0
377537,0
377538,0
377539,0
377540,0
377541,0
377542,0
377543,0
377544,0
377545,0
377546,0
377547,0
377548,0
377549,0
377550,0
377551,0
377552,0
377553,0
377554,0
377555,0
377556,0
377557,0
377558,0
377559,0
377560,0
377561,0
377562,0
377563,0
377564,0
377565,0
377566,0
377567,0
377568,0
377569,0
377570,0
377571,0
377572,0
377573,0
377574,0
377575,0
377576,0
377577,0
377578,0
377579,0
377580,0
377581,0
377582,0
377583,0
377584,0
377585,0
377586,0
377587,0
377588,0
377589,0
377590,0
377591,0
377592,0
377593,0
377594,0
377595,0
377596,0
377597,0
377598,0
377599,0
377600,0
377601,0
377602,0
377603,0
377604,0
377605,0
377606,0
377607,0
377608,0
377609,0
377610,0
377611,0
377612,0
377613,0
377614,0
377615,0
377616,0
377617,0
377618,0
377619,0
377620,0
377621,0
377622,0
377623,0
377624,0
377625,0
377626,0
377627,0
377628,0
377629,0
377630,0
377631,0
377632,0
377633,0
377634,0
377635,0
377636,0
377637,0
377638,0
377639,0
377640,0
377641,0
377642,0
377643,0
377644,0
377645,0
377646,0
377647,0
377648,0
377649,0
377650,0
377651,0
377652,0
377653,0
377654,0
377655,0
377656,0
377657,0
377658,0
377659,0
377660,0
377661,0
377662,0
377663,0
377664,0
377665,0
377666,0
377667,0
377668,0
377669,0
377670,0
377671,0
377672,0
377673,0
377674,0
377675,0
377676,0
377677,0
377678,0
377679,0
377680,0
377681,0
377682,0
377683,0
377684,0
377685,0
377686,0
377687,0
377688,0
377689,0
377690,0
377691,0
377692,0
377693,0
377694,0
377695,0
377696,0
377697,0
377698,0
377699,0
377700,0
377701,0
377702,0
377703,0
377704,0
377705,0
377706,0
377707,0
377708,0
377709,0
377710,0
377711,0
377712,0
377713,0
377714,0
377715,0
377716,0
377717,0
377718,0
377719,0
377720,0
377721,0
377722,0
377723,0
377724,0
377725,0
377726,0
377727,0
377728,0
377729,0
377730,0
377731,0
377732,0
377733,0
377734,0
377735,0
377736,0
377737,0
377738,0
377739,0
377740,0
377741,0
377742,0
377743,0
377744,0
377745,0
377746,0
377747,0
377748,0
377749,0
377750,0
377751,0
377752,0
377753,0
377754,0
377755,0
377756,0
377757,0
377758,0
377759,0
377760,0
377761,0
377762,0
377763,0
377764,0
377765,0
377766,0
377767,0
377768,0
377769,0
377770,0
377771,0
377772,0
377773,0
377774,0
377775,0
377776,0
377777,0
377778,0
377779,0
377780,0
377781,0
377782,0
377783,0
377784,0
377785,0
377786,0
377787,0
377788,0
377789,0
377790,0
377791,0
377792,0
377793,0
377794,0
377795,0
377796,0
377797,0
377798,0
377799,0
377800,0
377801,0
377802,0
377803,0
377804,0
377805,0
377806,0
377807,0
377808,0
377809,0
377810,0
377811,0
377812,0
377813,0
377814,0
377815,0
377816,0
377817,0
377818,0
377819,0
377820,0
377821,0
377822,0
377823,0
377824,0
377825,0
377826,0
377827,0
377828,0
377829,0
377830,0
377831,0
377832,0
377833,0
377834,0
377835,0
377836,0
377837,0
377838,0
377839,0
377840,0
377841,0
377842,0
377843,0
377844,0
377845,0
377846,0
377847,0
377848,0
377849,0
377850,0
377851,0
377852,0
377853,0
377854,0
377855,0
377856,0
377857,0
377858,0
377859,0
377860,0
377861,0
377862,0
377863,0
377864,0
377865,0
377866,0
377867,0
377868,0
377869,0
377870,0
377871,0
377872,0
377873,0
377874,0
377875,0
377876,0
377877,0
377878,0
377879,0
377880,0
377881,0
377882,0
377883,0
377884,0
377885,0
377886,0
377887,0
377888,0
377889,0
377890,0
377891,0
377892,0
377893,0
377894,0
377895,0
377896,0
377897,0
377898,0
377899,0
377900,0
377901,0
377902,0
377903,0
377904,0
377905,0
377906,0
377907,0
377908,0
377909,0
377910,0
377911,0
377912,0
377913,0
377914,0
377915,0
377916,0
377917,0
377918,0
377919,0
377920,0
377921,0
377922,0
377923,0
377924,0
377925,0
377926,0
377927,0
377928,0
377929,0
377930,0
377931,0
377932,0
377933,0
377934,0
377935,0
377936,0
377937,0
377938,0
377939,0
377940,0
377941,0
377942,0
377943,0
377944,0
377945,0
377946,0
377947,0
377948,0
377949,0
377950,0
377951,0
377952,0
377953,0
377954,0
377955,0
377956,0
377957,0
377958,0
377959,0
377960,0
377961,0
377962,0
377963,0
377964,0
377965,0
377966,0
377967,0
377968,0
377969,0
377970,0
377971,0
377972,0
377973,0
377974,0
377975,0
377976,0
377977,0
377978,0
377979,0
377980,0
377981,0
377982,0
377983,0
377984,0
377985,0
377986,0
377987,0
377988,0
377989,0
377990,0
377991,0
377992,0
377993,0
377994,0
377995,0
377996,0
377997,0
377998,0
377999,0
378000,0
378001,0
378002,0
378003,0
378004,0
378005,0
378006,0
378007,0
378008,0
378009,0
378010,0
378011,0
378012,0
378013,0
378014,0
378015,0
378016,0
378017,0
378018,0
378019,0
378020,0
378021,0
378022,0
378023,0
378024,0
378025,0
378026,0
378027,0
378028,0
378029,0
378030,0
378031,0
378032,0
378033,0
378034,0
378035,0
378036,0
378037,0
378038,0
378039,0
378040,0
378041,0
378042,0
378043,0
378044,0
378045,0
378046,0
378047,0
378048,0
378049,0
378050,0
378051,0
378052,0
378053,0
378054,0
378055,0
378056,0
378057,0
378058,0
378059,0
378060,0
378061,0
378062,0
378063,0
378064,0
378065,0
378066,0
378067,0
378068,0
378069,0
378070,0
378071,0
378072,0
378073,0
378074,0
378075,0
378076,0
378077,0
378078,0
378079,0
378080,0
378081,0
378082,0
378083,0
378084,0
378085,0
378086,0
378087,0
378088,0
378089,0
378090,0
378091,0
378092,0
378093,0
378094,0
378095,0
378096,0
378097,0
378098,0
378099,0
378100,0
378101,0
378102,0
378103,0
378104,0
378105,0
378106,0
378107,0
378108,0
378109,0
378110,0
378111,0
378112,0
378113,0
378114,0
378115,0
378116,0
378117,0
378118,0
378119,0
378120,0
378121,0
378122,0
378123,0
378124,0
378125,0
378126,0
378127,0
378128,0
378129,0
378130,0
378131,0
378132,0
378133,0
378134,0
378135,0
378136,0
378137,0
378138,0
378139,0
378140,0
378141,0
378142,0
378143,0
378144,0
378145,0
378146,0
378147,0
378148,0
378149,0
378150,0
378151,0
378152,0
378153,0
378154,0
378155,0
378156,0
378157,0
378158,0
378159,0
378160,0
378161,0
378162,0
378163,0
378164,0
378165,0
378166,0
378167,0
378168,0
378169,0
378170,0
378171,0
378172,0
378173,0
378174,0
378175,0
378176,0
378177,0
378178,0
378179,0
378180,0
378181,0
378182,0
378183,0
378184,0
378185,0
378186,0
378187,0
378188,0
378189,0
378190,0
378191,0
378192,0
378193,0
378194,0
378195,0
378196,0
378197,0
378198,0
378199,0
378200,0
378201,0
378202,0
378203,0
378204,0
378205,0
378206,0
378207,0
378208,0
378209,0
378210,0
378211,0
378212,0
378213,0
378214,0
378215,0
378216,0
378217,0
378218,0
378219,0
378220,0
378221,0
378222,0
378223,0
378224,0
378225,0
378226,0
378227,0
378228,0
378229,0
378230,0
378231,0
378232,0
378233,0
378234,0
378235,0
378236,0
378237,0
378238,0
378239,0
378240,0
378241,0
378242,0
378243,0
378244,0
378245,0
378246,0
378247,0
378248,0
378249,0
378250,0
378251,0
378252,0
378253,0
378254,0
378255,0
378256,0
378257,0
378258,0
378259,0
378260,0
378261,0
378262,0
378263,0
378264,0
378265,0
378266,0
378267,0
378268,0
378269,0
378270,0
378271,0
378272,0
378273,0
378274,0
378275,0
378276,0
378277,0
378278,0
378279,0
378280,0
378281,0
378282,0
378283,0
378284,0
378285,0
378286,0
378287,0
378288,0
378289,0
378290,0
378291,0
378292,0
378293,0
378294,0
378295,0
378296,0
378297,0
378298,0
378299,0
378300,0
378301,0
378302,0
378303,0
378304,0
378305,0
378306,0
378307,0
378308,0
378309,0
378310,0
378311,0
378312,0
378313,0
378314,0
378315,0
378316,0
378317,0
378318,0
378319,0
378320,0
378321,0
378322,0
378323,0
378324,0
378325,0
378326,0
378327,0
378328,0
378329,0
378330,0
378331,0
378332,0
378333,0
378334,0
378335,0
378336,0
378337,0
378338,0
378339,0
378340,0
378341,0
378342,0
378343,0
378344,0
378345,0
378346,0
378347,0
378348,0
378349,0
378350,0
378351,0
378352,0
378353,0
378354,0
378355,0
378356,0
378357,0
378358,0
378359,0
378360,0
378361,0
378362,0
378363,0
378364,0
378365,0
378366,0
378367,0
378368,0
378369,0
378370,0
378371,0
378372,0
378373,0
378374,0
378375,0
378376,0
378377,0
378378,0
378379,0
378380,0
378381,0
378382,0
378383,0
378384,0
378385,0
378386,0
378387,0
378388,0
378389,0
378390,0
378391,0
378392,0
378393,0
378394,0
378395,0
378396,0
378397,0
378398,0
378399,0
378400,0
378401,0
378402,0
378403,0
378404,0
378405,0
378406,0
378407,0
378408,0
378409,0
378410,0
378411,0
378412,0
378413,0
378414,0
378415,0
378416,0
378417,0
378418,0
378419,0
378420,0
378421,0
378422,0
378423,0
378424,0
378425,0
378426,0
378427,0
378428,0
378429,0
378430,0
378431,0
378432,0
378433,0
378434,0
378435,0
378436,0
378437,0
378438,0
378439,0
378440,0
378441,0
378442,0
378443,0
378444,0
378445,0
378446,0
378447,0
378448,0
378449,0
378450,0
378451,0
378452,0
378453,0
378454,0
378455,0
378456,0
378457,0
378458,0
378459,0
378460,0
378461,0
378462,0
378463,0
378464,0
378465,0
378466,0
378467,0
378468,0
378469,0
378470,0
378471,0
378472,0
378473,0
378474,0
378475,0
378476,0
378477,0
378478,0
378479,0
378480,0
378481,0
378482,0
378483,0
378484,0
378485,0
378486,0
378487,0
378488,0
378489,0
378490,0
378491,0
378492,0
378493,0
378494,0
378495,0
378496,0
378497,0
378498,0
378499,0
378500,0
378501,0
378502,0
378503,0
378504,0
378505,0
378506,0
378507,0
378508,0
378509,0
378510,0
378511,0
378512,0
378513,0
378514,0
378515,0
378516,0
378517,0
378518,0
378519,0
378520,0
378521,0
378522,0
378523,0
378524,0
378525,0
378526,0
378527,0
378528,0
378529,0
378530,0
378531,0
378532,0
378533,0
378534,0
378535,0
378536,0
378537,0
378538,0
378539,0
378540,0
378541,0
378542,0
378543,0
378544,0
378545,0
378546,0
378547,0
378548,0
378549,0
378550,0
378551,0
378552,0
378553,0
378554,0
378555,0
378556,0
378557,0
378558,0
378559,0
378560,0
378561,0
378562,0
378563,0
378564,0
378565,0
378566,0
378567,0
378568,0
378569,0
378570,0
378571,0
378572,0
378573,0
378574,0
378575,0
378576,0
378577,0
378578,0
378579,0
378580,0
378581,0
378582,0
378583,0
378584,0
378585,0
378586,0
378587,0
378588,0
378589,0
378590,0
378591,0
378592,0
378593,0
378594,0
378595,0
378596,0
378597,0
378598,0
378599,0
378600,0
378601,0
378602,0
378603,0
378604,0
378605,0
378606,0
378607,0
378608,0
378609,0
378610,0
378611,0
378612,0
378613,0
378614,0
378615,0
378616,0
378617,0
378618,0
378619,0
378620,0
378621,0
378622,0
378623,0
378624,0
378625,0
378626,0
378627,0
378628,0
378629,0
378630,0
378631,0
378632,0
378633,0
378634,0
378635,0
378636,0
378637,0
378638,0
378639,0
378640,0
378641,0
378642,0
378643,0
378644,0
378645,0
378646,0
378647,0
378648,0
378649,0
378650,0
378651,0
378652,0
378653,0
378654,0
378655,0
378656,0
378657,0
378658,0
378659,0
378660,0
378661,0
378662,0
378663,0
378664,0
378665,0
378666,0
378667,0
378668,0
378669,0
378670,0
378671,0
378672,0
378673,0
378674,0
378675,0
378676,0
378677,0
378678,0
378679,0
378680,0
378681,0
378682,0
378683,0
378684,0
378685,0
378686,0
378687,0
378688,0
378689,0
378690,0
378691,0
378692,0
378693,0
378694,0
378695,0
378696,0
378697,0
378698,0
378699,0
378700,0
378701,0
378702,0
378703,0
378704,0
378705,0
378706,0
378707,0
378708,0
378709,0
378710,0
378711,0
378712,0
378713,0
378714,0
378715,0
378716,0
378717,0
378718,0
378719,0
378720,0
378721,0
378722,0
378723,0
378724,0
378725,0
378726,0
378727,0
378728,0
378729,0
378730,0
378731,0
378732,0
378733,0
378734,0
378735,0
378736,0
378737,0
378738,0
378739,0
378740,0
378741,0
378742,0
378743,0
378744,0
378745,0
378746,0
378747,0
378748,0
378749,0
378750,0
378751,0
378752,0
378753,0
378754,0
378755,0
378756,0
378757,0
378758,0
378759,0
378760,0
378761,0
378762,0
378763,0
378764,0
378765,0
378766,0
378767,0
378768,0
378769,0
378770,0
378771,0
378772,0
378773,0
378774,0
378775,0
378776,0
378777,0
378778,0
378779,0
378780,0
378781,0
378782,0
378783,0
378784,0
378785,0
378786,0
378787,0
378788,0
378789,0
378790,0
378791,0
378792,0
378793,0
378794,0
378795,0
378796,0
378797,0
378798,0
378799,0
378800,0
378801,0
378802,0
378803,0
378804,0
378805,0
378806,0
378807,0
378808,0
378809,0
378810,0
378811,0
378812,0
378813,0
378814,0
378815,0
378816,0
378817,0
378818,0
378819,0
378820,0
378821,0
378822,0
378823,0
378824,0
378825,0
378826,0
378827,0
378828,0
378829,0
378830,0
378831,0
378832,0
378833,0
378834,0
378835,0
378836,0
378837,0
378838,0
378839,0
378840,0
378841,0
378842,0
378843,0
378844,0
378845,0
378846,0
378847,0
378848,0
378849,0
378850,0
378851,0
378852,0
378853,0
378854,0
378855,0
378856,0
378857,0
378858,0
378859,0
378860,0
378861,0
378862,0
378863,0
378864,0
378865,0
378866,0
378867,0
378868,0
378869,0
378870,0
378871,0
378872,0
378873,0
378874,0
378875,0
378876,0
378877,0
378878,0
378879,0
378880,0
378881,0
378882,0
378883,0
378884,0
378885,0
378886,0
378887,0
378888,0
378889,0
378890,0
378891,0
378892,0
378893,0
378894,0
378895,0
378896,0
378897,0
378898,0
378899,0
378900,0
378901,0
378902,0
378903,0
378904,0
378905,0
378906,0
378907,0
378908,0
378909,0
378910,0
378911,0
378912,0
378913,0
378914,0
378915,0
378916,0
378917,0
378918,0
378919,0
378920,0
378921,0
378922,0
378923,0
378924,0
378925,0
378926,0
378927,0
378928,0
378929,0
378930,0
378931,0
378932,0
378933,0
378934,0
378935,0
378936,0
378937,0
378938,0
378939,0
378940,0
378941,0
378942,0
378943,0
378944,0
378945,0
378946,0
378947,0
378948,0
378949,0
378950,0
378951,0
378952,0
378953,0
378954,0
378955,0
378956,0
378957,0
378958,0
378959,0
378960,0
378961,0
378962,0
378963,0
378964,0
378965,0
378966,0
378967,0
378968,0
378969,0
378970,0
378971,0
378972,0
378973,0
378974,0
378975,0
378976,0
378977,0
378978,0
378979,0
378980,0
378981,0
378982,0
378983,0
378984,0
378985,0
378986,0
378987,0
378988,0
378989,0
378990,0
378991,0
378992,0
378993,0
378994,0
378995,0
378996,0
378997,0
378998,0
378999,0
379000,0
379001,0
379002,0
379003,0
379004,0
379005,0
379006,0
379007,0
379008,0
379009,0
379010,0
379011,0
379012,0
379013,0
379014,0
379015,0
379016,0
379017,0
379018,0
379019,0
379020,0
379021,0
379022,0
379023,0
379024,0
379025,0
379026,0
379027,0
379028,0
379029,0
379030,0
379031,0
379032,0
379033,0
379034,0
379035,0
379036,0
379037,0
379038,0
379039,0
379040,0
379041,0
379042,0
379043,0
379044,0
379045,0
379046,0
379047,0
379048,0
379049,0
379050,0
379051,0
379052,0
379053,0
379054,0
379055,0
379056,0
379057,0
379058,0
379059,0
379060,0
379061,0
379062,0
379063,0
379064,0
379065,0
379066,0
379067,0
379068,0
379069,0
379070,0
379071,0
379072,0
379073,0
379074,0
379075,0
379076,0
379077,0
379078,0
379079,0
379080,0
379081,0
379082,0
379083,0
379084,0
379085,0
379086,0
379087,0
379088,0
379089,0
379090,0
379091,0
379092,0
379093,0
379094,0
379095,0
379096,0
379097,0
379098,0
379099,0
379100,0
379101,0
379102,0
379103,0
379104,0
379105,0
379106,0
379107,0
379108,0
379109,0
379110,0
379111,0
379112,0
379113,0
379114,0
379115,0
379116,0
379117,0
379118,0
379119,0
379120,0
379121,0
379122,0
379123,0
379124,0
379125,0
379126,0
379127,0
379128,0
379129,0
379130,0
379131,0
379132,0
379133,0
379134,0
379135,0
379136,0
379137,0
379138,0
379139,0
379140,0
379141,0
379142,0
379143,0
379144,0
379145,0
379146,0
379147,0
379148,0
379149,0
379150,0
379151,0
379152,0
379153,0
379154,0
379155,0
379156,0
379157,0
379158,0
379159,0
379160,0
379161,0
379162,0
379163,0
379164,0
379165,0
379166,0
379167,0
379168,0
379169,0
379170,0
379171,0
379172,0
379173,0
379174,0
379175,0
379176,0
379177,0
379178,0
379179,0
379180,0
379181,0
379182,0
379183,0
379184,0
379185,0
379186,0
379187,0
379188,0
379189,0
379190,0
379191,0
379192,0
379193,0
379194,0
379195,0
379196,0
379197,0
379198,0
379199,0
379200,0
379201,0
379202,0
379203,0
379204,0
379205,0
379206,0
379207,0
379208,0
379209,0
379210,0
379211,0
379212,0
379213,0
379214,0
379215,0
379216,0
379217,0
379218,0
379219,0
379220,0
379221,0
379222,0
379223,0
379224,0
379225,0
379226,0
379227,0
379228,0
379229,0
379230,0
379231,0
379232,0
379233,0
379234,0
379235,0
379236,0
379237,0
379238,0
379239,0
379240,0
379241,0
379242,0
379243,0
379244,0
379245,0
379246,0
379247,0
379248,0
379249,0
379250,0
379251,0
379252,0
379253,0
379254,0
379255,0
379256,0
379257,0
379258,0
379259,0
379260,0
379261,0
379262,0
379263,0
379264,0
379265,0
379266,0
379267,0
379268,0
379269,0
379270,0
379271,0
379272,0
379273,0
379274,0
379275,0
379276,0
379277,0
379278,0
379279,0
379280,0
379281,0
379282,0
379283,0
379284,0
379285,0
379286,0
379287,0
379288,0
379289,0
379290,0
379291,0
379292,0
379293,0
379294,0
379295,0
379296,0
379297,0
379298,0
379299,0
379300,0
379301,0
379302,0
379303,0
379304,0
379305,0
379306,0
379307,0
379308,0
379309,0
379310,0
379311,0
379312,0
379313,0
379314,0
379315,0
379316,0
379317,0
379318,0
379319,0
379320,0
379321,0
379322,0
379323,0
379324,0
379325,0
379326,0
379327,0
379328,0
379329,0
379330,0
379331,0
379332,0
379333,0
379334,0
379335,0
379336,0
379337,0
379338,0
379339,0
379340,0
379341,0
379342,0
379343,0
379344,0
379345,0
379346,0
379347,0
379348,0
379349,0
379350,0
379351,0
379352,0
379353,0
379354,0
379355,0
379356,0
379357,0
379358,0
379359,0
379360,0
379361,0
379362,0
379363,0
379364,0
379365,0
379366,0
379367,0
379368,0
379369,0
379370,0
379371,0
379372,0
379373,0
379374,0
379375,0
379376,0
379377,0
379378,0
379379,0
379380,0
379381,0
379382,0
379383,0
379384,0
379385,0
379386,0
379387,0
379388,0
379389,0
379390,0
379391,0
379392,0
379393,0
379394,0
379395,0
379396,0
379397,0
379398,0
379399,0
379400,0
379401,0
379402,0
379403,0
379404,0
379405,0
379406,0
379407,0
379408,0
379409,0
379410,0
379411,0
379412,0
379413,0
379414,0
379415,0
379416,0
379417,0
379418,0
379419,0
379420,0
379421,0
379422,0
379423,0
379424,0
379425,0
379426,0
379427,0
379428,0
379429,0
379430,0
379431,0
379432,0
379433,0
379434,0
379435,0
379436,0
379437,0
379438,0
379439,0
379440,0
379441,0
379442,0
379443,0
379444,0
379445,0
379446,0
379447,0
379448,0
379449,0
379450,0
379451,0
379452,0
379453,0
379454,0
379455,0
379456,0
379457,0
379458,0
379459,0
379460,0
379461,0
379462,0
379463,0
379464,0
379465,0
379466,0
379467,0
379468,0
379469,0
379470,0
379471,0
379472,0
379473,0
379474,0
379475,0
379476,0
379477,0
379478,0
379479,0
379480,0
379481,0
379482,0
379483,0
379484,0
379485,0
379486,0
379487,0
379488,0
379489,0
379490,0
379491,0
379492,0
379493,0
379494,0
379495,0
379496,0
379497,0
379498,0
379499,0
379500,0
379501,0
379502,0
379503,0
379504,0
379505,0
379506,0
379507,0
379508,0
379509,0
379510,0
379511,0
379512,0
379513,0
379514,0
379515,0
379516,0
379517,0
379518,0
379519,0
379520,0
379521,0
379522,0
379523,0
379524,0
379525,0
379526,0
379527,0
379528,0
379529,0
379530,0
379531,0
379532,0
379533,0
379534,0
379535,0
379536,0
379537,0
379538,0
379539,0
379540,0
379541,0
379542,0
379543,0
379544,0
379545,0
379546,0
379547,0
379548,0
379549,0
379550,0
379551,0
379552,0
379553,0
379554,0
379555,0
379556,0
379557,0
379558,0
379559,0
379560,0
379561,0
379562,0
379563,0
379564,0
379565,0
379566,0
379567,0
379568,0
379569,0
379570,0
379571,0
379572,0
379573,0
379574,0
379575,0
379576,0
379577,0
379578,0
379579,0
379580,0
379581,0
379582,0
379583,0
379584,0
379585,0
379586,0
379587,0
379588,0
379589,0
379590,0
379591,0
379592,0
379593,0
379594,0
379595,0
379596,0
379597,0
379598,0
379599,0
379600,0
379601,0
379602,0
379603,0
379604,0
379605,0
379606,0
379607,0
379608,0
379609,0
379610,0
379611,0
379612,0
379613,0
379614,0
379615,0
379616,0
379617,0
379618,0
379619,0
379620,0
379621,0
379622,0
379623,0
379624,0
379625,0
379626,0
379627,0
379628,0
379629,0
379630,0
379631,0
379632,0
379633,0
379634,0
379635,0
379636,0
379637,0
379638,0
379639,0
379640,0
379641,0
379642,0
379643,0
379644,0
379645,0
379646,0
379647,0
379648,0
379649,0
379650,0
379651,0
379652,0
379653,0
379654,0
379655,0
379656,0
379657,0
379658,0
379659,0
379660,0
379661,0
379662,0
379663,0
379664,0
379665,0
379666,0
379667,0
379668,0
379669,0
379670,0
379671,0
379672,0
379673,0
379674,0
379675,0
379676,0
379677,0
379678,0
379679,0
379680,0
379681,0
379682,0
379683,0
379684,0
379685,0
379686,0
379687,0
379688,0
379689,0
379690,0
379691,0
379692,0
379693,0
379694,0
379695,0
379696,0
379697,0
379698,0
379699,0
379700,0
379701,0
379702,0
379703,0
379704,0
379705,0
379706,0
379707,0
379708,0
379709,0
379710,0
379711,0
379712,0
379713,0
379714,0
379715,0
379716,0
379717,0
379718,0
379719,0
379720,0
379721,0
379722,0
379723,0
379724,0
379725,0
379726,0
379727,0
379728,0
379729,0
379730,0
379731,0
379732,0
379733,0
379734,0
379735,0
379736,0
379737,0
379738,0
379739,0
379740,0
379741,0
379742,0
379743,0
379744,0
379745,0
379746,0
379747,0
379748,0
379749,0
379750,0
379751,0
379752,0
379753,0
379754,0
379755,0
379756,0
379757,0
379758,0
379759,0
379760,0
379761,0
379762,0
379763,0
379764,0
379765,0
379766,0
379767,0
379768,0
379769,0
379770,0
379771,0
379772,0
379773,0
379774,0
379775,0
379776,0
379777,0
379778,0
379779,0
379780,0
379781,0
379782,0
379783,0
379784,0
379785,0
379786,0
379787,0
379788,0
379789,0
379790,0
379791,0
379792,0
379793,0
379794,0
379795,0
379796,0
379797,0
379798,0
379799,0
379800,0
379801,0
379802,0
379803,0
379804,0
379805,0
379806,0
379807,0
379808,0
379809,0
379810,0
379811,0
379812,0
379813,0
379814,0
379815,0
379816,0
379817,0
379818,0
379819,0
379820,0
379821,0
379822,0
379823,0
379824,0
379825,0
379826,0
379827,0
379828,0
379829,0
379830,0
379831,0
379832,0
379833,0
379834,0
379835,0
379836,0
379837,0
379838,0
379839,0
379840,0
379841,0
379842,0
379843,0
379844,0
379845,0
379846,0
379847,0
379848,0
379849,0
379850,0
379851,0
379852,0
379853,0
379854,0
379855,0
379856,0
379857,0
379858,0
379859,0
379860,0
379861,0
379862,0
379863,0
379864,0
379865,0
379866,0
379867,0
379868,0
379869,0
379870,0
379871,0
379872,0
379873,0
379874,0
379875,0
379876,0
379877,0
379878,0
379879,0
379880,0
379881,0
379882,0
379883,0
379884,0
379885,0
379886,0
379887,0
379888,0
379889,0
379890,0
379891,0
379892,0
379893,0
379894,0
379895,0
379896,0
379897,0
379898,0
379899,0
379900,0
379901,0
379902,0
379903,0
379904,0
379905,0
379906,0
379907,0
379908,0
379909,0
379910,0
379911,0
379912,0
379913,0
379914,0
379915,0
379916,0
379917,0
379918,0
379919,0
379920,0
379921,0
379922,0
379923,0
379924,0
379925,0
379926,0
379927,0
379928,0
379929,0
379930,0
379931,0
379932,0
379933,0
379934,0
379935,0
379936,0
379937,0
379938,0
379939,0
379940,0
379941,0
379942,0
379943,0
379944,0
379945,0
379946,0
379947,0
379948,0
379949,0
379950,0
379951,0
379952,0
379953,0
379954,0
379955,0
379956,0
379957,0
379958,0
379959,0
379960,0
379961,0
379962,0
379963,0
379964,0
379965,0
379966,0
379967,0
379968,0
379969,0
379970,0
379971,0
379972,0
379973,0
379974,0
379975,0
379976,0
379977,0
379978,0
379979,0
379980,0
379981,0
379982,0
379983,0
379984,0
379985,0
379986,0
379987,0
379988,0
379989,0
379990,0
379991,0
379992,0
379993,0
379994,0
379995,0
379996,0
379997,0
379998,0
379999,0
380000,0
380001,0
380002,0
380003,0
380004,0
380005,0
380006,0
380007,0
380008,0
380009,0
380010,0
380011,0
380012,0
380013,0
380014,0
380015,0
380016,0
380017,0
380018,0
380019,0
380020,0
380021,0
380022,0
380023,0
380024,0
380025,0
380026,0
380027,0
380028,0
380029,0
380030,0
380031,0
380032,0
380033,0
380034,0
380035,0
380036,0
380037,0
380038,0
380039,0
380040,0
380041,0
380042,0
380043,0
380044,0
380045,0
380046,0
380047,0
380048,0
380049,0
380050,0
380051,0
380052,0
380053,0
380054,0
380055,0
380056,0
380057,0
380058,0
380059,0
380060,0
380061,0
380062,0
380063,0
380064,0
380065,0
380066,0
380067,0
380068,0
380069,0
380070,0
380071,0
380072,0
380073,0
380074,0
380075,0
380076,0
380077,0
380078,0
380079,0
380080,0
380081,0
380082,0
380083,0
380084,0
380085,0
380086,0
380087,0
380088,0
380089,0
380090,0
380091,0
380092,0
380093,0
380094,0
380095,0
380096,0
380097,0
380098,0
380099,0
380100,0
380101,0
380102,0
380103,0
380104,0
380105,0
380106,0
380107,0
380108,0
380109,0
380110,0
380111,0
380112,0
380113,0
380114,0
380115,0
380116,0
380117,0
380118,0
380119,0
380120,0
380121,0
380122,0
380123,0
380124,0
380125,0
380126,0
380127,0
380128,0
380129,0
380130,0
380131,0
380132,0
380133,0
380134,0
380135,0
380136,0
380137,0
380138,0
380139,0
380140,0
380141,0
380142,0
380143,0
380144,0
380145,0
380146,0
380147,0
380148,0
380149,0
380150,0
380151,0
380152,0
380153,0
380154,0
380155,0
380156,0
380157,0
380158,0
380159,0
380160,0
380161,0
380162,0
380163,0
380164,0
380165,0
380166,0
380167,0
380168,0
380169,0
380170,0
380171,0
380172,0
380173,0
380174,0
380175,0
380176,0
380177,0
380178,0
380179,0
380180,0
380181,0
380182,0
380183,0
380184,0
380185,0
380186,0
380187,0
380188,0
380189,0
380190,0
380191,0
380192,0
380193,0
380194,0
380195,0
380196,0
380197,0
380198,0
380199,0
380200,0
380201,0
380202,0
380203,0
380204,0
380205,0
380206,0
380207,0
380208,0
380209,0
380210,0
380211,0
380212,0
380213,0
380214,0
380215,0
380216,0
380217,0
380218,0
380219,0
380220,0
380221,0
380222,0
380223,0
380224,0
380225,0
380226,0
380227,0
380228,0
380229,0
380230,0
380231,0
380232,0
380233,0
380234,0
380235,0
380236,0
380237,0
380238,0
380239,0
380240,0
380241,0
380242,0
380243,0
380244,0
380245,0
380246,0
380247,0
380248,0
380249,0
380250,0
380251,0
380252,0
380253,0
380254,0
380255,0
380256,0
380257,0
380258,0
380259,0
380260,0
380261,0
380262,0
380263,0
380264,0
380265,0
380266,0
380267,0
380268,0
380269,0
380270,0
380271,0
380272,0
380273,0
380274,0
380275,0
380276,0
380277,0
380278,0
380279,0
380280,0
380281,0
380282,0
380283,0
380284,0
380285,0
380286,0
380287,0
380288,0
380289,0
380290,0
380291,0
380292,0
380293,0
380294,0
380295,0
380296,0
380297,0
380298,0
380299,0
380300,0
380301,0
380302,0
380303,0
380304,0
380305,0
380306,0
380307,0
380308,0
380309,0
380310,0
380311,0
380312,0
380313,0
380314,0
380315,0
380316,0
380317,0
380318,0
380319,0
380320,0
380321,0
380322,0
380323,0
380324,0
380325,0
380326,0
380327,0
380328,0
380329,0
380330,0
380331,0
380332,0
380333,0
380334,0
380335,0
380336,0
380337,0
380338,0
380339,0
380340,0
380341,0
380342,0
380343,0
380344,0
380345,0
380346,0
380347,0
380348,0
380349,0
380350,0
380351,0
380352,0
380353,0
380354,0
380355,0
380356,0
380357,0
380358,0
380359,0
380360,0
380361,0
380362,0
380363,0
380364,0
380365,0
380366,0
380367,0
380368,0
380369,0
380370,0
380371,0
380372,0
380373,0
380374,0
380375,0
380376,0
380377,0
380378,0
380379,0
380380,0
380381,0
380382,0
380383,0
380384,0
380385,0
380386,0
380387,0
380388,0
380389,0
380390,0
380391,0
380392,0
380393,0
380394,0
380395,0
380396,0
380397,0
380398,0
380399,0
380400,0
380401,0
380402,0
380403,0
380404,0
380405,0
380406,0
380407,0
380408,0
380409,0
380410,0
380411,0
380412,0
380413,0
380414,0
380415,0
380416,0
380417,0
380418,0
380419,0
380420,0
380421,0
380422,0
380423,0
380424,0
380425,0
380426,0
380427,0
380428,0
380429,0
380430,0
380431,0
380432,0
380433,0
380434,0
380435,0
380436,0
380437,0
380438,0
380439,0
380440,0
380441,0
380442,0
380443,0
380444,0
380445,0
380446,0
380447,0
380448,0
380449,0
380450,0
380451,0
380452,0
380453,0
380454,0
380455,0
380456,0
380457,0
380458,0
380459,0
380460,0
380461,0
380462,0
380463,0
380464,0
380465,0
380466,0
380467,0
380468,0
380469,0
380470,0
380471,0
380472,0
380473,0
380474,0
380475,0
380476,0
380477,0
380478,0
380479,0
380480,0
380481,0
380482,0
380483,0
380484,0
380485,0
380486,0
380487,0
380488,0
380489,0
380490,0
380491,0
380492,0
380493,0
380494,0
380495,0
380496,0
380497,0
380498,0
380499,0
380500,0
380501,0
380502,0
380503,0
380504,0
380505,0
380506,0
380507,0
380508,0
380509,0
380510,0
380511,0
380512,0
380513,0
380514,0
380515,0
380516,0
380517,0
380518,0
380519,0
380520,0
380521,0
380522,0
380523,0
380524,0
380525,0
380526,0
380527,0
380528,0
380529,0
380530,0
380531,0
380532,0
380533,0
380534,0
380535,0
380536,0
380537,0
380538,0
380539,0
380540,0
380541,0
380542,0
380543,0
380544,0
380545,0
380546,0
380547,0
380548,0
380549,0
380550,0
380551,0
380552,0
380553,0
380554,0
380555,0
380556,0
380557,0
380558,0
380559,0
380560,0
380561,0
380562,0
380563,0
380564,0
380565,0
380566,0
380567,0
380568,0
380569,0
380570,0
380571,0
380572,0
380573,0
380574,0
380575,0
380576,0
380577,0
380578,0
380579,0
380580,0
380581,0
380582,0
380583,0
380584,0
380585,0
380586,0
380587,0
380588,0
380589,0
380590,0
380591,0
380592,0
380593,0
380594,0
380595,0
380596,0
380597,0
380598,0
380599,0
380600,0
380601,0
380602,0
380603,0
380604,0
380605,0
380606,0
380607,0
380608,0
380609,0
380610,0
380611,0
380612,0
380613,0
380614,0
380615,0
380616,0
380617,0
380618,0
380619,0
380620,0
380621,0
380622,0
380623,0
380624,0
380625,0
380626,0
380627,0
380628,0
380629,0
380630,0
380631,0
380632,0
380633,0
380634,0
380635,0
380636,0
380637,0
380638,0
380639,0
380640,0
380641,0
380642,0
380643,0
380644,0
380645,0
380646,0
380647,0
380648,0
380649,0
380650,0
380651,0
380652,0
380653,0
380654,0
380655,0
380656,0
380657,0
380658,0
380659,0
380660,0
380661,0
380662,0
380663,0
380664,0
380665,0
380666,0
380667,0
380668,0
380669,0
380670,0
380671,0
380672,0
380673,0
380674,0
380675,0
380676,0
380677,0
380678,0
380679,0
380680,0
380681,0
380682,0
380683,0
380684,0
380685,0
380686,0
380687,0
380688,0
380689,0
380690,0
380691,0
380692,0
380693,0
380694,0
380695,0
380696,0
380697,0
380698,0
380699,0
380700,0
380701,0
380702,0
380703,0
380704,0
380705,0
380706,0
380707,0
380708,0
380709,0
380710,0
380711,0
380712,0
380713,0
380714,0
380715,0
380716,0
380717,0
380718,0
380719,0
380720,0
380721,0
380722,0
380723,0
380724,0
380725,0
380726,0
380727,0
380728,0
380729,0
380730,0
380731,0
380732,0
380733,0
380734,0
380735,0
380736,0
380737,0
380738,0
380739,0
380740,0
380741,0
380742,0
380743,0
380744,0
380745,0
380746,0
380747,0
380748,0
380749,0
380750,0
380751,0
380752,0
380753,0
380754,0
380755,0
380756,0
380757,0
380758,0
380759,0
380760,0
380761,0
380762,0
380763,0
380764,0
380765,0
380766,0
380767,0
380768,0
380769,0
380770,0
380771,0
380772,0
380773,0
380774,0
380775,0
380776,0
380777,0
380778,0
380779,0
380780,0
380781,0
380782,0
380783,0
380784,0
380785,0
380786,0
380787,0
380788,0
380789,0
380790,0
380791,0
380792,0
380793,0
380794,0
380795,0
380796,0
380797,0
380798,0
380799,0
380800,0
380801,0
380802,0
380803,0
380804,0
380805,0
380806,0
380807,0
380808,0
380809,0
380810,0
380811,0
380812,0
380813,0
380814,0
380815,0
380816,0
380817,0
380818,0
380819,0
380820,0
380821,0
380822,0
380823,0
380824,0
380825,0
380826,0
380827,0
380828,0
380829,0
380830,0
380831,0
380832,0
380833,0
380834,0
380835,0
380836,0
380837,0
380838,0
380839,0
380840,0
380841,0
380842,0
380843,0
380844,0
380845,0
380846,0
380847,0
380848,0
380849,0
380850,0
380851,0
380852,0
380853,0
380854,0
380855,0
380856,0
380857,0
380858,0
380859,0
380860,0
380861,0
380862,0
380863,0
380864,0
380865,0
380866,0
380867,0
380868,0
380869,0
380870,0
380871,0
380872,0
380873,0
380874,0
380875,0
380876,0
380877,0
380878,0
380879,0
380880,0
380881,0
380882,0
380883,0
380884,0
380885,0
380886,0
380887,0
380888,0
380889,0
380890,0
380891,0
380892,0
380893,0
380894,0
380895,0
380896,0
380897,0
380898,0
380899,0
380900,0
380901,0
380902,0
380903,0
380904,0
380905,0
380906,0
380907,0
380908,0
380909,0
380910,0
380911,0
380912,0
380913,0
380914,0
380915,0
380916,0
380917,0
380918,0
380919,0
380920,0
380921,0
380922,0
380923,0
380924,0
380925,0
380926,0
380927,0
380928,0
380929,0
380930,0
380931,0
380932,0
380933,0
380934,0
380935,0
380936,0
380937,0
380938,0
380939,0
380940,0
380941,0
380942,0
380943,0
380944,0
380945,0
380946,0
380947,0
380948,0
380949,0
380950,0
380951,0
380952,0
380953,0
380954,0
380955,0
380956,0
380957,0
380958,0
380959,0
380960,0
380961,0
380962,0
380963,0
380964,0
380965,0
380966,0
380967,0
380968,0
380969,0
380970,0
380971,0
380972,0
380973,0
380974,0
380975,0
380976,0
380977,0
380978,0
380979,0
380980,0
380981,0
380982,0
380983,0
380984,0
380985,0
380986,0
380987,0
380988,0
380989,0
380990,0
380991,0
380992,0
380993,0
380994,0
380995,0
380996,0
380997,0
380998,0
380999,0
381000,0
381001,0
381002,0
381003,0
381004,0
381005,0
381006,0
381007,0
381008,0
381009,0
381010,0
381011,0
381012,0
381013,0
381014,0
381015,0
381016,0
381017,0
381018,0
381019,0
381020,0
381021,0
381022,0
381023,0
381024,0
381025,0
381026,0
381027,0
381028,0
381029,0
381030,0
381031,0
381032,0
381033,0
381034,0
381035,0
381036,0
381037,0
381038,0
381039,0
381040,0
381041,0
381042,0
381043,0
381044,0
381045,0
381046,0
381047,0
381048,0
381049,0
381050,0
381051,0
381052,0
381053,0
381054,0
381055,0
381056,0
381057,0
381058,0
381059,0
381060,0
381061,0
381062,0
381063,0
381064,0
381065,0
381066,0
381067,0
381068,0
381069,0
381070,0
381071,0
381072,0
381073,0
381074,0
381075,0
381076,0
381077,0
381078,0
381079,0
381080,0
381081,0
381082,0
381083,0
381084,0
381085,0
381086,0
381087,0
381088,0
381089,0
381090,0
381091,0
381092,0
381093,0
381094,0
381095,0
381096,0
381097,0
381098,0
381099,0
381100,0
381101,0
381102,0
381103,0
381104,0
381105,0
381106,0
381107,0
381108,0
381109,0
381110,0
381111,0
381112,0
381113,0
381114,0
381115,0
381116,0
381117,0
381118,0
381119,0
381120,0
381121,0
381122,0
381123,0
381124,0
381125,0
381126,0
381127,0
381128,0
381129,0
381130,0
381131,0
381132,0
381133,0
381134,0
381135,0
381136,0
381137,0
381138,0
381139,0
381140,0
381141,0
381142,0
381143,0
381144,0
381145,0
381146,0
381147,0
381148,0
381149,0
381150,0
381151,0
381152,0
381153,0
381154,0
381155,0
381156,0
381157,0
381158,0
381159,0
381160,0
381161,0
381162,0
381163,0
381164,0
381165,0
381166,0
381167,0
381168,0
381169,0
381170,0
381171,0
381172,0
381173,0
381174,0
381175,0
381176,0
381177,0
381178,0
381179,0
381180,0
381181,0
381182,0
381183,0
381184,0
381185,0
381186,0
381187,0
381188,0
381189,0
381190,0
381191,0
381192,0
381193,0
381194,0
381195,0
381196,0
381197,0
381198,0
381199,0
381200,0
381201,0
381202,0
381203,0
381204,0
381205,0
381206,0
381207,0
381208,0
381209,0
381210,0
381211,0
381212,0
381213,0
381214,0
381215,0
381216,0
381217,0
381218,0
381219,0
381220,0
381221,0
381222,0
381223,0
381224,0
381225,0
381226,0
381227,0
381228,0
381229,0
381230,0
381231,0
381232,0
381233,0
381234,0
381235,0
381236,0
381237,0
381238,0
381239,0
381240,0
381241,0
381242,0
381243,0
381244,0
381245,0
381246,0
381247,0
381248,0
381249,0
381250,0
381251,0
381252,0
381253,0
381254,0
381255,0
381256,0
381257,0
381258,0
381259,0
381260,0
381261,0
381262,0
381263,0
381264,0
381265,0
381266,0
381267,0
381268,0
381269,0
381270,0
381271,0
381272,0
381273,0
381274,0
381275,0
381276,0
381277,0
381278,0
381279,0
381280,0
381281,0
381282,0
381283,0
381284,0
381285,0
381286,0
381287,0
381288,0
381289,0
381290,0
381291,0
381292,0
381293,0
381294,0
381295,0
381296,0
381297,0
381298,0
381299,0
381300,0
381301,0
381302,0
381303,0
381304,0
381305,0
381306,0
381307,0
381308,0
381309,0
381310,0
381311,0
381312,0
381313,0
381314,0
381315,0
381316,0
381317,0
381318,0
381319,0
381320,0
381321,0
381322,0
381323,0
381324,0
381325,0
381326,0
381327,0
381328,0
381329,0
381330,0
381331,0
381332,0
381333,0
381334,0
381335,0
381336,0
381337,0
381338,0
381339,0
381340,0
381341,0
381342,0
381343,0
381344,0
381345,0
381346,0
381347,0
381348,0
381349,0
381350,0
381351,0
381352,0
381353,0
381354,0
381355,0
381356,0
381357,0
381358,0
381359,0
381360,0
381361,0
381362,0
381363,0
381364,0
381365,0
381366,0
381367,0
381368,0
381369,0
381370,0
381371,0
381372,0
381373,0
381374,0
381375,0
381376,0
381377,0
381378,0
381379,0
381380,0
381381,0
381382,0
381383,0
381384,0
381385,0
381386,0
381387,0
381388,0
381389,0
381390,0
381391,0
381392,0
381393,0
381394,0
381395,0
381396,0
381397,0
381398,0
381399,0
381400,0
381401,0
381402,0
381403,0
381404,0
381405,0
381406,0
381407,0
381408,0
381409,0
381410,0
381411,0
381412,0
381413,0
381414,0
381415,0
381416,0
381417,0
381418,0
381419,0
381420,0
381421,0
381422,0
381423,0
381424,0
381425,0
381426,0
381427,0
381428,0
381429,0
381430,0
381431,0
381432,0
381433,0
381434,0
381435,0
381436,0
381437,0
381438,0
381439,0
381440,0
381441,0
381442,0
381443,0
381444,0
381445,0
381446,0
381447,0
381448,0
381449,0
381450,0
381451,0
381452,0
381453,0
381454,0
381455,0
381456,0
381457,0
381458,0
381459,0
381460,0
381461,0
381462,0
381463,0
381464,0
381465,0
381466,0
381467,0
381468,0
381469,0
381470,0
381471,0
381472,0
381473,0
381474,0
381475,0
381476,0
381477,0
381478,0
381479,0
381480,0
381481,0
381482,0
381483,0
381484,0
381485,0
381486,0
381487,0
381488,0
381489,0
381490,0
381491,0
381492,0
381493,0
381494,0
381495,0
381496,0
381497,0
381498,0
381499,0
381500,0
381501,0
381502,0
381503,0
381504,0
381505,0
381506,0
381507,0
381508,0
381509,0
381510,0
381511,0
381512,0
381513,0
381514,0
381515,0
381516,0
381517,0
381518,0
381519,0
381520,0
381521,0
381522,0
381523,0
381524,0
381525,0
381526,0
381527,0
381528,0
381529,0
381530,0
381531,0
381532,0
381533,0
381534,0
381535,0
381536,0
381537,0
381538,0
381539,0
381540,0
381541,0
381542,0
381543,0
381544,0
381545,0
381546,0
381547,0
381548,0
381549,0
381550,0
381551,0
381552,0
381553,0
381554,0
381555,0
381556,0
381557,0
381558,0
381559,0
381560,0
381561,0
381562,0
381563,0
381564,0
381565,0
381566,0
381567,0
381568,0
381569,0
381570,0
381571,0
381572,0
381573,0
381574,0
381575,0
381576,0
381577,0
381578,0
381579,0
381580,0
381581,0
381582,0
381583,0
381584,0
381585,0
381586,0
381587,0
381588,0
381589,0
381590,0
381591,0
381592,0
381593,0
381594,0
381595,0
381596,0
381597,0
381598,0
381599,0
381600,0
381601,0
381602,0
381603,0
381604,0
381605,0
381606,0
381607,0
381608,0
381609,0
381610,0
381611,0
381612,0
381613,0
381614,0
381615,0
381616,0
381617,0
381618,0
381619,0
381620,0
381621,0
381622,0
381623,0
381624,0
381625,0
381626,0
381627,0
381628,0
381629,0
381630,0
381631,0
381632,0
381633,0
381634,0
381635,0
381636,0
381637,0
381638,0
381639,0
381640,0
381641,0
381642,0
381643,0
381644,0
381645,0
381646,0
381647,0
381648,0
381649,0
381650,0
381651,0
381652,0
381653,0
381654,0
381655,0
381656,0
381657,0
381658,0
381659,0
381660,0
381661,0
381662,0
381663,0
381664,0
381665,0
381666,0
381667,0
381668,0
381669,0
381670,0
381671,0
381672,0
381673,0
381674,0
381675,0
381676,0
381677,0
381678,0
381679,0
381680,0
381681,0
381682,0
381683,0
381684,0
381685,0
381686,0
381687,0
381688,0
381689,0
381690,0
381691,0
381692,0
381693,0
381694,0
381695,0
381696,0
381697,0
381698,0
381699,0
381700,0
381701,0
381702,0
381703,0
381704,0
381705,0
381706,0
381707,0
381708,0
381709,0
381710,0
381711,0
381712,0
381713,0
381714,0
381715,0
381716,0
381717,0
381718,0
381719,0
381720,0
381721,0
381722,0
381723,0
381724,0
381725,0
381726,0
381727,0
381728,0
381729,0
381730,0
381731,0
381732,0
381733,0
381734,0
381735,0
381736,0
381737,0
381738,0
381739,0
381740,0
381741,0
381742,0
381743,0
381744,0
381745,0
381746,0
381747,0
381748,0
381749,0
381750,0
381751,0
381752,0
381753,0
381754,0
381755,0
381756,0
381757,0
381758,0
381759,0
381760,0
381761,0
381762,0
381763,0
381764,0
381765,0
381766,0
381767,0
381768,0
381769,0
381770,0
381771,0
381772,0
381773,0
381774,0
381775,0
381776,0
381777,0
381778,0
381779,0
381780,0
381781,0
381782,0
381783,0
381784,0
381785,0
381786,0
381787,0
381788,0
381789,0
381790,0
381791,0
381792,0
381793,0
381794,0
381795,0
381796,0
381797,0
381798,0
381799,0
381800,0
381801,0
381802,0
381803,0
381804,0
381805,0
381806,0
381807,0
381808,0
381809,0
381810,0
381811,0
381812,0
381813,0
381814,0
381815,0
381816,0
381817,0
381818,0
381819,0
381820,0
381821,0
381822,0
381823,0
381824,0
381825,0
381826,0
381827,0
381828,0
381829,0
381830,0
381831,0
381832,0
381833,0
381834,0
381835,0
381836,0
381837,0
381838,0
381839,0
381840,0
381841,0
381842,0
381843,0
381844,0
381845,0
381846,0
381847,0
381848,0
381849,0
381850,0
381851,0
381852,0
381853,0
381854,0
381855,0
381856,0
381857,0
381858,0
381859,0
381860,0
381861,0
381862,0
381863,0
381864,0
381865,0
381866,0
381867,0
381868,0
381869,0
381870,0
381871,0
381872,0
381873,0
381874,0
381875,0
381876,0
381877,0
381878,0
381879,0
381880,0
381881,0
381882,0
381883,0
381884,0
381885,0
381886,0
381887,0
381888,0
381889,0
381890,0
381891,0
381892,0
381893,0
381894,0
381895,0
381896,0
381897,0
381898,0
381899,0
381900,0
381901,0
381902,0
381903,0
381904,0
381905,0
381906,0
381907,0
381908,0
381909,0
381910,0
381911,0
381912,0
381913,0
381914,0
381915,0
381916,0
381917,0
381918,0
381919,0
381920,0
381921,0
381922,0
381923,0
381924,0
381925,0
381926,0
381927,0
381928,0
381929,0
381930,0
381931,0
381932,0
381933,0
381934,0
381935,0
381936,0
381937,0
381938,0
381939,0
381940,0
381941,0
381942,0
381943,0
381944,0
381945,0
381946,0
381947,0
381948,0
381949,0
381950,0
381951,0
381952,0
381953,0
381954,0
381955,0
381956,0
381957,0
381958,0
381959,0
381960,0
381961,0
381962,0
381963,0
381964,0
381965,0
381966,0
381967,0
381968,0
381969,0
381970,0
381971,0
381972,0
381973,0
381974,0
381975,0
381976,0
381977,0
381978,0
381979,0
381980,0
381981,0
381982,0
381983,0
381984,0
381985,0
381986,0
381987,0
381988,0
381989,0
381990,0
381991,0
381992,0
381993,0
381994,0
381995,0
381996,0
381997,0
381998,0
381999,0
382000,0
382001,0
382002,0
382003,0
382004,0
382005,0
382006,0
382007,0
382008,0
382009,0
382010,0
382011,0
382012,0
382013,0
382014,0
382015,0
382016,0
382017,0
382018,0
382019,0
382020,0
382021,0
382022,0
382023,0
382024,0
382025,0
382026,0
382027,0
382028,0
382029,0
382030,0
382031,0
382032,0
382033,0
382034,0
382035,0
382036,0
382037,0
382038,0
382039,0
382040,0
382041,0
382042,0
382043,0
382044,0
382045,0
382046,0
382047,0
382048,0
382049,0
382050,0
382051,0
382052,0
382053,0
382054,0
382055,0
382056,0
382057,0
382058,0
382059,0
382060,0
382061,0
382062,0
382063,0
382064,0
382065,0
382066,0
382067,0
382068,0
382069,0
382070,0
382071,0
382072,0
382073,0
382074,0
382075,0
382076,0
382077,0
382078,0
382079,0
382080,0
382081,0
382082,0
382083,0
382084,0
382085,0
382086,0
382087,0
382088,0
382089,0
382090,0
382091,0
382092,0
382093,0
382094,0
382095,0
382096,0
382097,0
382098,0
382099,0
382100,0
382101,0
382102,0
382103,0
382104,0
382105,0
382106,0
382107,0
382108,0
382109,0
382110,0
382111,0
382112,0
382113,0
382114,0
382115,0
382116,0
382117,0
382118,0
382119,0
382120,0
382121,0
382122,0
382123,0
382124,0
382125,0
382126,0
382127,0
382128,0
382129,0
382130,0
382131,0
382132,0
382133,0
382134,0
382135,0
382136,0
382137,0
382138,0
382139,0
382140,0
382141,0
382142,0
382143,0
382144,0
382145,0
382146,0
382147,0
382148,0
382149,0
382150,0
382151,0
382152,0
382153,0
382154,0
382155,0
382156,0
382157,0
382158,0
382159,0
382160,0
382161,0
382162,0
382163,0
382164,0
382165,0
382166,0
382167,0
382168,0
382169,0
382170,0
382171,0
382172,0
382173,0
382174,0
382175,0
382176,0
382177,0
382178,0
382179,0
382180,0
382181,0
382182,0
382183,0
382184,0
382185,0
382186,0
382187,0
382188,0
382189,0
382190,0
382191,0
382192,0
382193,0
382194,0
382195,0
382196,0
382197,0
382198,0
382199,0
382200,0
382201,0
382202,0
382203,0
382204,0
382205,0
382206,0
382207,0
382208,0
382209,0
382210,0
382211,0
382212,0
382213,0
382214,0
382215,0
382216,0
382217,0
382218,0
382219,0
382220,0
382221,0
382222,0
382223,0
382224,0
382225,0
382226,0
382227,0
382228,0
382229,0
382230,0
382231,0
382232,0
382233,0
382234,0
382235,0
382236,0
382237,0
382238,0
382239,0
382240,0
382241,0
382242,0
382243,0
382244,0
382245,0
382246,0
382247,0
382248,0
382249,0
382250,0
382251,0
382252,0
382253,0
382254,0
382255,0
382256,0
382257,0
382258,0
382259,0
382260,0
382261,0
382262,0
382263,0
382264,0
382265,0
382266,0
382267,0
382268,0
382269,0
382270,0
382271,0
382272,0
382273,0
382274,0
382275,0
382276,0
382277,0
382278,0
382279,0
382280,0
382281,0
382282,0
382283,0
382284,0
382285,0
382286,0
382287,0
382288,0
382289,0
382290,0
382291,0
382292,0
382293,0
382294,0
382295,0
382296,0
382297,0
382298,0
382299,0
382300,0
382301,0
382302,0
382303,0
382304,0
382305,0
382306,0
382307,0
382308,0
382309,0
382310,0
382311,0
382312,0
382313,0
382314,0
382315,0
382316,0
382317,0
382318,0
382319,0
382320,0
382321,0
382322,0
382323,0
382324,0
382325,0
382326,0
382327,0
382328,0
382329,0
382330,0
382331,0
382332,0
382333,0
382334,0
382335,0
382336,0
382337,0
382338,0
382339,0
382340,0
382341,0
382342,0
382343,0
382344,0
382345,0
382346,0
382347,0
382348,0
382349,0
382350,0
382351,0
382352,0
382353,0
382354,0
382355,0
382356,0
382357,0
382358,0
382359,0
382360,0
382361,0
382362,0
382363,0
382364,0
382365,0
382366,0
382367,0
382368,0
382369,0
382370,0
382371,0
382372,0
382373,0
382374,0
382375,0
382376,0
382377,0
382378,0
382379,0
382380,0
382381,0
382382,0
382383,0
382384,0
382385,0
382386,0
382387,0
382388,0
382389,0
382390,0
382391,0
382392,0
382393,0
382394,0
382395,0
382396,0
382397,0
382398,0
382399,0
382400,0
382401,0
382402,0
382403,0
382404,0
382405,0
382406,0
382407,0
382408,0
382409,0
382410,0
382411,0
382412,0
382413,0
382414,0
382415,0
382416,0
382417,0
382418,0
382419,0
382420,0
382421,0
382422,0
382423,0
382424,0
382425,0
382426,0
382427,0
382428,0
382429,0
382430,0
382431,0
382432,0
382433,0
382434,0
382435,0
382436,0
382437,0
382438,0
382439,0
382440,0
382441,0
382442,0
382443,0
382444,0
382445,0
382446,0
382447,0
382448,0
382449,0
382450,0
382451,0
382452,0
382453,0
382454,0
382455,0
382456,0
382457,0
382458,0
382459,0
382460,0
382461,0
382462,0
382463,0
382464,0
382465,0
382466,0
382467,0
382468,0
382469,0
382470,0
382471,0
382472,0
382473,0
382474,0
382475,0
382476,0
382477,0
382478,0
382479,0
382480,0
382481,0
382482,0
382483,0
382484,0
382485,0
382486,0
382487,0
382488,0
382489,0
382490,0
382491,0
382492,0
382493,0
382494,0
382495,0
382496,0
382497,0
382498,0
382499,0
382500,0
382501,0
382502,0
382503,0
382504,0
382505,0
382506,0
382507,0
382508,0
382509,0
382510,0
382511,0
382512,0
382513,0
382514,0
382515,0
382516,0
382517,0
382518,0
382519,0
382520,0
382521,0
382522,0
382523,0
382524,0
382525,0
382526,0
382527,0
382528,0
382529,0
382530,0
382531,0
382532,0
382533,0
382534,0
382535,0
382536,0
382537,0
382538,0
382539,0
382540,0
382541,0
382542,0
382543,0
382544,0
382545,0
382546,0
382547,0
382548,0
382549,0
382550,0
382551,0
382552,0
382553,0
382554,0
382555,0
382556,0
382557,0
382558,0
382559,0
382560,0
382561,0
382562,0
382563,0
382564,0
382565,0
382566,0
382567,0
382568,0
382569,0
382570,0
382571,0
382572,0
382573,0
382574,0
382575,0
382576,0
382577,0
382578,0
382579,0
382580,0
382581,0
382582,0
382583,0
382584,0
382585,0
382586,0
382587,0
382588,0
382589,0
382590,0
382591,0
382592,0
382593,0
382594,0
382595,0
382596,0
382597,0
382598,0
382599,0
382600,0
382601,0
382602,0
382603,0
382604,0
382605,0
382606,0
382607,0
382608,0
382609,0
382610,0
382611,0
382612,0
382613,0
382614,0
382615,0
382616,0
382617,0
382618,0
382619,0
382620,0
382621,0
382622,0
382623,0
382624,0
382625,0
382626,0
382627,0
382628,0
382629,0
382630,0
382631,0
382632,0
382633,0
382634,0
382635,0
382636,0
382637,0
382638,0
382639,0
382640,0
382641,0
382642,0
382643,0
382644,0
382645,0
382646,0
382647,0
382648,0
382649,0
382650,0
382651,0
382652,0
382653,0
382654,0
382655,0
382656,0
382657,0
382658,0
382659,0
382660,0
382661,0
382662,0
382663,0
382664,0
382665,0
382666,0
382667,0
382668,0
382669,0
382670,0
382671,0
382672,0
382673,0
382674,0
382675,0
382676,0
382677,0
382678,0
382679,0
382680,0
382681,0
382682,0
382683,0
382684,0
382685,0
382686,0
382687,0
382688,0
382689,0
382690,0
382691,0
382692,0
382693,0
382694,0
382695,0
382696,0
382697,0
382698,0
382699,0
382700,0
382701,0
382702,0
382703,0
382704,0
382705,0
382706,0
382707,0
382708,0
382709,0
382710,0
382711,0
382712,0
382713,0
382714,0
382715,0
382716,0
382717,0
382718,0
382719,0
382720,0
382721,0
382722,0
382723,0
382724,0
382725,0
382726,0
382727,0
382728,0
382729,0
382730,0
382731,0
382732,0
382733,0
382734,0
382735,0
382736,0
382737,0
382738,0
382739,0
382740,0
382741,0
382742,0
382743,0
382744,0
382745,0
382746,0
382747,0
382748,0
382749,0
382750,0
382751,0
382752,0
382753,0
382754,0
382755,0
382756,0
382757,0
382758,0
382759,0
382760,0
382761,0
382762,0
382763,0
382764,0
382765,0
382766,0
382767,0
382768,0
382769,0
382770,0
382771,0
382772,0
382773,0
382774,0
382775,0
382776,0
382777,0
382778,0
382779,0
382780,0
382781,0
382782,0
382783,0
382784,0
382785,0
382786,0
382787,0
382788,0
382789,0
382790,0
382791,0
382792,0
382793,0
382794,0
382795,0
382796,0
382797,0
382798,0
382799,0
382800,0
382801,0
382802,0
382803,0
382804,0
382805,0
382806,0
382807,0
382808,0
382809,0
382810,0
382811,0
382812,0
382813,0
382814,0
382815,0
382816,0
382817,0
382818,0
382819,0
382820,0
382821,0
382822,0
382823,0
382824,0
382825,0
382826,0
382827,0
382828,0
382829,0
382830,0
382831,0
382832,0
382833,0
382834,0
382835,0
382836,0
382837,0
382838,0
382839,0
382840,0
382841,0
382842,0
382843,0
382844,0
382845,0
382846,0
382847,0
382848,0
382849,0
382850,0
382851,0
382852,0
382853,0
382854,0
382855,0
382856,0
382857,0
382858,0
382859,0
382860,0
382861,0
382862,0
382863,0
382864,0
382865,0
382866,0
382867,0
382868,0
382869,0
382870,0
382871,0
382872,0
382873,0
382874,0
382875,0
382876,0
382877,0
382878,0
382879,0
382880,0
382881,0
382882,0
382883,0
382884,0
382885,0
382886,0
382887,0
382888,0
382889,0
382890,0
382891,0
382892,0
382893,0
382894,0
382895,0
382896,0
382897,0
382898,0
382899,0
382900,0
382901,0
382902,0
382903,0
382904,0
382905,0
382906,0
382907,0
382908,0
382909,0
382910,0
382911,0
382912,0
382913,0
382914,0
382915,0
382916,0
382917,0
382918,0
382919,0
382920,0
382921,0
382922,0
382923,0
382924,0
382925,0
382926,0
382927,0
382928,0
382929,0
382930,0
382931,0
382932,0
382933,0
382934,0
382935,0
382936,0
382937,0
382938,0
382939,0
382940,0
382941,0
382942,0
382943,0
382944,0
382945,0
382946,0
382947,0
382948,0
382949,0
382950,0
382951,0
382952,0
382953,0
382954,0
382955,0
382956,0
382957,0
382958,0
382959,0
382960,0
382961,0
382962,0
382963,0
382964,0
382965,0
382966,0
382967,0
382968,0
382969,0
382970,0
382971,0
382972,0
382973,0
382974,0
382975,0
382976,0
382977,0
382978,0
382979,0
382980,0
382981,0
382982,0
382983,0
382984,0
382985,0
382986,0
382987,0
382988,0
382989,0
382990,0
382991,0
382992,0
382993,0
382994,0
382995,0
382996,0
382997,0
382998,0
382999,0
383000,0
383001,0
383002,0
383003,0
383004,0
383005,0
383006,0
383007,0
383008,0
383009,0
383010,0
383011,0
383012,0
383013,0
383014,0
383015,0
383016,0
383017,0
383018,0
383019,0
383020,0
383021,0
383022,0
383023,0
383024,0
383025,0
383026,0
383027,0
383028,0
383029,0
383030,0
383031,0
383032,0
383033,0
383034,0
383035,0
383036,0
383037,0
383038,0
383039,0
383040,0
383041,0
383042,0
383043,0
383044,0
383045,0
383046,0
383047,0
383048,0
383049,0
383050,0
383051,0
383052,0
383053,0
383054,0
383055,0
383056,0
383057,0
383058,0
383059,0
383060,0
383061,0
383062,0
383063,0
383064,0
383065,0
383066,0
383067,0
383068,0
383069,0
383070,0
383071,0
383072,0
383073,0
383074,0
383075,0
383076,0
383077,0
383078,0
383079,0
383080,0
383081,0
383082,0
383083,0
383084,0
383085,0
383086,0
383087,0
383088,0
383089,0
383090,0
383091,0
383092,0
383093,0
383094,0
383095,0
383096,0
383097,0
383098,0
383099,0
383100,0
383101,0
383102,0
383103,0
383104,0
383105,0
383106,0
383107,0
383108,0
383109,0
383110,0
383111,0
383112,0
383113,0
383114,0
383115,0
383116,0
383117,0
383118,0
383119,0
383120,0
383121,0
383122,0
383123,0
383124,0
383125,0
383126,0
383127,0
383128,0
383129,0
383130,0
383131,0
383132,0
383133,0
383134,0
383135,0
383136,0
383137,0
383138,0
383139,0
383140,0
383141,0
383142,0
383143,0
383144,0
383145,0
383146,0
383147,0
383148,0
383149,0
383150,0
383151,0
383152,0
383153,0
383154,0
383155,0
383156,0
383157,0
383158,0
383159,0
383160,0
383161,0
383162,0
383163,0
383164,0
383165,0
383166,0
383167,0
383168,0
383169,0
383170,0
383171,0
383172,0
383173,0
383174,0
383175,0
383176,0
383177,0
383178,0
383179,0
383180,0
383181,0
383182,0
383183,0
383184,0
383185,0
383186,0
383187,0
383188,0
383189,0
383190,0
383191,0
383192,0
383193,0
383194,0
383195,0
383196,0
383197,0
383198,0
383199,0
383200,0
383201,0
383202,0
383203,0
383204,0
383205,0
383206,0
383207,0
383208,0
383209,0
383210,0
383211,0
383212,0
383213,0
383214,0
383215,0
383216,0
383217,0
383218,0
383219,0
383220,0
383221,0
383222,0
383223,0
383224,0
383225,0
383226,0
383227,0
383228,0
383229,0
383230,0
383231,0
383232,0
383233,0
383234,0
383235,0
383236,0
383237,0
383238,0
383239,0
383240,0
383241,0
383242,0
383243,0
383244,0
383245,0
383246,0
383247,0
383248,0
383249,0
383250,0
383251,0
383252,0
383253,0
383254,0
383255,0
383256,0
383257,0
383258,0
383259,0
383260,0
383261,0
383262,0
383263,0
383264,0
383265,0
383266,0
383267,0
383268,0
383269,0
383270,0
383271,0
383272,0
383273,0
383274,0
383275,0
383276,0
383277,0
383278,0
383279,0
383280,0
383281,0
383282,0
383283,0
383284,0
383285,0
383286,0
383287,0
383288,0
383289,0
383290,0
383291,0
383292,0
383293,0
383294,0
383295,0
383296,0
383297,0
383298,0
383299,0
383300,0
383301,0
383302,0
383303,0
383304,0
383305,0
383306,0
383307,0
383308,0
383309,0
383310,0
383311,0
383312,0
383313,0
383314,0
383315,0
383316,0
383317,0
383318,0
383319,0
383320,0
383321,0
383322,0
383323,0
383324,0
383325,0
383326,0
383327,0
383328,0
383329,0
383330,0
383331,0
383332,0
383333,0
383334,0
383335,0
383336,0
383337,0
383338,0
383339,0
383340,0
383341,0
383342,0
383343,0
383344,0
383345,0
383346,0
383347,0
383348,0
383349,0
383350,0
383351,0
383352,0
383353,0
383354,0
383355,0
383356,0
383357,0
383358,0
383359,0
383360,0
383361,0
383362,0
383363,0
383364,0
383365,0
383366,0
383367,0
383368,0
383369,0
383370,0
383371,0
383372,0
383373,0
383374,0
383375,0
383376,0
383377,0
383378,0
383379,0
383380,0
383381,0
383382,0
383383,0
383384,0
383385,0
383386,0
383387,0
383388,0
383389,0
383390,0
383391,0
383392,0
383393,0
383394,0
383395,0
383396,0
383397,0
383398,0
383399,0
383400,0
383401,0
383402,0
383403,0
383404,0
383405,0
383406,0
383407,0
383408,0
383409,0
383410,0
383411,0
383412,0
383413,0
383414,0
383415,0
383416,0
383417,0
383418,0
383419,0
383420,0
383421,0
383422,0
383423,0
383424,0
383425,0
383426,0
383427,0
383428,0
383429,0
383430,0
383431,0
383432,0
383433,0
383434,0
383435,0
383436,0
383437,0
383438,0
383439,0
383440,0
383441,0
383442,0
383443,0
383444,0
383445,0
383446,0
383447,0
383448,0
383449,0
383450,0
383451,0
383452,0
383453,0
383454,0
383455,0
383456,0
383457,0
383458,0
383459,0
383460,0
383461,0
383462,0
383463,0
383464,0
383465,0
383466,0
383467,0
383468,0
383469,0
383470,0
383471,0
383472,0
383473,0
383474,0
383475,0
383476,0
383477,0
383478,0
383479,0
383480,0
383481,0
383482,0
383483,0
383484,0
383485,0
383486,0
383487,0
383488,0
383489,0
383490,0
383491,0
383492,0
383493,0
383494,0
383495,0
383496,0
383497,0
383498,0
383499,0
383500,0
383501,0
383502,0
383503,0
383504,0
383505,0
383506,0
383507,0
383508,0
383509,0
383510,0
383511,0
383512,0
383513,0
383514,0
383515,0
383516,0
383517,0
383518,0
383519,0
383520,0
383521,0
383522,0
383523,0
383524,0
383525,0
383526,0
383527,0
383528,0
383529,0
383530,0
383531,0
383532,0
383533,0
383534,0
383535,0
383536,0
383537,0
383538,0
383539,0
383540,0
383541,0
383542,0
383543,0
383544,0
383545,0
383546,0
383547,0
383548,0
383549,0
383550,0
383551,0
383552,0
383553,0
383554,0
383555,0
383556,0
383557,0
383558,0
383559,0
383560,0
383561,0
383562,0
383563,0
383564,0
383565,0
383566,0
383567,0
383568,0
383569,0
383570,0
383571,0
383572,0
383573,0
383574,0
383575,0
383576,0
383577,0
383578,0
383579,0
383580,0
383581,0
383582,0
383583,0
383584,0
383585,0
383586,0
383587,0
383588,0
383589,0
383590,0
383591,0
383592,0
383593,0
383594,0
383595,0
383596,0
383597,0
383598,0
383599,0
383600,0
383601,0
383602,0
383603,0
383604,0
383605,0
383606,0
383607,0
383608,0
383609,0
383610,0
383611,0
383612,0
383613,0
383614,0
383615,0
383616,0
383617,0
383618,0
383619,0
383620,0
383621,0
383622,0
383623,0
383624,0
383625,0
383626,0
383627,0
383628,0
383629,0
383630,0
383631,0
383632,0
383633,0
383634,0
383635,0
383636,0
383637,0
383638,0
383639,0
383640,0
383641,0
383642,0
383643,0
383644,0
383645,0
383646,0
383647,0
383648,0
383649,0
383650,0
383651,0
383652,0
383653,0
383654,0
383655,0
383656,0
383657,0
383658,0
383659,0
383660,0
383661,0
383662,0
383663,0
383664,0
383665,0
383666,0
383667,0
383668,0
383669,0
383670,0
383671,0
383672,0
383673,0
383674,0
383675,0
383676,0
383677,0
383678,0
383679,0
383680,0
383681,0
383682,0
383683,0
383684,0
383685,0
383686,0
383687,0
383688,0
383689,0
383690,0
383691,0
383692,0
383693,0
383694,0
383695,0
383696,0
383697,0
383698,0
383699,0
383700,0
383701,0
383702,0
383703,0
383704,0
383705,0
383706,0
383707,0
383708,0
383709,0
383710,0
383711,0
383712,0
383713,0
383714,0
383715,0
383716,0
383717,0
383718,0
383719,0
383720,0
383721,0
383722,0
383723,0
383724,0
383725,0
383726,0
383727,0
383728,0
383729,0
383730,0
383731,0
383732,0
383733,0
383734,0
383735,0
383736,0
383737,0
383738,0
383739,0
383740,0
383741,0
383742,0
383743,0
383744,0
383745,0
383746,0
383747,0
383748,0
383749,0
383750,0
383751,0
383752,0
383753,0
383754,0
383755,0
383756,0
383757,0
383758,0
383759,0
383760,0
383761,0
383762,0
383763,0
383764,0
383765,0
383766,0
383767,0
383768,0
383769,0
383770,0
383771,0
383772,0
383773,0
383774,0
383775,0
383776,0
383777,0
383778,0
383779,0
383780,0
383781,0
383782,0
383783,0
383784,0
383785,0
383786,0
383787,0
383788,0
383789,0
383790,0
383791,0
383792,0
383793,0
383794,0
383795,0
383796,0
383797,0
383798,0
383799,0
383800,0
383801,0
383802,0
383803,0
383804,0
383805,0
383806,0
383807,0
383808,0
383809,0
383810,0
383811,0
383812,0
383813,0
383814,0
383815,0
383816,0
383817,0
383818,0
383819,0
383820,0
383821,0
383822,0
383823,0
383824,0
383825,0
383826,0
383827,0
383828,0
383829,0
383830,0
383831,0
383832,0
383833,0
383834,0
383835,0
383836,0
383837,0
383838,0
383839,0
383840,0
383841,0
383842,0
383843,0
383844,0
383845,0
383846,0
383847,0
383848,0
383849,0
383850,0
383851,0
383852,0
383853,0
383854,0
383855,0
383856,0
383857,0
383858,0
383859,0
383860,0
383861,0
383862,0
383863,0
383864,0
383865,0
383866,0
383867,0
383868,0
383869,0
383870,0
383871,0
383872,0
383873,0
383874,0
383875,0
383876,0
383877,0
383878,0
383879,0
383880,0
383881,0
383882,0
383883,0
383884,0
383885,0
383886,0
383887,0
383888,0
383889,0
383890,0
383891,0
383892,0
383893,0
383894,0
383895,0
383896,0
383897,0
383898,0
383899,0
383900,0
383901,0
383902,0
383903,0
383904,0
383905,0
383906,0
383907,0
383908,0
383909,0
383910,0
383911,0
383912,0
383913,0
383914,0
383915,0
383916,0
383917,0
383918,0
383919,0
383920,0
383921,0
383922,0
383923,0
383924,0
383925,0
383926,0
383927,0
383928,0
383929,0
383930,0
383931,0
383932,0
383933,0
383934,0
383935,0
383936,0
383937,0
383938,0
383939,0
383940,0
383941,0
383942,0
383943,0
383944,0
383945,0
383946,0
383947,0
383948,0
383949,0
383950,0
383951,0
383952,0
383953,0
383954,0
383955,0
383956,0
383957,0
383958,0
383959,0
383960,0
383961,0
383962,0
383963,0
383964,0
383965,0
383966,0
383967,0
383968,0
383969,0
383970,0
383971,0
383972,0
383973,0
383974,0
383975,0
383976,0
383977,0
383978,0
383979,0
383980,0
383981,0
383982,0
383983,0
383984,0
383985,0
383986,0
383987,0
383988,0
383989,0
383990,0
383991,0
383992,0
383993,0
383994,0
383995,0
383996,0
383997,0
383998,0
383999,0
384000,0
384001,0
384002,0
384003,0
384004,0
384005,0
384006,0
384007,0
384008,0
384009,0
384010,0
384011,0
384012,0
384013,0
384014,0
384015,0
384016,0
384017,0
384018,0
384019,0
384020,0
384021,0
384022,0
384023,0
384024,0
384025,0
384026,0
384027,0
384028,0
384029,0
384030,0
384031,0
384032,0
384033,0
384034,0
384035,0
384036,0
384037,0
384038,0
384039,0
384040,0
384041,0
384042,0
384043,0
384044,0
384045,0
384046,0
384047,0
384048,0
384049,0
384050,0
384051,0
384052,0
384053,0
384054,0
384055,0
384056,0
384057,0
384058,0
384059,0
384060,0
384061,0
384062,0
384063,0
384064,0
384065,0
384066,0
384067,0
384068,0
384069,0
384070,0
384071,0
384072,0
384073,0
384074,0
384075,0
384076,0
384077,0
384078,0
384079,0
384080,0
384081,0
384082,0
384083,0
384084,0
384085,0
384086,0
384087,0
384088,0
384089,0
384090,0
384091,0
384092,0
384093,0
384094,0
384095,0
384096,0
384097,0
384098,0
384099,0
384100,0
384101,0
384102,0
384103,0
384104,0
384105,0
384106,0
384107,0
384108,0
384109,0
384110,0
384111,0
384112,0
384113,0
384114,0
384115,0
384116,0
384117,0
384118,0
384119,0
384120,0
384121,0
384122,0
384123,0
384124,0
384125,0
384126,0
384127,0
384128,0
384129,0
384130,0
384131,0
384132,0
384133,0
384134,0
384135,0
384136,0
384137,0
384138,0
384139,0
384140,0
384141,0
384142,0
384143,0
384144,0
384145,0
384146,0
384147,0
384148,0
384149,0
384150,0
384151,0
384152,0
384153,0
384154,0
384155,0
384156,0
384157,0
384158,0
384159,0
384160,0
384161,0
384162,0
384163,0
384164,0
384165,0
384166,0
384167,0
384168,0
384169,0
384170,0
384171,0
384172,0
384173,0
384174,0
384175,0
384176,0
384177,0
384178,0
384179,0
384180,0
384181,0
384182,0
384183,0
384184,0
384185,0
384186,0
384187,0
384188,0
384189,0
384190,0
384191,0
384192,0
384193,0
384194,0
384195,0
384196,0
384197,0
384198,0
384199,0
384200,0
384201,0
384202,0
384203,0
384204,0
384205,0
384206,0
384207,0
384208,0
384209,0
384210,0
384211,0
384212,0
384213,0
384214,0
384215,0
384216,0
384217,0
384218,0
384219,0
384220,0
384221,0
384222,0
384223,0
384224,0
384225,0
384226,0
384227,0
384228,0
384229,0
384230,0
384231,0
384232,0
384233,0
384234,0
384235,0
384236,0
384237,0
384238,0
384239,0
384240,0
384241,0
384242,0
384243,0
384244,0
384245,0
384246,0
384247,0
384248,0
384249,0
384250,0
384251,0
384252,0
384253,0
384254,0
384255,0
384256,0
384257,0
384258,0
384259,0
384260,0
384261,0
384262,0
384263,0
384264,0
384265,0
384266,0
384267,0
384268,0
384269,0
384270,0
384271,0
384272,0
384273,0
384274,0
384275,0
384276,0
384277,0
384278,0
384279,0
384280,0
384281,0
384282,0
384283,0
384284,0
384285,0
384286,0
384287,0
384288,0
384289,0
384290,0
384291,0
384292,0
384293,0
384294,0
384295,0
384296,0
384297,0
384298,0
384299,0
384300,0
384301,0
384302,0
384303,0
384304,0
384305,0
384306,0
384307,0
384308,0
384309,0
384310,0
384311,0
384312,0
384313,0
384314,0
384315,0
384316,0
384317,0
384318,0
384319,0
384320,0
384321,0
384322,0
384323,0
384324,0
384325,0
384326,0
384327,0
384328,0
384329,0
384330,0
384331,0
384332,0
384333,0
384334,0
384335,0
384336,0
384337,0
384338,0
384339,0
384340,0
384341,0
384342,0
384343,0
384344,0
384345,0
384346,0
384347,0
384348,0
384349,0
384350,0
384351,0
384352,0
384353,0
384354,0
384355,0
384356,0
384357,0
384358,0
384359,0
384360,0
384361,0
384362,0
384363,0
384364,0
384365,0
384366,0
384367,0
384368,0
384369,0
384370,0
384371,0
384372,0
384373,0
384374,0
384375,0
384376,0
384377,0
384378,0
384379,0
384380,0
384381,0
384382,0
384383,0
384384,0
384385,0
384386,0
384387,0
384388,0
384389,0
384390,0
384391,0
384392,0
384393,0
384394,0
384395,0
384396,0
384397,0
384398,0
384399,0
384400,0
384401,0
384402,0
384403,0
384404,0
384405,0
384406,0
384407,0
384408,0
384409,0
384410,0
384411,0
384412,0
384413,0
384414,0
384415,0
384416,0
384417,0
384418,0
384419,0
384420,0
384421,0
384422,0
384423,0
384424,0
384425,0
384426,0
384427,0
384428,0
384429,0
384430,0
384431,0
384432,0
384433,0
384434,0
384435,0
384436,0
384437,0
384438,0
384439,0
384440,0
384441,0
384442,0
384443,0
384444,0
384445,0
384446,0
384447,0
384448,0
384449,0
384450,0
384451,0
384452,0
384453,0
384454,0
384455,0
384456,0
384457,0
384458,0
384459,0
384460,0
384461,0
384462,0
384463,0
384464,0
384465,0
384466,0
384467,0
384468,0
384469,0
384470,0
384471,0
384472,0
384473,0
384474,0
384475,0
384476,0
384477,0
384478,0
384479,0
384480,0
384481,0
384482,0
384483,0
384484,0
384485,0
384486,0
384487,0
384488,0
384489,0
384490,0
384491,0
384492,0
384493,0
384494,0
384495,0
384496,0
384497,0
384498,0
384499,0
384500,0
384501,0
384502,0
384503,0
384504,0
384505,0
384506,0
384507,0
384508,0
384509,0
384510,0
384511,0
384512,0
384513,0
384514,0
384515,0
384516,0
384517,0
384518,0
384519,0
384520,0
384521,0
384522,0
384523,0
384524,0
384525,0
384526,0
384527,0
384528,0
384529,0
384530,0
384531,0
384532,0
384533,0
384534,0
384535,0
384536,0
384537,0
384538,0
384539,0
384540,0
384541,0
384542,0
384543,0
384544,0
384545,0
384546,0
384547,0
384548,0
384549,0
384550,0
384551,0
384552,0
384553,0
384554,0
384555,0
384556,0
384557,0
384558,0
384559,0
384560,0
384561,0
384562,0
384563,0
384564,0
384565,0
384566,0
384567,0
384568,0
384569,0
384570,0
384571,0
384572,0
384573,0
384574,0
384575,0
384576,0
384577,0
384578,0
384579,0
384580,0
384581,0
384582,0
384583,0
384584,0
384585,0
384586,0
384587,0
384588,0
384589,0
384590,0
384591,0
384592,0
384593,0
384594,0
384595,0
384596,0
384597,0
384598,0
384599,0
384600,0
384601,0
384602,0
384603,0
384604,0
384605,0
384606,0
384607,0
384608,0
384609,0
384610,0
384611,0
384612,0
384613,0
384614,0
384615,0
384616,0
384617,0
384618,0
384619,0
384620,0
384621,0
384622,0
384623,0
384624,0
384625,0
384626,0
384627,0
384628,0
384629,0
384630,0
384631,0
384632,0
384633,0
384634,0
384635,0
384636,0
384637,0
384638,0
384639,0
384640,0
384641,0
384642,0
384643,0
384644,0
384645,0
384646,0
384647,0
384648,0
384649,0
384650,0
384651,0
384652,0
384653,0
384654,0
384655,0
384656,0
384657,0
384658,0
384659,0
384660,0
384661,0
384662,0
384663,0
384664,0
384665,0
384666,0
384667,0
384668,0
384669,0
384670,0
384671,0
384672,0
384673,0
384674,0
384675,0
384676,0
384677,0
384678,0
384679,0
384680,0
384681,0
384682,0
384683,0
384684,0
384685,0
384686,0
384687,0
384688,0
384689,0
384690,0
384691,0
384692,0
384693,0
384694,0
384695,0
384696,0
384697,0
384698,0
384699,0
384700,0
384701,0
384702,0
384703,0
384704,0
384705,0
384706,0
384707,0
384708,0
384709,0
384710,0
384711,0
384712,0
384713,0
384714,0
384715,0
384716,0
384717,0
384718,0
384719,0
384720,0
384721,0
384722,0
384723,0
384724,0
384725,0
384726,0
384727,0
384728,0
384729,0
384730,0
384731,0
384732,0
384733,0
384734,0
384735,0
384736,0
384737,0
384738,0
384739,0
384740,0
384741,0
384742,0
384743,0
384744,0
384745,0
384746,0
384747,0
384748,0
384749,0
384750,0
384751,0
384752,0
384753,0
384754,0
384755,0
384756,0
384757,0
384758,0
384759,0
384760,0
384761,0
384762,0
384763,0
384764,0
384765,0
384766,0
384767,0
384768,0
384769,0
384770,0
384771,0
384772,0
384773,0
384774,0
384775,0
384776,0
384777,0
384778,0
384779,0
384780,0
384781,0
384782,0
384783,0
384784,0
384785,0
384786,0
384787,0
384788,0
384789,0
384790,0
384791,0
384792,0
384793,0
384794,0
384795,0
384796,0
384797,0
384798,0
384799,0
384800,0
384801,0
384802,0
384803,0
384804,0
384805,0
384806,0
384807,0
384808,0
384809,0
384810,0
384811,0
384812,0
384813,0
384814,0
384815,0
384816,0
384817,0
384818,0
384819,0
384820,0
384821,0
384822,0
384823,0
384824,0
384825,0
384826,0
384827,0
384828,0
384829,0
384830,0
384831,0
384832,0
384833,0
384834,0
384835,0
384836,0
384837,0
384838,0
384839,0
384840,0
384841,0
384842,0
384843,0
384844,0
384845,0
384846,0
384847,0
384848,0
384849,0
384850,0
384851,0
384852,0
384853,0
384854,0
384855,0
384856,0
384857,0
384858,0
384859,0
384860,0
384861,0
384862,0
384863,0
384864,0
384865,0
384866,0
384867,0
384868,0
384869,0
384870,0
384871,0
384872,0
384873,0
384874,0
384875,0
384876,0
384877,0
384878,0
384879,0
384880,0
384881,0
384882,0
384883,0
384884,0
384885,0
384886,0
384887,0
384888,0
384889,0
384890,0
384891,0
384892,0
384893,0
384894,0
384895,0
384896,0
384897,0
384898,0
384899,0
384900,0
384901,0
384902,0
384903,0
384904,0
384905,0
384906,0
384907,0
384908,0
384909,0
384910,0
384911,0
384912,0
384913,0
384914,0
384915,0
384916,0
384917,0
384918,0
384919,0
384920,0
384921,0
384922,0
384923,0
384924,0
384925,0
384926,0
384927,0
384928,0
384929,0
384930,0
384931,0
384932,0
384933,0
384934,0
384935,0
384936,0
384937,0
384938,0
384939,0
384940,0
384941,0
384942,0
384943,0
384944,0
384945,0
384946,0
384947,0
384948,0
384949,0
384950,0
384951,0
384952,0
384953,0
384954,0
384955,0
384956,0
384957,0
384958,0
384959,0
384960,0
384961,0
384962,0
384963,0
384964,0
384965,0
384966,0
384967,0
384968,0
384969,0
384970,0
384971,0
384972,0
384973,0
384974,0
384975,0
384976,0
384977,0
384978,0
384979,0
384980,0
384981,0
384982,0
384983,0
384984,0
384985,0
384986,0
384987,0
384988,0
384989,0
384990,0
384991,0
384992,0
384993,0
384994,0
384995,0
384996,0
384997,0
384998,0
384999,0
385000,0
385001,0
385002,0
385003,0
385004,0
385005,0
385006,0
385007,0
385008,0
385009,0
385010,0
385011,0
385012,0
385013,0
385014,0
385015,0
385016,0
385017,0
385018,0
385019,0
385020,0
385021,0
385022,0
385023,0
385024,0
385025,0
385026,0
385027,0
385028,0
385029,0
385030,0
385031,0
385032,0
385033,0
385034,0
385035,0
385036,0
385037,0
385038,0
385039,0
385040,0
385041,0
385042,0
385043,0
385044,0
385045,0
385046,0
385047,0
385048,0
385049,0
385050,0
385051,0
385052,0
385053,0
385054,0
385055,0
385056,0
385057,0
385058,0
385059,0
385060,0
385061,0
385062,0
385063,0
385064,0
385065,0
385066,0
385067,0
385068,0
385069,0
385070,0
385071,0
385072,0
385073,0
385074,0
385075,0
385076,0
385077,0
385078,0
385079,0
385080,0
385081,0
385082,0
385083,0
385084,0
385085,0
385086,0
385087,0
385088,0
385089,0
385090,0
385091,0
385092,0
385093,0
385094,0
385095,0
385096,0
385097,0
385098,0
385099,0
385100,0
385101,0
385102,0
385103,0
385104,0
385105,0
385106,0
385107,0
385108,0
385109,0
385110,0
385111,0
385112,0
385113,0
385114,0
385115,0
385116,0
385117,0
385118,0
385119,0
385120,0
385121,0
385122,0
385123,0
385124,0
385125,0
385126,0
385127,0
385128,0
385129,0
385130,0
385131,0
385132,0
385133,0
385134,0
385135,0
385136,0
385137,0
385138,0
385139,0
385140,0
385141,0
385142,0
385143,0
385144,0
385145,0
385146,0
385147,0
385148,0
385149,0
385150,0
385151,0
385152,0
385153,0
385154,0
385155,0
385156,0
385157,0
385158,0
385159,0
385160,0
385161,0
385162,0
385163,0
385164,0
385165,0
385166,0
385167,0
385168,0
385169,0
385170,0
385171,0
385172,0
385173,0
385174,0
385175,0
385176,0
385177,0
385178,0
385179,0
385180,0
385181,0
385182,0
385183,0
385184,0
385185,0
385186,0
385187,0
385188,0
385189,0
385190,0
385191,0
385192,0
385193,0
385194,0
385195,0
385196,0
385197,0
385198,0
385199,0
385200,0
385201,0
385202,0
385203,0
385204,0
385205,0
385206,0
385207,0
385208,0
385209,0
385210,0
385211,0
385212,0
385213,0
385214,0
385215,0
385216,0
385217,0
385218,0
385219,0
385220,0
385221,0
385222,0
385223,0
385224,0
385225,0
385226,0
385227,0
385228,0
385229,0
385230,0
385231,0
385232,0
385233,0
385234,0
385235,0
385236,0
385237,0
385238,0
385239,0
385240,0
385241,0
385242,0
385243,0
385244,0
385245,0
385246,0
385247,0
385248,0
385249,0
385250,0
385251,0
385252,0
385253,0
385254,0
385255,0
385256,0
385257,0
385258,0
385259,0
385260,0
385261,0
385262,0
385263,0
385264,0
385265,0
385266,0
385267,0
385268,0
385269,0
385270,0
385271,0
385272,0
385273,0
385274,0
385275,0
385276,0
385277,0
385278,0
385279,0
385280,0
385281,0
385282,0
385283,0
385284,0
385285,0
385286,0
385287,0
385288,0
385289,0
385290,0
385291,0
385292,0
385293,0
385294,0
385295,0
385296,0
385297,0
385298,0
385299,0
385300,0
385301,0
385302,0
385303,0
385304,0
385305,0
385306,0
385307,0
385308,0
385309,0
385310,0
385311,0
385312,0
385313,0
385314,0
385315,0
385316,0
385317,0
385318,0
385319,0
385320,0
385321,0
385322,0
385323,0
385324,0
385325,0
385326,0
385327,0
385328,0
385329,0
385330,0
385331,0
385332,0
385333,0
385334,0
385335,0
385336,0
385337,0
385338,0
385339,0
385340,0
385341,0
385342,0
385343,0
385344,0
385345,0
385346,0
385347,0
385348,0
385349,0
385350,0
385351,0
385352,0
385353,0
385354,0
385355,0
385356,0
385357,0
385358,0
385359,0
385360,0
385361,0
385362,0
385363,0
385364,0
385365,0
385366,0
385367,0
385368,0
385369,0
385370,0
385371,0
385372,0
385373,0
385374,0
385375,0
385376,0
385377,0
385378,0
385379,0
385380,0
385381,0
385382,0
385383,0
385384,0
385385,0
385386,0
385387,0
385388,0
385389,0
385390,0
385391,0
385392,0
385393,0
385394,0
385395,0
385396,0
385397,0
385398,0
385399,0
385400,0
385401,0
385402,0
385403,0
385404,0
385405,0
385406,0
385407,0
385408,0
385409,0
385410,0
385411,0
385412,0
385413,0
385414,0
385415,0
385416,0
385417,0
385418,0
385419,0
385420,0
385421,0
385422,0
385423,0
385424,0
385425,0
385426,0
385427,0
385428,0
385429,0
385430,0
385431,0
385432,0
385433,0
385434,0
385435,0
385436,0
385437,0
385438,0
385439,0
385440,0
385441,0
385442,0
385443,0
385444,0
385445,0
385446,0
385447,0
385448,0
385449,0
385450,0
385451,0
385452,0
385453,0
385454,0
385455,0
385456,0
385457,0
385458,0
385459,0
385460,0
385461,0
385462,0
385463,0
385464,0
385465,0
385466,0
385467,0
385468,0
385469,0
385470,0
385471,0
385472,0
385473,0
385474,0
385475,0
385476,0
385477,0
385478,0
385479,0
385480,0
385481,0
385482,0
385483,0
385484,0
385485,0
385486,0
385487,0
385488,0
385489,0
385490,0
385491,0
385492,0
385493,0
385494,0
385495,0
385496,0
385497,0
385498,0
385499,0
385500,0
385501,0
385502,0
385503,0
385504,0
385505,0
385506,0
385507,0
385508,0
385509,0
385510,0
385511,0
385512,0
385513,0
385514,0
385515,0
385516,0
385517,0
385518,0
385519,0
385520,0
385521,0
385522,0
385523,0
385524,0
385525,0
385526,0
385527,0
385528,0
385529,0
385530,0
385531,0
385532,0
385533,0
385534,0
385535,0
385536,0
385537,0
385538,0
385539,0
385540,0
385541,0
385542,0
385543,0
385544,0
385545,0
385546,0
385547,0
385548,0
385549,0
385550,0
385551,0
385552,0
385553,0
385554,0
385555,0
385556,0
385557,0
385558,0
385559,0
385560,0
385561,0
385562,0
385563,0
385564,0
385565,0
385566,0
385567,0
385568,0
385569,0
385570,0
385571,0
385572,0
385573,0
385574,0
385575,0
385576,0
385577,0
385578,0
385579,0
385580,0
385581,0
385582,0
385583,0
385584,0
385585,0
385586,0
385587,0
385588,0
385589,0
385590,0
385591,0
385592,0
385593,0
385594,0
385595,0
385596,0
385597,0
385598,0
385599,0
385600,0
385601,0
385602,0
385603,0
385604,0
385605,0
385606,0
385607,0
385608,0
385609,0
385610,0
385611,0
385612,0
385613,0
385614,0
385615,0
385616,0
385617,0
385618,0
385619,0
385620,0
385621,0
385622,0
385623,0
385624,0
385625,0
385626,0
385627,0
385628,0
385629,0
385630,0
385631,0
385632,0
385633,0
385634,0
385635,0
385636,0
385637,0
385638,0
385639,0
385640,0
385641,0
385642,0
385643,0
385644,0
385645,0
385646,0
385647,0
385648,0
385649,0
385650,0
385651,0
385652,0
385653,0
385654,0
385655,0
385656,0
385657,0
385658,0
385659,0
385660,0
385661,0
385662,0
385663,0
385664,0
385665,0
385666,0
385667,0
385668,0
385669,0
385670,0
385671,0
385672,0
385673,0
385674,0
385675,0
385676,0
385677,0
385678,0
385679,0
385680,0
385681,0
385682,0
385683,0
385684,0
385685,0
385686,0
385687,0
385688,0
385689,0
385690,0
385691,0
385692,0
385693,0
385694,0
385695,0
385696,0
385697,0
385698,0
385699,0
385700,0
385701,0
385702,0
385703,0
385704,0
385705,0
385706,0
385707,0
385708,0
385709,0
385710,0
385711,0
385712,0
385713,0
385714,0
385715,0
385716,0
385717,0
385718,0
385719,0
385720,0
385721,0
385722,0
385723,0
385724,0
385725,0
385726,0
385727,0
385728,0
385729,0
385730,0
385731,0
385732,0
385733,0
385734,0
385735,0
385736,0
385737,0
385738,0
385739,0
385740,0
385741,0
385742,0
385743,0
385744,0
385745,0
385746,0
385747,0
385748,0
385749,0
385750,0
385751,0
385752,0
385753,0
385754,0
385755,0
385756,0
385757,0
385758,0
385759,0
385760,0
385761,0
385762,0
385763,0
385764,0
385765,0
385766,0
385767,0
385768,0
385769,0
385770,0
385771,0
385772,0
385773,0
385774,0
385775,0
385776,0
385777,0
385778,0
385779,0
385780,0
385781,0
385782,0
385783,0
385784,0
385785,0
385786,0
385787,0
385788,0
385789,0
385790,0
385791,0
385792,0
385793,0
385794,0
385795,0
385796,0
385797,0
385798,0
385799,0
385800,0
385801,0
385802,0
385803,0
385804,0
385805,0
385806,0
385807,0
385808,0
385809,0
385810,0
385811,0
385812,0
385813,0
385814,0
385815,0
385816,0
385817,0
385818,0
385819,0
385820,0
385821,0
385822,0
385823,0
385824,0
385825,0
385826,0
385827,0
385828,0
385829,0
385830,0
385831,0
385832,0
385833,0
385834,0
385835,0
385836,0
385837,0
385838,0
385839,0
385840,0
385841,0
385842,0
385843,0
385844,0
385845,0
385846,0
385847,0
385848,0
385849,0
385850,0
385851,0
385852,0
385853,0
385854,0
385855,0
385856,0
385857,0
385858,0
385859,0
385860,0
385861,0
385862,0
385863,0
385864,0
385865,0
385866,0
385867,0
385868,0
385869,0
385870,0
385871,0
385872,0
385873,0
385874,0
385875,0
385876,0
385877,0
385878,0
385879,0
385880,0
385881,0
385882,0
385883,0
385884,0
385885,0
385886,0
385887,0
385888,0
385889,0
385890,0
385891,0
385892,0
385893,0
385894,0
385895,0
385896,0
385897,0
385898,0
385899,0
385900,0
385901,0
385902,0
385903,0
385904,0
385905,0
385906,0
385907,0
385908,0
385909,0
385910,0
385911,0
385912,0
385913,0
385914,0
385915,0
385916,0
385917,0
385918,0
385919,0
385920,0
385921,0
385922,0
385923,0
385924,0
385925,0
385926,0
385927,0
385928,0
385929,0
385930,0
385931,0
385932,0
385933,0
385934,0
385935,0
385936,0
385937,0
385938,0
385939,0
385940,0
385941,0
385942,0
385943,0
385944,0
385945,0
385946,0
385947,0
385948,0
385949,0
385950,0
385951,0
385952,0
385953,0
385954,0
385955,0
385956,0
385957,0
385958,0
385959,0
385960,0
385961,0
385962,0
385963,0
385964,0
385965,0
385966,0
385967,0
385968,0
385969,0
385970,0
385971,0
385972,0
385973,0
385974,0
385975,0
385976,0
385977,0
385978,0
385979,0
385980,0
385981,0
385982,0
385983,0
385984,0
385985,0
385986,0
385987,0
385988,0
385989,0
385990,0
385991,0
385992,0
385993,0
385994,0
385995,0
385996,0
385997,0
385998,0
385999,0
386000,0
386001,0
386002,0
386003,0
386004,0
386005,0
386006,0
386007,0
386008,0
386009,0
386010,0
386011,0
386012,0
386013,0
386014,0
386015,0
386016,0
386017,0
386018,0
386019,0
386020,0
386021,0
386022,0
386023,0
386024,0
386025,0
386026,0
386027,0
386028,0
386029,0
386030,0
386031,0
386032,0
386033,0
386034,0
386035,0
386036,0
386037,0
386038,0
386039,0
386040,0
386041,0
386042,0
386043,0
386044,0
386045,0
386046,0
386047,0
386048,0
386049,0
386050,0
386051,0
386052,0
386053,0
386054,0
386055,0
386056,0
386057,0
386058,0
386059,0
386060,0
386061,0
386062,0
386063,0
386064,0
386065,0
386066,0
386067,0
386068,0
386069,0
386070,0
386071,0
386072,0
386073,0
386074,0
386075,0
386076,0
386077,0
386078,0
386079,0
386080,0
386081,0
386082,0
386083,0
386084,0
386085,0
386086,0
386087,0
386088,0
386089,0
386090,0
386091,0
386092,0
386093,0
386094,0
386095,0
386096,0
386097,0
386098,0
386099,0
386100,0
386101,0
386102,0
386103,0
386104,0
386105,0
386106,0
386107,0
386108,0
386109,0
386110,0
386111,0
386112,0
386113,0
386114,0
386115,0
386116,0
386117,0
386118,0
386119,0
386120,0
386121,0
386122,0
386123,0
386124,0
386125,0
386126,0
386127,0
386128,0
386129,0
386130,0
386131,0
386132,0
386133,0
386134,0
386135,0
386136,0
386137,0
386138,0
386139,0
386140,0
386141,0
386142,0
386143,0
386144,0
386145,0
386146,0
386147,0
386148,0
386149,0
386150,0
386151,0
386152,0
386153,0
386154,0
386155,0
386156,0
386157,0
386158,0
386159,0
386160,0
386161,0
386162,0
386163,0
386164,0
386165,0
386166,0
386167,0
386168,0
386169,0
386170,0
386171,0
386172,0
386173,0
386174,0
386175,0
386176,0
386177,0
386178,0
386179,0
386180,0
386181,0
386182,0
386183,0
386184,0
386185,0
386186,0
386187,0
386188,0
386189,0
386190,0
386191,0
386192,0
386193,0
386194,0
386195,0
386196,0
386197,0
386198,0
386199,0
386200,0
386201,0
386202,0
386203,0
386204,0
386205,0
386206,0
386207,0
386208,0
386209,0
386210,0
386211,0
386212,0
386213,0
386214,0
386215,0
386216,0
386217,0
386218,0
386219,0
386220,0
386221,0
386222,0
386223,0
386224,0
386225,0
386226,0
386227,0
386228,0
386229,0
386230,0
386231,0
386232,0
386233,0
386234,0
386235,0
386236,0
386237,0
386238,0
386239,0
386240,0
386241,0
386242,0
386243,0
386244,0
386245,0
386246,0
386247,0
386248,0
386249,0
386250,0
386251,0
386252,0
386253,0
386254,0
386255,0
386256,0
386257,0
386258,0
386259,0
386260,0
386261,0
386262,0
386263,0
386264,0
386265,0
386266,0
386267,0
386268,0
386269,0
386270,0
386271,0
386272,0
386273,0
386274,0
386275,0
386276,0
386277,0
386278,0
386279,0
386280,0
386281,0
386282,0
386283,0
386284,0
386285,0
386286,0
386287,0
386288,0
386289,0
386290,0
386291,0
386292,0
386293,0
386294,0
386295,0
386296,0
386297,0
386298,0
386299,0
386300,0
386301,0
386302,0
386303,0
386304,0
386305,0
386306,0
386307,0
386308,0
386309,0
386310,0
386311,0
386312,0
386313,0
386314,0
386315,0
386316,0
386317,0
386318,0
386319,0
386320,0
386321,0
386322,0
386323,0
386324,0
386325,0
386326,0
386327,0
386328,0
386329,0
386330,0
386331,0
386332,0
386333,0
386334,0
386335,0
386336,0
386337,0
386338,0
386339,0
386340,0
386341,0
386342,0
386343,0
386344,0
386345,0
386346,0
386347,0
386348,0
386349,0
386350,0
386351,0
386352,0
386353,0
386354,0
386355,0
386356,0
386357,0
386358,0
386359,0
386360,0
386361,0
386362,0
386363,0
386364,0
386365,0
386366,0
386367,0
386368,0
386369,0
386370,0
386371,0
386372,0
386373,0
386374,0
386375,0
386376,0
386377,0
386378,0
386379,0
386380,0
386381,0
386382,0
386383,0
386384,0
386385,0
386386,0
386387,0
386388,0
386389,0
386390,0
386391,0
386392,0
386393,0
386394,0
386395,0
386396,0
386397,0
386398,0
386399,0
386400,0
386401,0
386402,0
386403,0
386404,0
386405,0
386406,0
386407,0
386408,0
386409,0
386410,0
386411,0
386412,0
386413,0
386414,0
386415,0
386416,0
386417,0
386418,0
386419,0
386420,0
386421,0
386422,0
386423,0
386424,0
386425,0
386426,0
386427,0
386428,0
386429,0
386430,0
386431,0
386432,0
386433,0
386434,0
386435,0
386436,0
386437,0
386438,0
386439,0
386440,0
386441,0
386442,0
386443,0
386444,0
386445,0
386446,0
386447,0
386448,0
386449,0
386450,0
386451,0
386452,0
386453,0
386454,0
386455,0
386456,0
386457,0
386458,0
386459,0
386460,0
386461,0
386462,0
386463,0
386464,0
386465,0
386466,0
386467,0
386468,0
386469,0
386470,0
386471,0
386472,0
386473,0
386474,0
386475,0
386476,0
386477,0
386478,0
386479,0
386480,0
386481,0
386482,0
386483,0
386484,0
386485,0
386486,0
386487,0
386488,0
386489,0
386490,0
386491,0
386492,0
386493,0
386494,0
386495,0
386496,0
386497,0
386498,0
386499,0
386500,0
386501,0
386502,0
386503,0
386504,0
386505,0
386506,0
386507,0
386508,0
386509,0
386510,0
386511,0
386512,0
386513,0
386514,0
386515,0
386516,0
386517,0
386518,0
386519,0
386520,0
386521,0
386522,0
386523,0
386524,0
386525,0
386526,0
386527,0
386528,0
386529,0
386530,0
386531,0
386532,0
386533,0
386534,0
386535,0
386536,0
386537,0
386538,0
386539,0
386540,0
386541,0
386542,0
386543,0
386544,0
386545,0
386546,0
386547,0
386548,0
386549,0
386550,0
386551,0
386552,0
386553,0
386554,0
386555,0
386556,0
386557,0
386558,0
386559,0
386560,0
386561,0
386562,0
386563,0
386564,0
386565,0
386566,0
386567,0
386568,0
386569,0
386570,0
386571,0
386572,0
386573,0
386574,0
386575,0
386576,0
386577,0
386578,0
386579,0
386580,0
386581,0
386582,0
386583,0
386584,0
386585,0
386586,0
386587,0
386588,0
386589,0
386590,0
386591,0
386592,0
386593,0
386594,0
386595,0
386596,0
386597,0
386598,0
386599,0
386600,0
386601,0
386602,0
386603,0
386604,0
386605,0
386606,0
386607,0
386608,0
386609,0
386610,0
386611,0
386612,0
386613,0
386614,0
386615,0
386616,0
386617,0
386618,0
386619,0
386620,0
386621,0
386622,0
386623,0
386624,0
386625,0
386626,0
386627,0
386628,0
386629,0
386630,0
386631,0
386632,0
386633,0
386634,0
386635,0
386636,0
386637,0
386638,0
386639,0
386640,0
386641,0
386642,0
386643,0
386644,0
386645,0
386646,0
386647,0
386648,0
386649,0
386650,0
386651,0
386652,0
386653,0
386654,0
386655,0
386656,0
386657,0
386658,0
386659,0
386660,0
386661,0
386662,0
386663,0
386664,0
386665,0
386666,0
386667,0
386668,0
386669,0
386670,0
386671,0
386672,0
386673,0
386674,0
386675,0
386676,0
386677,0
386678,0
386679,0
386680,0
386681,0
386682,0
386683,0
386684,0
386685,0
386686,0
386687,0
386688,0
386689,0
386690,0
386691,0
386692,0
386693,0
386694,0
386695,0
386696,0
386697,0
386698,0
386699,0
386700,0
386701,0
386702,0
386703,0
386704,0
386705,0
386706,0
386707,0
386708,0
386709,0
386710,0
386711,0
386712,0
386713,0
386714,0
386715,0
386716,0
386717,0
386718,0
386719,0
386720,0
386721,0
386722,0
386723,0
386724,0
386725,0
386726,0
386727,0
386728,0
386729,0
386730,0
386731,0
386732,0
386733,0
386734,0
386735,0
386736,0
386737,0
386738,0
386739,0
386740,0
386741,0
386742,0
386743,0
386744,0
386745,0
386746,0
386747,0
386748,0
386749,0
386750,0
386751,0
386752,0
386753,0
386754,0
386755,0
386756,0
386757,0
386758,0
386759,0
386760,0
386761,0
386762,0
386763,0
386764,0
386765,0
386766,0
386767,0
386768,0
386769,0
386770,0
386771,0
386772,0
386773,0
386774,0
386775,0
386776,0
386777,0
386778,0
386779,0
386780,0
386781,0
386782,0
386783,0
386784,0
386785,0
386786,0
386787,0
386788,0
386789,0
386790,0
386791,0
386792,0
386793,0
386794,0
386795,0
386796,0
386797,0
386798,0
386799,0
386800,0
386801,0
386802,0
386803,0
386804,0
386805,0
386806,0
386807,0
386808,0
386809,0
386810,0
386811,0
386812,0
386813,0
386814,0
386815,0
386816,0
386817,0
386818,0
386819,0
386820,0
386821,0
386822,0
386823,0
386824,0
386825,0
386826,0
386827,0
386828,0
386829,0
386830,0
386831,0
386832,0
386833,0
386834,0
386835,0
386836,0
386837,0
386838,0
386839,0
386840,0
386841,0
386842,0
386843,0
386844,0
386845,0
386846,0
386847,0
386848,0
386849,0
386850,0
386851,0
386852,0
386853,0
386854,0
386855,0
386856,0
386857,0
386858,0
386859,0
386860,0
386861,0
386862,0
386863,0
386864,0
386865,0
386866,0
386867,0
386868,0
386869,0
386870,0
386871,0
386872,0
386873,0
386874,0
386875,0
386876,0
386877,0
386878,0
386879,0
386880,0
386881,0
386882,0
386883,0
386884,0
386885,0
386886,0
386887,0
386888,0
386889,0
386890,0
386891,0
386892,0
386893,0
386894,0
386895,0
386896,0
386897,0
386898,0
386899,0
386900,0
386901,0
386902,0
386903,0
386904,0
386905,0
386906,0
386907,0
386908,0
386909,0
386910,0
386911,0
386912,0
386913,0
386914,0
386915,0
386916,0
386917,0
386918,0
386919,0
386920,0
386921,0
386922,0
386923,0
386924,0
386925,0
386926,0
386927,0
386928,0
386929,0
386930,0
386931,0
386932,0
386933,0
386934,0
386935,0
386936,0
386937,0
386938,0
386939,0
386940,0
386941,0
386942,0
386943,0
386944,0
386945,0
386946,0
386947,0
386948,0
386949,0
386950,0
386951,0
386952,0
386953,0
386954,0
386955,0
386956,0
386957,0
386958,0
386959,0
386960,0
386961,0
386962,0
386963,0
386964,0
386965,0
386966,0
386967,0
386968,0
386969,0
386970,0
386971,0
386972,0
386973,0
386974,0
386975,0
386976,0
386977,0
386978,0
386979,0
386980,0
386981,0
386982,0
386983,0
386984,0
386985,0
386986,0
386987,0
386988,0
386989,0
386990,0
386991,0
386992,0
386993,0
386994,0
386995,0
386996,0
386997,0
386998,0
386999,0
387000,0
387001,0
387002,0
387003,0
387004,0
387005,0
387006,0
387007,0
387008,0
387009,0
387010,0
387011,0
387012,0
387013,0
387014,0
387015,0
387016,0
387017,0
387018,0
387019,0
387020,0
387021,0
387022,0
387023,0
387024,0
387025,0
387026,0
387027,0
387028,0
387029,0
387030,0
387031,0
387032,0
387033,0
387034,0
387035,0
387036,0
387037,0
387038,0
387039,0
387040,0
387041,0
387042,0
387043,0
387044,0
387045,0
387046,0
387047,0
387048,0
387049,0
387050,0
387051,0
387052,0
387053,0
387054,0
387055,0
387056,0
387057,0
387058,0
387059,0
387060,0
387061,0
387062,0
387063,0
387064,0
387065,0
387066,0
387067,0
387068,0
387069,0
387070,0
387071,0
387072,0
387073,0
387074,0
387075,0
387076,0
387077,0
387078,0
387079,0
387080,0
387081,0
387082,0
387083,0
387084,0
387085,0
387086,0
387087,0
387088,0
387089,0
387090,0
387091,0
387092,0
387093,0
387094,0
387095,0
387096,0
387097,0
387098,0
387099,0
387100,0
387101,0
387102,0
387103,0
387104,0
387105,0
387106,0
387107,0
387108,0
387109,0
387110,0
387111,0
387112,0
387113,0
387114,0
387115,0
387116,0
387117,0
387118,0
387119,0
387120,0
387121,0
387122,0
387123,0
387124,0
387125,0
387126,0
387127,0
387128,0
387129,0
387130,0
387131,0
387132,0
387133,0
387134,0
387135,0
387136,0
387137,0
387138,0
387139,0
387140,0
387141,0
387142,0
387143,0
387144,0
387145,0
387146,0
387147,0
387148,0
387149,0
387150,0
387151,0
387152,0
387153,0
387154,0
387155,0
387156,0
387157,0
387158,0
387159,0
387160,0
387161,0
387162,0
387163,0
387164,0
387165,0
387166,0
387167,0
387168,0
387169,0
387170,0
387171,0
387172,0
387173,0
387174,0
387175,0
387176,0
387177,0
387178,0
387179,0
387180,0
387181,0
387182,0
387183,0
387184,0
387185,0
387186,0
387187,0
387188,0
387189,0
387190,0
387191,0
387192,0
387193,0
387194,0
387195,0
387196,0
387197,0
387198,0
387199,0
387200,0
387201,0
387202,0
387203,0
387204,0
387205,0
387206,0
387207,0
387208,0
387209,0
387210,0
387211,0
387212,0
387213,0
387214,0
387215,0
387216,0
387217,0
387218,0
387219,0
387220,0
387221,0
387222,0
387223,0
387224,0
387225,0
387226,0
387227,0
387228,0
387229,0
387230,0
387231,0
387232,0
387233,0
387234,0
387235,0
387236,0
387237,0
387238,0
387239,0
387240,0
387241,0
387242,0
387243,0
387244,0
387245,0
387246,0
387247,0
387248,0
387249,0
387250,0
387251,0
387252,0
387253,0
387254,0
387255,0
387256,0
387257,0
387258,0
387259,0
387260,0
387261,0
387262,0
387263,0
387264,0
387265,0
387266,0
387267,0
387268,0
387269,0
387270,0
387271,0
387272,0
387273,0
387274,0
387275,0
387276,0
387277,0
387278,0
387279,0
387280,0
387281,0
387282,0
387283,0
387284,0
387285,0
387286,0
387287,0
387288,0
387289,0
387290,0
387291,0
387292,0
387293,0
387294,0
387295,0
387296,0
387297,0
387298,0
387299,0
387300,0
387301,0
387302,0
387303,0
387304,0
387305,0
387306,0
387307,0
387308,0
387309,0
387310,0
387311,0
387312,0
387313,0
387314,0
387315,0
387316,0
387317,0
387318,0
387319,0
387320,0
387321,0
387322,0
387323,0
387324,0
387325,0
387326,0
387327,0
387328,0
387329,0
387330,0
387331,0
387332,0
387333,0
387334,0
387335,0
387336,0
387337,0
387338,0
387339,0
387340,0
387341,0
387342,0
387343,0
387344,0
387345,0
387346,0
387347,0
387348,0
387349,0
387350,0
387351,0
387352,0
387353,0
387354,0
387355,0
387356,0
387357,0
387358,0
387359,0
387360,0
387361,0
387362,0
387363,0
387364,0
387365,0
387366,0
387367,0
387368,0
387369,0
387370,0
387371,0
387372,0
387373,0
387374,0
387375,0
387376,0
387377,0
387378,0
387379,0
387380,0
387381,0
387382,0
387383,0
387384,0
387385,0
387386,0
387387,0
387388,0
387389,0
387390,0
387391,0
387392,0
387393,0
387394,0
387395,0
387396,0
387397,0
387398,0
387399,0
387400,0
387401,0
387402,0
387403,0
387404,0
387405,0
387406,0
387407,0
387408,0
387409,0
387410,0
387411,0
387412,0
387413,0
387414,0
387415,0
387416,0
387417,0
387418,0
387419,0
387420,0
387421,0
387422,0
387423,0
387424,0
387425,0
387426,0
387427,0
387428,0
387429,0
387430,0
387431,0
387432,0
387433,0
387434,0
387435,0
387436,0
387437,0
387438,0
387439,0
387440,0
387441,0
387442,0
387443,0
387444,0
387445,0
387446,0
387447,0
387448,0
387449,0
387450,0
387451,0
387452,0
387453,0
387454,0
387455,0
387456,0
387457,0
387458,0
387459,0
387460,0
387461,0
387462,0
387463,0
387464,0
387465,0
387466,0
387467,0
387468,0
387469,0
387470,0
387471,0
387472,0
387473,0
387474,0
387475,0
387476,0
387477,0
387478,0
387479,0
387480,0
387481,0
387482,0
387483,0
387484,0
387485,0
387486,0
387487,0
387488,0
387489,0
387490,0
387491,0
387492,0
387493,0
387494,0
387495,0
387496,0
387497,0
387498,0
387499,0
387500,0
387501,0
387502,0
387503,0
387504,0
387505,0
387506,0
387507,0
387508,0
387509,0
387510,0
387511,0
387512,0
387513,0
387514,0
387515,0
387516,0
387517,0
387518,0
387519,0
387520,0
387521,0
387522,0
387523,0
387524,0
387525,0
387526,0
387527,0
387528,0
387529,0
387530,0
387531,0
387532,0
387533,0
387534,0
387535,0
387536,0
387537,0
387538,0
387539,0
387540,0
387541,0
387542,0
387543,0
387544,0
387545,0
387546,0
387547,0
387548,0
387549,0
387550,0
387551,0
387552,0
387553,0
387554,0
387555,0
387556,0
387557,0
387558,0
387559,0
387560,0
387561,0
387562,0
387563,0
387564,0
387565,0
387566,0
387567,0
387568,0
387569,0
387570,0
387571,0
387572,0
387573,0
387574,0
387575,0
387576,0
387577,0
387578,0
387579,0
387580,0
387581,0
387582,0
387583,0
387584,0
387585,0
387586,0
387587,0
387588,0
387589,0
387590,0
387591,0
387592,0
387593,0
387594,0
387595,0
387596,0
387597,0
387598,0
387599,0
387600,0
387601,0
387602,0
387603,0
387604,0
387605,0
387606,0
387607,0
387608,0
387609,0
387610,0
387611,0
387612,0
387613,0
387614,0
387615,0
387616,0
387617,0
387618,0
387619,0
387620,0
387621,0
387622,0
387623,0
387624,0
387625,0
387626,0
387627,0
387628,0
387629,0
387630,0
387631,0
387632,0
387633,0
387634,0
387635,0
387636,0
387637,0
387638,0
387639,0
387640,0
387641,0
387642,0
387643,0
387644,0
387645,0
387646,0
387647,0
387648,0
387649,0
387650,0
387651,0
387652,0
387653,0
387654,0
387655,0
387656,0
387657,0
387658,0
387659,0
387660,0
387661,0
387662,0
387663,0
387664,0
387665,0
387666,0
387667,0
387668,0
387669,0
387670,0
387671,0
387672,0
387673,0
387674,0
387675,0
387676,0
387677,0
387678,0
387679,0
387680,0
387681,0
387682,0
387683,0
387684,0
387685,0
387686,0
387687,0
387688,0
387689,0
387690,0
387691,0
387692,0
387693,0
387694,0
387695,0
387696,0
387697,0
387698,0
387699,0
387700,0
387701,0
387702,0
387703,0
387704,0
387705,0
387706,0
387707,0
387708,0
387709,0
387710,0
387711,0
387712,0
387713,0
387714,0
387715,0
387716,0
387717,0
387718,0
387719,0
387720,0
387721,0
387722,0
387723,0
387724,0
387725,0
387726,0
387727,0
387728,0
387729,0
387730,0
387731,0
387732,0
387733,0
387734,0
387735,0
387736,0
387737,0
387738,0
387739,0
387740,0
387741,0
387742,0
387743,0
387744,0
387745,0
387746,0
387747,0
387748,0
387749,0
387750,0
387751,0
387752,0
387753,0
387754,0
387755,0
387756,0
387757,0
387758,0
387759,0
387760,0
387761,0
387762,0
387763,0
387764,0
387765,0
387766,0
387767,0
387768,0
387769,0
387770,0
387771,0
387772,0
387773,0
387774,0
387775,0
387776,0
387777,0
387778,0
387779,0
387780,0
387781,0
387782,0
387783,0
387784,0
387785,0
387786,0
387787,0
387788,0
387789,0
387790,0
387791,0
387792,0
387793,0
387794,0
387795,0
387796,0
387797,0
387798,0
387799,0
387800,0
387801,0
387802,0
387803,0
387804,0
387805,0
387806,0
387807,0
387808,0
387809,0
387810,0
387811,0
387812,0
387813,0
387814,0
387815,0
387816,0
387817,0
387818,0
387819,0
387820,0
387821,0
387822,0
387823,0
387824,0
387825,0
387826,0
387827,0
387828,0
387829,0
387830,0
387831,0
387832,0
387833,0
387834,0
387835,0
387836,0
387837,0
387838,0
387839,0
387840,0
387841,0
387842,0
387843,0
387844,0
387845,0
387846,0
387847,0
387848,0
387849,0
387850,0
387851,0
387852,0
387853,0
387854,0
387855,0
387856,0
387857,0
387858,0
387859,0
387860,0
387861,0
387862,0
387863,0
387864,0
387865,0
387866,0
387867,0
387868,0
387869,0
387870,0
387871,0
387872,0
387873,0
387874,0
387875,0
387876,0
387877,0
387878,0
387879,0
387880,0
387881,0
387882,0
387883,0
387884,0
387885,0
387886,0
387887,0
387888,0
387889,0
387890,0
387891,0
387892,0
387893,0
387894,0
387895,0
387896,0
387897,0
387898,0
387899,0
387900,0
387901,0
387902,0
387903,0
387904,0
387905,0
387906,0
387907,0
387908,0
387909,0
387910,0
387911,0
387912,0
387913,0
387914,0
387915,0
387916,0
387917,0
387918,0
387919,0
387920,0
387921,0
387922,0
387923,0
387924,0
387925,0
387926,0
387927,0
387928,0
387929,0
387930,0
387931,0
387932,0
387933,0
387934,0
387935,0
387936,0
387937,0
387938,0
387939,0
387940,0
387941,0
387942,0
387943,0
387944,0
387945,0
387946,0
387947,0
387948,0
387949,0
387950,0
387951,0
387952,0
387953,0
387954,0
387955,0
387956,0
387957,0
387958,0
387959,0
387960,0
387961,0
387962,0
387963,0
387964,0
387965,0
387966,0
387967,0
387968,0
387969,0
387970,0
387971,0
387972,0
387973,0
387974,0
387975,0
387976,0
387977,0
387978,0
387979,0
387980,0
387981,0
387982,0
387983,0
387984,0
387985,0
387986,0
387987,0
387988,0
387989,0
387990,0
387991,0
387992,0
387993,0
387994,0
387995,0
387996,0
387997,0
387998,0
387999,0
388000,0
388001,0
388002,0
388003,0
388004,0
388005,0
388006,0
388007,0
388008,0
388009,0
388010,0
388011,0
388012,0
388013,0
388014,0
388015,0
388016,0
388017,0
388018,0
388019,0
388020,0
388021,0
388022,0
388023,0
388024,0
388025,0
388026,0
388027,0
388028,0
388029,0
388030,0
388031,0
388032,0
388033,0
388034,0
388035,0
388036,0
388037,0
388038,0
388039,0
388040,0
388041,0
388042,0
388043,0
388044,0
388045,0
388046,0
388047,0
388048,0
388049,0
388050,0
388051,0
388052,0
388053,0
388054,0
388055,0
388056,0
388057,0
388058,0
388059,0
388060,0
388061,0
388062,0
388063,0
388064,0
388065,0
388066,0
388067,0
388068,0
388069,0
388070,0
388071,0
388072,0
388073,0
388074,0
388075,0
388076,0
388077,0
388078,0
388079,0
388080,0
388081,0
388082,0
388083,0
388084,0
388085,0
388086,0
388087,0
388088,0
388089,0
388090,0
388091,0
388092,0
388093,0
388094,0
388095,0
388096,0
388097,0
388098,0
388099,0
388100,0
388101,0
388102,0
388103,0
388104,0
388105,0
388106,0
388107,0
388108,0
388109,0
388110,0
388111,0
388112,0
388113,0
388114,0
388115,0
388116,0
388117,0
388118,0
388119,0
388120,0
388121,0
388122,0
388123,0
388124,0
388125,0
388126,0
388127,0
388128,0
388129,0
388130,0
388131,0
388132,0
388133,0
388134,0
388135,0
388136,0
388137,0
388138,0
388139,0
388140,0
388141,0
388142,0
388143,0
388144,0
388145,0
388146,0
388147,0
388148,0
388149,0
388150,0
388151,0
388152,0
388153,0
388154,0
388155,0
388156,0
388157,0
388158,0
388159,0
388160,0
388161,0
388162,0
388163,0
388164,0
388165,0
388166,0
388167,0
388168,0
388169,0
388170,0
388171,0
388172,0
388173,0
388174,0
388175,0
388176,0
388177,0
388178,0
388179,0
388180,0
388181,0
388182,0
388183,0
388184,0
388185,0
388186,0
388187,0
388188,0
388189,0
388190,0
388191,0
388192,0
388193,0
388194,0
388195,0
388196,0
388197,0
388198,0
388199,0
388200,0
388201,0
388202,0
388203,0
388204,0
388205,0
388206,0
388207,0
388208,0
388209,0
388210,0
388211,0
388212,0
388213,0
388214,0
388215,0
388216,0
388217,0
388218,0
388219,0
388220,0
388221,0
388222,0
388223,0
388224,0
388225,0
388226,0
388227,0
388228,0
388229,0
388230,0
388231,0
388232,0
388233,0
388234,0
388235,0
388236,0
388237,0
388238,0
388239,0
388240,0
388241,0
388242,0
388243,0
388244,0
388245,0
388246,0
388247,0
388248,0
388249,0
388250,0
388251,0
388252,0
388253,0
388254,0
388255,0
388256,0
388257,0
388258,0
388259,0
388260,0
388261,0
388262,0
388263,0
388264,0
388265,0
388266,0
388267,0
388268,0
388269,0
388270,0
388271,0
388272,0
388273,0
388274,0
388275,0
388276,0
388277,0
388278,0
388279,0
388280,0
388281,0
388282,0
388283,0
388284,0
388285,0
388286,0
388287,0
388288,0
388289,0
388290,0
388291,0
388292,0
388293,0
388294,0
388295,0
388296,0
388297,0
388298,0
388299,0
388300,0
388301,0
388302,0
388303,0
388304,0
388305,0
388306,0
388307,0
388308,0
388309,0
388310,0
388311,0
388312,0
388313,0
388314,0
388315,0
388316,0
388317,0
388318,0
388319,0
388320,0
388321,0
388322,0
388323,0
388324,0
388325,0
388326,0
388327,0
388328,0
388329,0
388330,0
388331,0
388332,0
388333,0
388334,0
388335,0
388336,0
388337,0
388338,0
388339,0
388340,0
388341,0
388342,0
388343,0
388344,0
388345,0
388346,0
388347,0
388348,0
388349,0
388350,0
388351,0
388352,0
388353,0
388354,0
388355,0
388356,0
388357,0
388358,0
388359,0
388360,0
388361,0
388362,0
388363,0
388364,0
388365,0
388366,0
388367,0
388368,0
388369,0
388370,0
388371,0
388372,0
388373,0
388374,0
388375,0
388376,0
388377,0
388378,0
388379,0
388380,0
388381,0
388382,0
388383,0
388384,0
388385,0
388386,0
388387,0
388388,0
388389,0
388390,0
388391,0
388392,0
388393,0
388394,0
388395,0
388396,0
388397,0
388398,0
388399,0
388400,0
388401,0
388402,0
388403,0
388404,0
388405,0
388406,0
388407,0
388408,0
388409,0
388410,0
388411,0
388412,0
388413,0
388414,0
388415,0
388416,0
388417,0
388418,0
388419,0
388420,0
388421,0
388422,0
388423,0
388424,0
388425,0
388426,0
388427,0
388428,0
388429,0
388430,0
388431,0
388432,0
388433,0
388434,0
388435,0
388436,0
388437,0
388438,0
388439,0
388440,0
388441,0
388442,0
388443,0
388444,0
388445,0
388446,0
388447,0
388448,0
388449,0
388450,0
388451,0
388452,0
388453,0
388454,0
388455,0
388456,0
388457,0
388458,0
388459,0
388460,0
388461,0
388462,0
388463,0
388464,0
388465,0
388466,0
388467,0
388468,0
388469,0
388470,0
388471,0
388472,0
388473,0
388474,0
388475,0
388476,0
388477,0
388478,0
388479,0
388480,0
388481,0
388482,0
388483,0
388484,0
388485,0
388486,0
388487,0
388488,0
388489,0
388490,0
388491,0
388492,0
388493,0
388494,0
388495,0
388496,0
388497,0
388498,0
388499,0
388500,0
388501,0
388502,0
388503,0
388504,0
388505,0
388506,0
388507,0
388508,0
388509,0
388510,0
388511,0
388512,0
388513,0
388514,0
388515,0
388516,0
388517,0
388518,0
388519,0
388520,0
388521,0
388522,0
388523,0
388524,0
388525,0
388526,0
388527,0
388528,0
388529,0
388530,0
388531,0
388532,0
388533,0
388534,0
388535,0
388536,0
388537,0
388538,0
388539,0
388540,0
388541,0
388542,0
388543,0
388544,0
388545,0
388546,0
388547,0
388548,0
388549,0
388550,0
388551,0
388552,0
388553,0
388554,0
388555,0
388556,0
388557,0
388558,0
388559,0
388560,0
388561,0
388562,0
388563,0
388564,0
388565,0
388566,0
388567,0
388568,0
388569,0
388570,0
388571,0
388572,0
388573,0
388574,0
388575,0
388576,0
388577,0
388578,0
388579,0
388580,0
388581,0
388582,0
388583,0
388584,0
388585,0
388586,0
388587,0
388588,0
388589,0
388590,0
388591,0
388592,0
388593,0
388594,0
388595,0
388596,0
388597,0
388598,0
388599,0
388600,0
388601,0
388602,0
388603,0
388604,0
388605,0
388606,0
388607,0
388608,0
388609,0
388610,0
388611,0
388612,0
388613,0
388614,0
388615,0
388616,0
388617,0
388618,0
388619,0
388620,0
388621,0
388622,0
388623,0
388624,0
388625,0
388626,0
388627,0
388628,0
388629,0
388630,0
388631,0
388632,0
388633,0
388634,0
388635,0
388636,0
388637,0
388638,0
388639,0
388640,0
388641,0
388642,0
388643,0
388644,0
388645,0
388646,0
388647,0
388648,0
388649,0
388650,0
388651,0
388652,0
388653,0
388654,0
388655,0
388656,0
388657,0
388658,0
388659,0
388660,0
388661,0
388662,0
388663,0
388664,0
388665,0
388666,0
388667,0
388668,0
388669,0
388670,0
388671,0
388672,0
388673,0
388674,0
388675,0
388676,0
388677,0
388678,0
388679,0
388680,0
388681,0
388682,0
388683,0
388684,0
388685,0
388686,0
388687,0
388688,0
388689,0
388690,0
388691,0
388692,0
388693,0
388694,0
388695,0
388696,0
388697,0
388698,0
388699,0
388700,0
388701,0
388702,0
388703,0
388704,0
388705,0
388706,0
388707,0
388708,0
388709,0
388710,0
388711,0
388712,0
388713,0
388714,0
388715,0
388716,0
388717,0
388718,0
388719,0
388720,0
388721,0
388722,0
388723,0
388724,0
388725,0
388726,0
388727,0
388728,0
388729,0
388730,0
388731,0
388732,0
388733,0
388734,0
388735,0
388736,0
388737,0
388738,0
388739,0
388740,0
388741,0
388742,0
388743,0
388744,0
388745,0
388746,0
388747,0
388748,0
388749,0
388750,0
388751,0
388752,0
388753,0
388754,0
388755,0
388756,0
388757,0
388758,0
388759,0
388760,0
388761,0
388762,0
388763,0
388764,0
388765,0
388766,0
388767,0
388768,0
388769,0
388770,0
388771,0
388772,0
388773,0
388774,0
388775,0
388776,0
388777,0
388778,0
388779,0
388780,0
388781,0
388782,0
388783,0
388784,0
388785,0
388786,0
388787,0
388788,0
388789,0
388790,0
388791,0
388792,0
388793,0
388794,0
388795,0
388796,0
388797,0
388798,0
388799,0
388800,0
388801,0
388802,0
388803,0
388804,0
388805,0
388806,0
388807,0
388808,0
388809,0
388810,0
388811,0
388812,0
388813,0
388814,0
388815,0
388816,0
388817,0
388818,0
388819,0
388820,0
388821,0
388822,0
388823,0
388824,0
388825,0
388826,0
388827,0
388828,0
388829,0
388830,0
388831,0
388832,0
388833,0
388834,0
388835,0
388836,0
388837,0
388838,0
388839,0
388840,0
388841,0
388842,0
388843,0
388844,0
388845,0
388846,0
388847,0
388848,0
388849,0
388850,0
388851,0
388852,0
388853,0
388854,0
388855,0
388856,0
388857,0
388858,0
388859,0
388860,0
388861,0
388862,0
388863,0
388864,0
388865,0
388866,0
388867,0
388868,0
388869,0
388870,0
388871,0
388872,0
388873,0
388874,0
388875,0
388876,0
388877,0
388878,0
388879,0
388880,0
388881,0
388882,0
388883,0
388884,0
388885,0
388886,0
388887,0
388888,0
388889,0
388890,0
388891,0
388892,0
388893,0
388894,0
388895,0
388896,0
388897,0
388898,0
388899,0
388900,0
388901,0
388902,0
388903,0
388904,0
388905,0
388906,0
388907,0
388908,0
388909,0
388910,0
388911,0
388912,0
388913,0
388914,0
388915,0
388916,0
388917,0
388918,0
388919,0
388920,0
388921,0
388922,0
388923,0
388924,0
388925,0
388926,0
388927,0
388928,0
388929,0
388930,0
388931,0
388932,0
388933,0
388934,0
388935,0
388936,0
388937,0
388938,0
388939,0
388940,0
388941,0
388942,0
388943,0
388944,0
388945,0
388946,0
388947,0
388948,0
388949,0
388950,0
388951,0
388952,0
388953,0
388954,0
388955,0
388956,0
388957,0
388958,0
388959,0
388960,0
388961,0
388962,0
388963,0
388964,0
388965,0
388966,0
388967,0
388968,0
388969,0
388970,0
388971,0
388972,0
388973,0
388974,0
388975,0
388976,0
388977,0
388978,0
388979,0
388980,0
388981,0
388982,0
388983,0
388984,0
388985,0
388986,0
388987,0
388988,0
388989,0
388990,0
388991,0
388992,0
388993,0
388994,0
388995,0
388996,0
388997,0
388998,0
388999,0
389000,0
389001,0
389002,0
389003,0
389004,0
389005,0
389006,0
389007,0
389008,0
389009,0
389010,0
389011,0
389012,0
389013,0
389014,0
389015,0
389016,0
389017,0
389018,0
389019,0
389020,0
389021,0
389022,0
389023,0
389024,0
389025,0
389026,0
389027,0
389028,0
389029,0
389030,0
389031,0
389032,0
389033,0
389034,0
389035,0
389036,0
389037,0
389038,0
389039,0
389040,0
389041,0
389042,0
389043,0
389044,0
389045,0
389046,0
389047,0
389048,0
389049,0
389050,0
389051,0
389052,0
389053,0
389054,0
389055,0
389056,0
389057,0
389058,0
389059,0
389060,0
389061,0
389062,0
389063,0
389064,0
389065,0
389066,0
389067,0
389068,0
389069,0
389070,0
389071,0
389072,0
389073,0
389074,0
389075,0
389076,0
389077,0
389078,0
389079,0
389080,0
389081,0
389082,0
389083,0
389084,0
389085,0
389086,0
389087,0
389088,0
389089,0
389090,0
389091,0
389092,0
389093,0
389094,0
389095,0
389096,0
389097,0
389098,0
389099,0
389100,0
389101,0
389102,0
389103,0
389104,0
389105,0
389106,0
389107,0
389108,0
389109,0
389110,0
389111,0
389112,0
389113,0
389114,0
389115,0
389116,0
389117,0
389118,0
389119,0
389120,0
389121,0
389122,0
389123,0
389124,0
389125,0
389126,0
389127,0
389128,0
389129,0
389130,0
389131,0
389132,0
389133,0
389134,0
389135,0
389136,0
389137,0
389138,0
389139,0
389140,0
389141,0
389142,0
389143,0
389144,0
389145,0
389146,0
389147,0
389148,0
389149,0
389150,0
389151,0
389152,0
389153,0
389154,0
389155,0
389156,0
389157,0
389158,0
389159,0
389160,0
389161,0
389162,0
389163,0
389164,0
389165,0
389166,0
389167,0
389168,0
389169,0
389170,0
389171,0
389172,0
389173,0
389174,0
389175,0
389176,0
389177,0
389178,0
389179,0
389180,0
389181,0
389182,0
389183,0
389184,0
389185,0
389186,0
389187,0
389188,0
389189,0
389190,0
389191,0
389192,0
389193,0
389194,0
389195,0
389196,0
389197,0
389198,0
389199,0
389200,0
389201,0
389202,0
389203,0
389204,0
389205,0
389206,0
389207,0
389208,0
389209,0
389210,0
389211,0
389212,0
389213,0
389214,0
389215,0
389216,0
389217,0
389218,0
389219,0
389220,0
389221,0
389222,0
389223,0
389224,0
389225,0
389226,0
389227,0
389228,0
389229,0
389230,0
389231,0
389232,0
389233,0
389234,0
389235,0
389236,0
389237,0
389238,0
389239,0
389240,0
389241,0
389242,0
389243,0
389244,0
389245,0
389246,0
389247,0
389248,0
389249,0
389250,0
389251,0
389252,0
389253,0
389254,0
389255,0
389256,0
389257,0
389258,0
389259,0
389260,0
389261,0
389262,0
389263,0
389264,0
389265,0
389266,0
389267,0
389268,0
389269,0
389270,0
389271,0
389272,0
389273,0
389274,0
389275,0
389276,0
389277,0
389278,0
389279,0
389280,0
389281,0
389282,0
389283,0
389284,0
389285,0
389286,0
389287,0
389288,0
389289,0
389290,0
389291,0
389292,0
389293,0
389294,0
389295,0
389296,0
389297,0
389298,0
389299,0
389300,0
389301,0
389302,0
389303,0
389304,0
389305,0
389306,0
389307,0
389308,0
389309,0
389310,0
389311,0
389312,0
389313,0
389314,0
389315,0
389316,0
389317,0
389318,0
389319,0
389320,0
389321,0
389322,0
389323,0
389324,0
389325,0
389326,0
389327,0
389328,0
389329,0
389330,0
389331,0
389332,0
389333,0
389334,0
389335,0
389336,0
389337,0
389338,0
389339,0
389340,0
389341,0
389342,0
389343,0
389344,0
389345,0
389346,0
389347,0
389348,0
389349,0
389350,0
389351,0
389352,0
389353,0
389354,0
389355,0
389356,0
389357,0
389358,0
389359,0
389360,0
389361,0
389362,0
389363,0
389364,0
389365,0
389366,0
389367,0
389368,0
389369,0
389370,0
389371,0
389372,0
389373,0
389374,0
389375,0
389376,0
389377,0
389378,0
389379,0
389380,0
389381,0
389382,0
389383,0
389384,0
389385,0
389386,0
389387,0
389388,0
389389,0
389390,0
389391,0
389392,0
389393,0
389394,0
389395,0
389396,0
389397,0
389398,0
389399,0
389400,0
389401,0
389402,0
389403,0
389404,0
389405,0
389406,0
389407,0
389408,0
389409,0
389410,0
389411,0
389412,0
389413,0
389414,0
389415,0
389416,0
389417,0
389418,0
389419,0
389420,0
389421,0
389422,0
389423,0
389424,0
389425,0
389426,0
389427,0
389428,0
389429,0
389430,0
389431,0
389432,0
389433,0
389434,0
389435,0
389436,0
389437,0
389438,0
389439,0
389440,0
389441,0
389442,0
389443,0
389444,0
389445,0
389446,0
389447,0
389448,0
389449,0
389450,0
389451,0
389452,0
389453,0
389454,0
389455,0
389456,0
389457,0
389458,0
389459,0
389460,0
389461,0
389462,0
389463,0
389464,0
389465,0
389466,0
389467,0
389468,0
389469,0
389470,0
389471,0
389472,0
389473,0
389474,0
389475,0
389476,0
389477,0
389478,0
389479,0
389480,0
389481,0
389482,0
389483,0
389484,0
389485,0
389486,0
389487,0
389488,0
389489,0
389490,0
389491,0
389492,0
389493,0
389494,0
389495,0
389496,0
389497,0
389498,0
389499,0
389500,0
389501,0
389502,0
389503,0
389504,0
389505,0
389506,0
389507,0
389508,0
389509,0
389510,0
389511,0
389512,0
389513,0
389514,0
389515,0
389516,0
389517,0
389518,0
389519,0
389520,0
389521,0
389522,0
389523,0
389524,0
389525,0
389526,0
389527,0
389528,0
389529,0
389530,0
389531,0
389532,0
389533,0
389534,0
389535,0
389536,0
389537,0
389538,0
389539,0
389540,0
389541,0
389542,0
389543,0
389544,0
389545,0
389546,0
389547,0
389548,0
389549,0
389550,0
389551,0
389552,0
389553,0
389554,0
389555,0
389556,0
389557,0
389558,0
389559,0
389560,0
389561,0
389562,0
389563,0
389564,0
389565,0
389566,0
389567,0
389568,0
389569,0
389570,0
389571,0
389572,0
389573,0
389574,0
389575,0
389576,0
389577,0
389578,0
389579,0
389580,0
389581,0
389582,0
389583,0
389584,0
389585,0
389586,0
389587,0
389588,0
389589,0
389590,0
389591,0
389592,0
389593,0
389594,0
389595,0
389596,0
389597,0
389598,0
389599,0
389600,0
389601,0
389602,0
389603,0
389604,0
389605,0
389606,0
389607,0
389608,0
389609,0
389610,0
389611,0
389612,0
389613,0
389614,0
389615,0
389616,0
389617,0
389618,0
389619,0
389620,0
389621,0
389622,0
389623,0
389624,0
389625,0
389626,0
389627,0
389628,0
389629,0
389630,0
389631,0
389632,0
389633,0
389634,0
389635,0
389636,0
389637,0
389638,0
389639,0
389640,0
389641,0
389642,0
389643,0
389644,0
389645,0
389646,0
389647,0
389648,0
389649,0
389650,0
389651,0
389652,0
389653,0
389654,0
389655,0
389656,0
389657,0
389658,0
389659,0
389660,0
389661,0
389662,0
389663,0
389664,0
389665,0
389666,0
389667,0
389668,0
389669,0
389670,0
389671,0
389672,0
389673,0
389674,0
389675,0
389676,0
389677,0
389678,0
389679,0
389680,0
389681,0
389682,0
389683,0
389684,0
389685,0
389686,0
389687,0
389688,0
389689,0
389690,0
389691,0
389692,0
389693,0
389694,0
389695,0
389696,0
389697,0
389698,0
389699,0
389700,0
389701,0
389702,0
389703,0
389704,0
389705,0
389706,0
389707,0
389708,0
389709,0
389710,0
389711,0
389712,0
389713,0
389714,0
389715,0
389716,0
389717,0
389718,0
389719,0
389720,0
389721,0
389722,0
389723,0
389724,0
389725,0
389726,0
389727,0
389728,0
389729,0
389730,0
389731,0
389732,0
389733,0
389734,0
389735,0
389736,0
389737,0
389738,0
389739,0
389740,0
389741,0
389742,0
389743,0
389744,0
389745,0
389746,0
389747,0
389748,0
389749,0
389750,0
389751,0
389752,0
389753,0
389754,0
389755,0
389756,0
389757,0
389758,0
389759,0
389760,0
389761,0
389762,0
389763,0
389764,0
389765,0
389766,0
389767,0
389768,0
389769,0
389770,0
389771,0
389772,0
389773,0
389774,0
389775,0
389776,0
389777,0
389778,0
389779,0
389780,0
389781,0
389782,0
389783,0
389784,0
389785,0
389786,0
389787,0
389788,0
389789,0
389790,0
389791,0
389792,0
389793,0
389794,0
389795,0
389796,0
389797,0
389798,0
389799,0
389800,0
389801,0
389802,0
389803,0
389804,0
389805,0
389806,0
389807,0
389808,0
389809,0
389810,0
389811,0
389812,0
389813,0
389814,0
389815,0
389816,0
389817,0
389818,0
389819,0
389820,0
389821,0
389822,0
389823,0
389824,0
389825,0
389826,0
389827,0
389828,0
389829,0
389830,0
389831,0
389832,0
389833,0
389834,0
389835,0
389836,0
389837,0
389838,0
389839,0
389840,0
389841,0
389842,0
389843,0
389844,0
389845,0
389846,0
389847,0
389848,0
389849,0
389850,0
389851,0
389852,0
389853,0
389854,0
389855,0
389856,0
389857,0
389858,0
389859,0
389860,0
389861,0
389862,0
389863,0
389864,0
389865,0
389866,0
389867,0
389868,0
389869,0
389870,0
389871,0
389872,0
389873,0
389874,0
389875,0
389876,0
389877,0
389878,0
389879,0
389880,0
389881,0
389882,0
389883,0
389884,0
389885,0
389886,0
389887,0
389888,0
389889,0
389890,0
389891,0
389892,0
389893,0
389894,0
389895,0
389896,0
389897,0
389898,0
389899,0
389900,0
389901,0
389902,0
389903,0
389904,0
389905,0
389906,0
389907,0
389908,0
389909,0
389910,0
389911,0
389912,0
389913,0
389914,0
389915,0
389916,0
389917,0
389918,0
389919,0
389920,0
389921,0
389922,0
389923,0
389924,0
389925,0
389926,0
389927,0
389928,0
389929,0
389930,0
389931,0
389932,0
389933,0
389934,0
389935,0
389936,0
389937,0
389938,0
389939,0
389940,0
389941,0
389942,0
389943,0
389944,0
389945,0
389946,0
389947,0
389948,0
389949,0
389950,0
389951,0
389952,0
389953,0
389954,0
389955,0
389956,0
389957,0
389958,0
389959,0
389960,0
389961,0
389962,0
389963,0
389964,0
389965,0
389966,0
389967,0
389968,0
389969,0
389970,0
389971,0
389972,0
389973,0
389974,0
389975,0
389976,0
389977,0
389978,0
389979,0
389980,0
389981,0
389982,0
389983,0
389984,0
389985,0
389986,0
389987,0
389988,0
389989,0
389990,0
389991,0
389992,0
389993,0
389994,0
389995,0
389996,0
389997,0
389998,0
389999,0
390000,0
390001,0
390002,0
390003,0
390004,0
390005,0
390006,0
390007,0
390008,0
390009,0
390010,0
390011,0
390012,0
390013,0
390014,0
390015,0
390016,0
390017,0
390018,0
390019,0
390020,0
390021,0
390022,0
390023,0
390024,0
390025,0
390026,0
390027,0
390028,0
390029,0
390030,0
390031,0
390032,0
390033,0
390034,0
390035,0
390036,0
390037,0
390038,0
390039,0
390040,0
390041,0
390042,0
390043,0
390044,0
390045,0
390046,0
390047,0
390048,0
390049,0
390050,0
390051,0
390052,0
390053,0
390054,0
390055,0
390056,0
390057,0
390058,0
390059,0
390060,0
390061,0
390062,0
390063,0
390064,0
390065,0
390066,0
390067,0
390068,0
390069,0
390070,0
390071,0
390072,0
390073,0
390074,0
390075,0
390076,0
390077,0
390078,0
390079,0
390080,0
390081,0
390082,0
390083,0
390084,0
390085,0
390086,0
390087,0
390088,0
390089,0
390090,0
390091,0
390092,0
390093,0
390094,0
390095,0
390096,0
390097,0
390098,0
390099,0
390100,0
390101,0
390102,0
390103,0
390104,0
390105,0
390106,0
390107,0
390108,0
390109,0
390110,0
390111,0
390112,0
390113,0
390114,0
390115,0
390116,0
390117,0
390118,0
390119,0
390120,0
390121,0
390122,0
390123,0
390124,0
390125,0
390126,0
390127,0
390128,0
390129,0
390130,0
390131,0
390132,0
390133,0
390134,0
390135,0
390136,0
390137,0
390138,0
390139,0
390140,0
390141,0
390142,0
390143,0
390144,0
390145,0
390146,0
390147,0
390148,0
390149,0
390150,0
390151,0
390152,0
390153,0
390154,0
390155,0
390156,0
390157,0
390158,0
390159,0
390160,0
390161,0
390162,0
390163,0
390164,0
390165,0
390166,0
390167,0
390168,0
390169,0
390170,0
390171,0
390172,0
390173,0
390174,0
390175,0
390176,0
390177,0
390178,0
390179,0
390180,0
390181,0
390182,0
390183,0
390184,0
390185,0
390186,0
390187,0
390188,0
390189,0
390190,0
390191,0
390192,0
390193,0
390194,0
390195,0
390196,0
390197,0
390198,0
390199,0
390200,0
390201,0
390202,0
390203,0
390204,0
390205,0
390206,0
390207,0
390208,0
390209,0
390210,0
390211,0
390212,0
390213,0
390214,0
390215,0
390216,0
390217,0
390218,0
390219,0
390220,0
390221,0
390222,0
390223,0
390224,0
390225,0
390226,0
390227,0
390228,0
390229,0
390230,0
390231,0
390232,0
390233,0
390234,0
390235,0
390236,0
390237,0
390238,0
390239,0
390240,0
390241,0
390242,0
390243,0
390244,0
390245,0
390246,0
390247,0
390248,0
390249,0
390250,0
390251,0
390252,0
390253,0
390254,0
390255,0
390256,0
390257,0
390258,0
390259,0
390260,0
390261,0
390262,0
390263,0
390264,0
390265,0
390266,0
390267,0
390268,0
390269,0
390270,0
390271,0
390272,0
390273,0
390274,0
390275,0
390276,0
390277,0
390278,0
390279,0
390280,0
390281,0
390282,0
390283,0
390284,0
390285,0
390286,0
390287,0
390288,0
390289,0
390290,0
390291,0
390292,0
390293,0
390294,0
390295,0
390296,0
390297,0
390298,0
390299,0
390300,0
390301,0
390302,0
390303,0
390304,0
390305,0
390306,0
390307,0
390308,0
390309,0
390310,0
390311,0
390312,0
390313,0
390314,0
390315,0
390316,0
390317,0
390318,0
390319,0
390320,0
390321,0
390322,0
390323,0
390324,0
390325,0
390326,0
390327,0
390328,0
390329,0
390330,0
390331,0
390332,0
390333,0
390334,0
390335,0
390336,0
390337,0
390338,0
390339,0
390340,0
390341,0
390342,0
390343,0
390344,0
390345,0
390346,0
390347,0
390348,0
390349,0
390350,0
390351,0
390352,0
390353,0
390354,0
390355,0
390356,0
390357,0
390358,0
390359,0
390360,0
390361,0
390362,0
390363,0
390364,0
390365,0
390366,0
390367,0
390368,0
390369,0
390370,0
390371,0
390372,0
390373,0
390374,0
390375,0
390376,0
390377,0
390378,0
390379,0
390380,0
390381,0
390382,0
390383,0
390384,0
390385,0
390386,0
390387,0
390388,0
390389,0
390390,0
390391,0
390392,0
390393,0
390394,0
390395,0
390396,0
390397,0
390398,0
390399,0
390400,0
390401,0
390402,0
390403,0
390404,0
390405,0
390406,0
390407,0
390408,0
390409,0
390410,0
390411,0
390412,0
390413,0
390414,0
390415,0
390416,0
390417,0
390418,0
390419,0
390420,0
390421,0
390422,0
390423,0
390424,0
390425,0
390426,0
390427,0
390428,0
390429,0
390430,0
390431,0
390432,0
390433,0
390434,0
390435,0
390436,0
390437,0
390438,0
390439,0
390440,0
390441,0
390442,0
390443,0
390444,0
390445,0
390446,0
390447,0
390448,0
390449,0
390450,0
390451,0
390452,0
390453,0
390454,0
390455,0
390456,0
390457,0
390458,0
390459,0
390460,0
390461,0
390462,0
390463,0
390464,0
390465,0
390466,0
390467,0
390468,0
390469,0
390470,0
390471,0
390472,0
390473,0
390474,0
390475,0
390476,0
390477,0
390478,0
390479,0
390480,0
390481,0
390482,0
390483,0
390484,0
390485,0
390486,0
390487,0
390488,0
390489,0
390490,0
390491,0
390492,0
390493,0
390494,0
390495,0
390496,0
390497,0
390498,0
390499,0
390500,0
390501,0
390502,0
390503,0
390504,0
390505,0
390506,0
390507,0
390508,0
390509,0
390510,0
390511,0
390512,0
390513,0
390514,0
390515,0
390516,0
390517,0
390518,0
390519,0
390520,0
390521,0
390522,0
390523,0
390524,0
390525,0
390526,0
390527,0
390528,0
390529,0
390530,0
390531,0
390532,0
390533,0
390534,0
390535,0
390536,0
390537,0
390538,0
390539,0
390540,0
390541,0
390542,0
390543,0
390544,0
390545,0
390546,0
390547,0
390548,0
390549,0
390550,0
390551,0
390552,0
390553,0
390554,0
390555,0
390556,0
390557,0
390558,0
390559,0
390560,0
390561,0
390562,0
390563,0
390564,0
390565,0
390566,0
390567,0
390568,0
390569,0
390570,0
390571,0
390572,0
390573,0
390574,0
390575,0
390576,0
390577,0
390578,0
390579,0
390580,0
390581,0
390582,0
390583,0
390584,0
390585,0
390586,0
390587,0
390588,0
390589,0
390590,0
390591,0
390592,0
390593,0
390594,0
390595,0
390596,0
390597,0
390598,0
390599,0
390600,0
390601,0
390602,0
390603,0
390604,0
390605,0
390606,0
390607,0
390608,0
390609,0
390610,0
390611,0
390612,0
390613,0
390614,0
390615,0
390616,0
390617,0
390618,0
390619,0
390620,0
390621,0
390622,0
390623,0
390624,0
390625,0
390626,0
390627,0
390628,0
390629,0
390630,0
390631,0
390632,0
390633,0
390634,0
390635,0
390636,0
390637,0
390638,0
390639,0
390640,0
390641,0
390642,0
390643,0
390644,0
390645,0
390646,0
390647,0
390648,0
390649,0
390650,0
390651,0
390652,0
390653,0
390654,0
390655,0
390656,0
390657,0
390658,0
390659,0
390660,0
390661,0
390662,0
390663,0
390664,0
390665,0
390666,0
390667,0
390668,0
390669,0
390670,0
390671,0
390672,0
390673,0
390674,0
390675,0
390676,0
390677,0
390678,0
390679,0
390680,0
390681,0
390682,0
390683,0
390684,0
390685,0
390686,0
390687,0
390688,0
390689,0
390690,0
390691,0
390692,0
390693,0
390694,0
390695,0
390696,0
390697,0
390698,0
390699,0
390700,0
390701,0
390702,0
390703,0
390704,0
390705,0
390706,0
390707,0
390708,0
390709,0
390710,0
390711,0
390712,0
390713,0
390714,0
390715,0
390716,0
390717,0
390718,0
390719,0
390720,0
390721,0
390722,0
390723,0
390724,0
390725,0
390726,0
390727,0
390728,0
390729,0
390730,0
390731,0
390732,0
390733,0
390734,0
390735,0
390736,0
390737,0
390738,0
390739,0
390740,0
390741,0
390742,0
390743,0
390744,0
390745,0
390746,0
390747,0
390748,0
390749,0
390750,0
390751,0
390752,0
390753,0
390754,0
390755,0
390756,0
390757,0
390758,0
390759,0
390760,0
390761,0
390762,0
390763,0
390764,0
390765,0
390766,0
390767,0
390768,0
390769,0
390770,0
390771,0
390772,0
390773,0
390774,0
390775,0
390776,0
390777,0
390778,0
390779,0
390780,0
390781,0
390782,0
390783,0
390784,0
390785,0
390786,0
390787,0
390788,0
390789,0
390790,0
390791,0
390792,0
390793,0
390794,0
390795,0
390796,0
390797,0
390798,0
390799,0
390800,0
390801,0
390802,0
390803,0
390804,0
390805,0
390806,0
390807,0
390808,0
390809,0
390810,0
390811,0
390812,0
390813,0
390814,0
390815,0
390816,0
390817,0
390818,0
390819,0
390820,0
390821,0
390822,0
390823,0
390824,0
390825,0
390826,0
390827,0
390828,0
390829,0
390830,0
390831,0
390832,0
390833,0
390834,0
390835,0
390836,0
390837,0
390838,0
390839,0
390840,0
390841,0
390842,0
390843,0
390844,0
390845,0
390846,0
390847,0
390848,0
390849,0
390850,0
390851,0
390852,0
390853,0
390854,0
390855,0
390856,0
390857,0
390858,0
390859,0
390860,0
390861,0
390862,0
390863,0
390864,0
390865,0
390866,0
390867,0
390868,0
390869,0
390870,0
390871,0
390872,0
390873,0
390874,0
390875,0
390876,0
390877,0
390878,0
390879,0
390880,0
390881,0
390882,0
390883,0
390884,0
390885,0
390886,0
390887,0
390888,0
390889,0
390890,0
390891,0
390892,0
390893,0
390894,0
390895,0
390896,0
390897,0
390898,0
390899,0
390900,0
390901,0
390902,0
390903,0
390904,0
390905,0
390906,0
390907,0
390908,0
390909,0
390910,0
390911,0
390912,0
390913,0
390914,0
390915,0
390916,0
390917,0
390918,0
390919,0
390920,0
390921,0
390922,0
390923,0
390924,0
390925,0
390926,0
390927,0
390928,0
390929,0
390930,0
390931,0
390932,0
390933,0
390934,0
390935,0
390936,0
390937,0
390938,0
390939,0
390940,0
390941,0
390942,0
390943,0
390944,0
390945,0
390946,0
390947,0
390948,0
390949,0
390950,0
390951,0
390952,0
390953,0
390954,0
390955,0
390956,0
390957,0
390958,0
390959,0
390960,0
390961,0
390962,0
390963,0
390964,0
390965,0
390966,0
390967,0
390968,0
390969,0
390970,0
390971,0
390972,0
390973,0
390974,0
390975,0
390976,0
390977,0
390978,0
390979,0
390980,0
390981,0
390982,0
390983,0
390984,0
390985,0
390986,0
390987,0
390988,0
390989,0
390990,0
390991,0
390992,0
390993,0
390994,0
390995,0
390996,0
390997,0
390998,0
390999,0
391000,0
391001,0
391002,0
391003,0
391004,0
391005,0
391006,0
391007,0
391008,0
391009,0
391010,0
391011,0
391012,0
391013,0
391014,0
391015,0
391016,0
391017,0
391018,0
391019,0
391020,0
391021,0
391022,0
391023,0
391024,0
391025,0
391026,0
391027,0
391028,0
391029,0
391030,0
391031,0
391032,0
391033,0
391034,0
391035,0
391036,0
391037,0
391038,0
391039,0
391040,0
391041,0
391042,0
391043,0
391044,0
391045,0
391046,0
391047,0
391048,0
391049,0
391050,0
391051,0
391052,0
391053,0
391054,0
391055,0
391056,0
391057,0
391058,0
391059,0
391060,0
391061,0
391062,0
391063,0
391064,0
391065,0
391066,0
391067,0
391068,0
391069,0
391070,0
391071,0
391072,0
391073,0
391074,0
391075,0
391076,0
391077,0
391078,0
391079,0
391080,0
391081,0
391082,0
391083,0
391084,0
391085,0
391086,0
391087,0
391088,0
391089,0
391090,0
391091,0
391092,0
391093,0
391094,0
391095,0
391096,0
391097,0
391098,0
391099,0
391100,0
391101,0
391102,0
391103,0
391104,0
391105,0
391106,0
391107,0
391108,0
391109,0
391110,0
391111,0
391112,0
391113,0
391114,0
391115,0
391116,0
391117,0
391118,0
391119,0
391120,0
391121,0
391122,0
391123,0
391124,0
391125,0
391126,0
391127,0
391128,0
391129,0
391130,0
391131,0
391132,0
391133,0
391134,0
391135,0
391136,0
391137,0
391138,0
391139,0
391140,0
391141,0
391142,0
391143,0
391144,0
391145,0
391146,0
391147,0
391148,0
391149,0
391150,0
391151,0
391152,0
391153,0
391154,0
391155,0
391156,0
391157,0
391158,0
391159,0
391160,0
391161,0
391162,0
391163,0
391164,0
391165,0
391166,0
391167,0
391168,0
391169,0
391170,0
391171,0
391172,0
391173,0
391174,0
391175,0
391176,0
391177,0
391178,0
391179,0
391180,0
391181,0
391182,0
391183,0
391184,0
391185,0
391186,0
391187,0
391188,0
391189,0
391190,0
391191,0
391192,0
391193,0
391194,0
391195,0
391196,0
391197,0
391198,0
391199,0
391200,0
391201,0
391202,0
391203,0
391204,0
391205,0
391206,0
391207,0
391208,0
391209,0
391210,0
391211,0
391212,0
391213,0
391214,0
391215,0
391216,0
391217,0
391218,0
391219,0
391220,0
391221,0
391222,0
391223,0
391224,0
391225,0
391226,0
391227,0
391228,0
391229,0
391230,0
391231,0
391232,0
391233,0
391234,0
391235,0
391236,0
391237,0
391238,0
391239,0
391240,0
391241,0
391242,0
391243,0
391244,0
391245,0
391246,0
391247,0
391248,0
391249,0
391250,0
391251,0
391252,0
391253,0
391254,0
391255,0
391256,0
391257,0
391258,0
391259,0
391260,0
391261,0
391262,0
391263,0
391264,0
391265,0
391266,0
391267,0
391268,0
391269,0
391270,0
391271,0
391272,0
391273,0
391274,0
391275,0
391276,0
391277,0
391278,0
391279,0
391280,0
391281,0
391282,0
391283,0
391284,0
391285,0
391286,0
391287,0
391288,0
391289,0
391290,0
391291,0
391292,0
391293,0
391294,0
391295,0
391296,0
391297,0
391298,0
391299,0
391300,0
391301,0
391302,0
391303,0
391304,0
391305,0
391306,0
391307,0
391308,0
391309,0
391310,0
391311,0
391312,0
391313,0
391314,0
391315,0
391316,0
391317,0
391318,0
391319,0
391320,0
391321,0
391322,0
391323,0
391324,0
391325,0
391326,0
391327,0
391328,0
391329,0
391330,0
391331,0
391332,0
391333,0
391334,0
391335,0
391336,0
391337,0
391338,0
391339,0
391340,0
391341,0
391342,0
391343,0
391344,0
391345,0
391346,0
391347,0
391348,0
391349,0
391350,0
391351,0
391352,0
391353,0
391354,0
391355,0
391356,0
391357,0
391358,0
391359,0
391360,0
391361,0
391362,0
391363,0
391364,0
391365,0
391366,0
391367,0
391368,0
391369,0
391370,0
391371,0
391372,0
391373,0
391374,0
391375,0
391376,0
391377,0
391378,0
391379,0
391380,0
391381,0
391382,0
391383,0
391384,0
391385,0
391386,0
391387,0
391388,0
391389,0
391390,0
391391,0
391392,0
391393,0
391394,0
391395,0
391396,0
391397,0
391398,0
391399,0
391400,0
391401,0
391402,0
391403,0
391404,0
391405,0
391406,0
391407,0
391408,0
391409,0
391410,0
391411,0
391412,0
391413,0
391414,0
391415,0
391416,0
391417,0
391418,0
391419,0
391420,0
391421,0
391422,0
391423,0
391424,0
391425,0
391426,0
391427,0
391428,0
391429,0
391430,0
391431,0
391432,0
391433,0
391434,0
391435,0
391436,0
391437,0
391438,0
391439,0
391440,0
391441,0
391442,0
391443,0
391444,0
391445,0
391446,0
391447,0
391448,0
391449,0
391450,0
391451,0
391452,0
391453,0
391454,0
391455,0
391456,0
391457,0
391458,0
391459,0
391460,0
391461,0
391462,0
391463,0
391464,0
391465,0
391466,0
391467,0
391468,0
391469,0
391470,0
391471,0
391472,0
391473,0
391474,0
391475,0
391476,0
391477,0
391478,0
391479,0
391480,0
391481,0
391482,0
391483,0
391484,0
391485,0
391486,0
391487,0
391488,0
391489,0
391490,0
391491,0
391492,0
391493,0
391494,0
391495,0
391496,0
391497,0
391498,0
391499,0
391500,0
391501,0
391502,0
391503,0
391504,0
391505,0
391506,0
391507,0
391508,0
391509,0
391510,0
391511,0
391512,0
391513,0
391514,0
391515,0
391516,0
391517,0
391518,0
391519,0
391520,0
391521,0
391522,0
391523,0
391524,0
391525,0
391526,0
391527,0
391528,0
391529,0
391530,0
391531,0
391532,0
391533,0
391534,0
391535,0
391536,0
391537,0
391538,0
391539,0
391540,0
391541,0
391542,0
391543,0
391544,0
391545,0
391546,0
391547,0
391548,0
391549,0
391550,0
391551,0
391552,0
391553,0
391554,0
391555,0
391556,0
391557,0
391558,0
391559,0
391560,0
391561,0
391562,0
391563,0
391564,0
391565,0
391566,0
391567,0
391568,0
391569,0
391570,0
391571,0
391572,0
391573,0
391574,0
391575,0
391576,0
391577,0
391578,0
391579,0
391580,0
391581,0
391582,0
391583,0
391584,0
391585,0
391586,0
391587,0
391588,0
391589,0
391590,0
391591,0
391592,0
391593,0
391594,0
391595,0
391596,0
391597,0
391598,0
391599,0
391600,0
391601,0
391602,0
391603,0
391604,0
391605,0
391606,0
391607,0
391608,0
391609,0
391610,0
391611,0
391612,0
391613,0
391614,0
391615,0
391616,0
391617,0
391618,0
391619,0
391620,0
391621,0
391622,0
391623,0
391624,0
391625,0
391626,0
391627,0
391628,0
391629,0
391630,0
391631,0
391632,0
391633,0
391634,0
391635,0
391636,0
391637,0
391638,0
391639,0
391640,0
391641,0
391642,0
391643,0
391644,0
391645,0
391646,0
391647,0
391648,0
391649,0
391650,0
391651,0
391652,0
391653,0
391654,0
391655,0
391656,0
391657,0
391658,0
391659,0
391660,0
391661,0
391662,0
391663,0
391664,0
391665,0
391666,0
391667,0
391668,0
391669,0
391670,0
391671,0
391672,0
391673,0
391674,0
391675,0
391676,0
391677,0
391678,0
391679,0
391680,0
391681,0
391682,0
391683,0
391684,0
391685,0
391686,0
391687,0
391688,0
391689,0
391690,0
391691,0
391692,0
391693,0
391694,0
391695,0
391696,0
391697,0
391698,0
391699,0
391700,0
391701,0
391702,0
391703,0
391704,0
391705,0
391706,0
391707,0
391708,0
391709,0
391710,0
391711,0
391712,0
391713,0
391714,0
391715,0
391716,0
391717,0
391718,0
391719,0
391720,0
391721,0
391722,0
391723,0
391724,0
391725,0
391726,0
391727,0
391728,0
391729,0
391730,0
391731,0
391732,0
391733,0
391734,0
391735,0
391736,0
391737,0
391738,0
391739,0
391740,0
391741,0
391742,0
391743,0
391744,0
391745,0
391746,0
391747,0
391748,0
391749,0
391750,0
391751,0
391752,0
391753,0
391754,0
391755,0
391756,0
391757,0
391758,0
391759,0
391760,0
391761,0
391762,0
391763,0
391764,0
391765,0
391766,0
391767,0
391768,0
391769,0
391770,0
391771,0
391772,0
391773,0
391774,0
391775,0
391776,0
391777,0
391778,0
391779,0
391780,0
391781,0
391782,0
391783,0
391784,0
391785,0
391786,0
391787,0
391788,0
391789,0
391790,0
391791,0
391792,0
391793,0
391794,0
391795,0
391796,0
391797,0
391798,0
391799,0
391800,0
391801,0
391802,0
391803,0
391804,0
391805,0
391806,0
391807,0
391808,0
391809,0
391810,0
391811,0
391812,0
391813,0
391814,0
391815,0
391816,0
391817,0
391818,0
391819,0
391820,0
391821,0
391822,0
391823,0
391824,0
391825,0
391826,0
391827,0
391828,0
391829,0
391830,0
391831,0
391832,0
391833,0
391834,0
391835,0
391836,0
391837,0
391838,0
391839,0
391840,0
391841,0
391842,0
391843,0
391844,0
391845,0
391846,0
391847,0
391848,0
391849,0
391850,0
391851,0
391852,0
391853,0
391854,0
391855,0
391856,0
391857,0
391858,0
391859,0
391860,0
391861,0
391862,0
391863,0
391864,0
391865,0
391866,0
391867,0
391868,0
391869,0
391870,0
391871,0
391872,0
391873,0
391874,0
391875,0
391876,0
391877,0
391878,0
391879,0
391880,0
391881,0
391882,0
391883,0
391884,0
391885,0
391886,0
391887,0
391888,0
391889,0
391890,0
391891,0
391892,0
391893,0
391894,0
391895,0
391896,0
391897,0
391898,0
391899,0
391900,0
391901,0
391902,0
391903,0
391904,0
391905,0
391906,0
391907,0
391908,0
391909,0
391910,0
391911,0
391912,0
391913,0
391914,0
391915,0
391916,0
391917,0
391918,0
391919,0
391920,0
391921,0
391922,0
391923,0
391924,0
391925,0
391926,0
391927,0
391928,0
391929,0
391930,0
391931,0
391932,0
391933,0
391934,0
391935,0
391936,0
391937,0
391938,0
391939,0
391940,0
391941,0
391942,0
391943,0
391944,0
391945,0
391946,0
391947,0
391948,0
391949,0
391950,0
391951,0
391952,0
391953,0
391954,0
391955,0
391956,0
391957,0
391958,0
391959,0
391960,0
391961,0
391962,0
391963,0
391964,0
391965,0
391966,0
391967,0
391968,0
391969,0
391970,0
391971,0
391972,0
391973,0
391974,0
391975,0
391976,0
391977,0
391978,0
391979,0
391980,0
391981,0
391982,0
391983,0
391984,0
391985,0
391986,0
391987,0
391988,0
391989,0
391990,0
391991,0
391992,0
391993,0
391994,0
391995,0
391996,0
391997,0
391998,0
391999,0
392000,0
392001,0
392002,0
392003,0
392004,0
392005,0
392006,0
392007,0
392008,0
392009,0
392010,0
392011,0
392012,0
392013,0
392014,0
392015,0
392016,0
392017,0
392018,0
392019,0
392020,0
392021,0
392022,0
392023,0
392024,0
392025,0
392026,0
392027,0
392028,0
392029,0
392030,0
392031,0
392032,0
392033,0
392034,0
392035,0
392036,0
392037,0
392038,0
392039,0
392040,0
392041,0
392042,0
392043,0
392044,0
392045,0
392046,0
392047,0
392048,0
392049,0
392050,0
392051,0
392052,0
392053,0
392054,0
392055,0
392056,0
392057,0
392058,0
392059,0
392060,0
392061,0
392062,0
392063,0
392064,0
392065,0
392066,0
392067,0
392068,0
392069,0
392070,0
392071,0
392072,0
392073,0
392074,0
392075,0
392076,0
392077,0
392078,0
392079,0
392080,0
392081,0
392082,0
392083,0
392084,0
392085,0
392086,0
392087,0
392088,0
392089,0
392090,0
392091,0
392092,0
392093,0
392094,0
392095,0
392096,0
392097,0
392098,0
392099,0
392100,0
392101,0
392102,0
392103,0
392104,0
392105,0
392106,0
392107,0
392108,0
392109,0
392110,0
392111,0
392112,0
392113,0
392114,0
392115,0
392116,0
392117,0
392118,0
392119,0
392120,0
392121,0
392122,0
392123,0
392124,0
392125,0
392126,0
392127,0
392128,0
392129,0
392130,0
392131,0
392132,0
392133,0
392134,0
392135,0
392136,0
392137,0
392138,0
392139,0
392140,0
392141,0
392142,0
392143,0
392144,0
392145,0
392146,0
392147,0
392148,0
392149,0
392150,0
392151,0
392152,0
392153,0
392154,0
392155,0
392156,0
392157,0
392158,0
392159,0
392160,0
392161,0
392162,0
392163,0
392164,0
392165,0
392166,0
392167,0
392168,0
392169,0
392170,0
392171,0
392172,0
392173,0
392174,0
392175,0
392176,0
392177,0
392178,0
392179,0
392180,0
392181,0
392182,0
392183,0
392184,0
392185,0
392186,0
392187,0
392188,0
392189,0
392190,0
392191,0
392192,0
392193,0
392194,0
392195,0
392196,0
392197,0
392198,0
392199,0
392200,0
392201,0
392202,0
392203,0
392204,0
392205,0
392206,0
392207,0
392208,0
392209,0
392210,0
392211,0
392212,0
392213,0
392214,0
392215,0
392216,0
392217,0
392218,0
392219,0
392220,0
392221,0
392222,0
392223,0
392224,0
392225,0
392226,0
392227,0
392228,0
392229,0
392230,0
392231,0
392232,0
392233,0
392234,0
392235,0
392236,0
392237,0
392238,0
392239,0
392240,0
392241,0
392242,0
392243,0
392244,0
392245,0
392246,0
392247,0
392248,0
392249,0
392250,0
392251,0
392252,0
392253,0
392254,0
392255,0
392256,0
392257,0
392258,0
392259,0
392260,0
392261,0
392262,0
392263,0
392264,0
392265,0
392266,0
392267,0
392268,0
392269,0
392270,0
392271,0
392272,0
392273,0
392274,0
392275,0
392276,0
392277,0
392278,0
392279,0
392280,0
392281,0
392282,0
392283,0
392284,0
392285,0
392286,0
392287,0
392288,0
392289,0
392290,0
392291,0
392292,0
392293,0
392294,0
392295,0
392296,0
392297,0
392298,0
392299,0
392300,0
392301,0
392302,0
392303,0
392304,0
392305,0
392306,0
392307,0
392308,0
392309,0
392310,0
392311,0
392312,0
392313,0
392314,0
392315,0
392316,0
392317,0
392318,0
392319,0
392320,0
392321,0
392322,0
392323,0
392324,0
392325,0
392326,0
392327,0
392328,0
392329,0
392330,0
392331,0
392332,0
392333,0
392334,0
392335,0
392336,0
392337,0
392338,0
392339,0
392340,0
392341,0
392342,0
392343,0
392344,0
392345,0
392346,0
392347,0
392348,0
392349,0
392350,0
392351,0
392352,0
392353,0
392354,0
392355,0
392356,0
392357,0
392358,0
392359,0
392360,0
392361,0
392362,0
392363,0
392364,0
392365,0
392366,0
392367,0
392368,0
392369,0
392370,0
392371,0
392372,0
392373,0
392374,0
392375,0
392376,0
392377,0
392378,0
392379,0
392380,0
392381,0
392382,0
392383,0
392384,0
392385,0
392386,0
392387,0
392388,0
392389,0
392390,0
392391,0
392392,0
392393,0
392394,0
392395,0
392396,0
392397,0
392398,0
392399,0
392400,0
392401,0
392402,0
392403,0
392404,0
392405,0
392406,0
392407,0
392408,0
392409,0
392410,0
392411,0
392412,0
392413,0
392414,0
392415,0
392416,0
392417,0
392418,0
392419,0
392420,0
392421,0
392422,0
392423,0
392424,0
392425,0
392426,0
392427,0
392428,0
392429,0
392430,0
392431,0
392432,0
392433,0
392434,0
392435,0
392436,0
392437,0
392438,0
392439,0
392440,0
392441,0
392442,0
392443,0
392444,0
392445,0
392446,0
392447,0
392448,0
392449,0
392450,0
392451,0
392452,0
392453,0
392454,0
392455,0
392456,0
392457,0
392458,0
392459,0
392460,0
392461,0
392462,0
392463,0
392464,0
392465,0
392466,0
392467,0
392468,0
392469,0
392470,0
392471,0
392472,0
392473,0
392474,0
392475,0
392476,0
392477,0
392478,0
392479,0
392480,0
392481,0
392482,0
392483,0
392484,0
392485,0
392486,0
392487,0
392488,0
392489,0
392490,0
392491,0
392492,0
392493,0
392494,0
392495,0
392496,0
392497,0
392498,0
392499,0
392500,0
392501,0
392502,0
392503,0
392504,0
392505,0
392506,0
392507,0
392508,0
392509,0
392510,0
392511,0
392512,0
392513,0
392514,0
392515,0
392516,0
392517,0
392518,0
392519,0
392520,0
392521,0
392522,0
392523,0
392524,0
392525,0
392526,0
392527,0
392528,0
392529,0
392530,0
392531,0
392532,0
392533,0
392534,0
392535,0
392536,0
392537,0
392538,0
392539,0
392540,0
392541,0
392542,0
392543,0
392544,0
392545,0
392546,0
392547,0
392548,0
392549,0
392550,0
392551,0
392552,0
392553,0
392554,0
392555,0
392556,0
392557,0
392558,0
392559,0
392560,0
392561,0
392562,0
392563,0
392564,0
392565,0
392566,0
392567,0
392568,0
392569,0
392570,0
392571,0
392572,0
392573,0
392574,0
392575,0
392576,0
392577,0
392578,0
392579,0
392580,0
392581,0
392582,0
392583,0
392584,0
392585,0
392586,0
392587,0
392588,0
392589,0
392590,0
392591,0
392592,0
392593,0
392594,0
392595,0
392596,0
392597,0
392598,0
392599,0
392600,0
392601,0
392602,0
392603,0
392604,0
392605,0
392606,0
392607,0
392608,0
392609,0
392610,0
392611,0
392612,0
392613,0
392614,0
392615,0
392616,0
392617,0
392618,0
392619,0
392620,0
392621,0
392622,0
392623,0
392624,0
392625,0
392626,0
392627,0
392628,0
392629,0
392630,0
392631,0
392632,0
392633,0
392634,0
392635,0
392636,0
392637,0
392638,0
392639,0
392640,0
392641,0
392642,0
392643,0
392644,0
392645,0
392646,0
392647,0
392648,0
392649,0
392650,0
392651,0
392652,0
392653,0
392654,0
392655,0
392656,0
392657,0
392658,0
392659,0
392660,0
392661,0
392662,0
392663,0
392664,0
392665,0
392666,0
392667,0
392668,0
392669,0
392670,0
392671,0
392672,0
392673,0
392674,0
392675,0
392676,0
392677,0
392678,0
392679,0
392680,0
392681,0
392682,0
392683,0
392684,0
392685,0
392686,0
392687,0
392688,0
392689,0
392690,0
392691,0
392692,0
392693,0
392694,0
392695,0
392696,0
392697,0
392698,0
392699,0
392700,0
392701,0
392702,0
392703,0
392704,0
392705,0
392706,0
392707,0
392708,0
392709,0
392710,0
392711,0
392712,0
392713,0
392714,0
392715,0
392716,0
392717,0
392718,0
392719,0
392720,0
392721,0
392722,0
392723,0
392724,0
392725,0
392726,0
392727,0
392728,0
392729,0
392730,0
392731,0
392732,0
392733,0
392734,0
392735,0
392736,0
392737,0
392738,0
392739,0
392740,0
392741,0
392742,0
392743,0
392744,0
392745,0
392746,0
392747,0
392748,0
392749,0
392750,0
392751,0
392752,0
392753,0
392754,0
392755,0
392756,0
392757,0
392758,0
392759,0
392760,0
392761,0
392762,0
392763,0
392764,0
392765,0
392766,0
392767,0
392768,0
392769,0
392770,0
392771,0
392772,0
392773,0
392774,0
392775,0
392776,0
392777,0
392778,0
392779,0
392780,0
392781,0
392782,0
392783,0
392784,0
392785,0
392786,0
392787,0
392788,0
392789,0
392790,0
392791,0
392792,0
392793,0
392794,0
392795,0
392796,0
392797,0
392798,0
392799,0
392800,0
392801,0
392802,0
392803,0
392804,0
392805,0
392806,0
392807,0
392808,0
392809,0
392810,0
392811,0
392812,0
392813,0
392814,0
392815,0
392816,0
392817,0
392818,0
392819,0
392820,0
392821,0
392822,0
392823,0
392824,0
392825,0
392826,0
392827,0
392828,0
392829,0
392830,0
392831,0
392832,0
392833,0
392834,0
392835,0
392836,0
392837,0
392838,0
392839,0
392840,0
392841,0
392842,0
392843,0
392844,0
392845,0
392846,0
392847,0
392848,0
392849,0
392850,0
392851,0
392852,0
392853,0
392854,0
392855,0
392856,0
392857,0
392858,0
392859,0
392860,0
392861,0
392862,0
392863,0
392864,0
392865,0
392866,0
392867,0
392868,0
392869,0
392870,0
392871,0
392872,0
392873,0
392874,0
392875,0
392876,0
392877,0
392878,0
392879,0
392880,0
392881,0
392882,0
392883,0
392884,0
392885,0
392886,0
392887,0
392888,0
392889,0
392890,0
392891,0
392892,0
392893,0
392894,0
392895,0
392896,0
392897,0
392898,0
392899,0
392900,0
392901,0
392902,0
392903,0
392904,0
392905,0
392906,0
392907,0
392908,0
392909,0
392910,0
392911,0
392912,0
392913,0
392914,0
392915,0
392916,0
392917,0
392918,0
392919,0
392920,0
392921,0
392922,0
392923,0
392924,0
392925,0
392926,0
392927,0
392928,0
392929,0
392930,0
392931,0
392932,0
392933,0
392934,0
392935,0
392936,0
392937,0
392938,0
392939,0
392940,0
392941,0
392942,0
392943,0
392944,0
392945,0
392946,0
392947,0
392948,0
392949,0
392950,0
392951,0
392952,0
392953,0
392954,0
392955,0
392956,0
392957,0
392958,0
392959,0
392960,0
392961,0
392962,0
392963,0
392964,0
392965,0
392966,0
392967,0
392968,0
392969,0
392970,0
392971,0
392972,0
392973,0
392974,0
392975,0
392976,0
392977,0
392978,0
392979,0
392980,0
392981,0
392982,0
392983,0
392984,0
392985,0
392986,0
392987,0
392988,0
392989,0
392990,0
392991,0
392992,0
392993,0
392994,0
392995,0
392996,0
392997,0
392998,0
392999,0
393000,0
393001,0
393002,0
393003,0
393004,0
393005,0
393006,0
393007,0
393008,0
393009,0
393010,0
393011,0
393012,0
393013,0
393014,0
393015,0
393016,0
393017,0
393018,0
393019,0
393020,0
393021,0
393022,0
393023,0
393024,0
393025,0
393026,0
393027,0
393028,0
393029,0
393030,0
393031,0
393032,0
393033,0
393034,0
393035,0
393036,0
393037,0
393038,0
393039,0
393040,0
393041,0
393042,0
393043,0
393044,0
393045,0
393046,0
393047,0
393048,0
393049,0
393050,0
393051,0
393052,0
393053,0
393054,0
393055,0
393056,0
393057,0
393058,0
393059,0
393060,0
393061,0
393062,0
393063,0
393064,0
393065,0
393066,0
393067,0
393068,0
393069,0
393070,0
393071,0
393072,0
393073,0
393074,0
393075,0
393076,0
393077,0
393078,0
393079,0
393080,0
393081,0
393082,0
393083,0
393084,0
393085,0
393086,0
393087,0
393088,0
393089,0
393090,0
393091,0
393092,0
393093,0
393094,0
393095,0
393096,0
393097,0
393098,0
393099,0
393100,0
393101,0
393102,0
393103,0
393104,0
393105,0
393106,0
393107,0
393108,0
393109,0
393110,0
393111,0
393112,0
393113,0
393114,0
393115,0
393116,0
393117,0
393118,0
393119,0
393120,0
393121,0
393122,0
393123,0
393124,0
393125,0
393126,0
393127,0
393128,0
393129,0
393130,0
393131,0
393132,0
393133,0
393134,0
393135,0
393136,0
393137,0
393138,0
393139,0
393140,0
393141,0
393142,0
393143,0
393144,0
393145,0
393146,0
393147,0
393148,0
393149,0
393150,0
393151,0
393152,0
393153,0
393154,0
393155,0
393156,0
393157,0
393158,0
393159,0
393160,0
393161,0
393162,0
393163,0
393164,0
393165,0
393166,0
393167,0
393168,0
393169,0
393170,0
393171,0
393172,0
393173,0
393174,0
393175,0
393176,0
393177,0
393178,0
393179,0
393180,0
393181,0
393182,0
393183,0
393184,0
393185,0
393186,0
393187,0
393188,0
393189,0
393190,0
393191,0
393192,0
393193,0
393194,0
393195,0
393196,0
393197,0
393198,0
393199,0
393200,0
393201,0
393202,0
393203,0
393204,0
393205,0
393206,0
393207,0
393208,0
393209,0
393210,0
393211,0
393212,0
393213,0
393214,0
393215,0
393216,0
393217,0
393218,0
393219,0
393220,0
393221,0
393222,0
393223,0
393224,0
393225,0
393226,0
393227,0
393228,0
393229,0
393230,0
393231,0
393232,0
393233,0
393234,0
393235,0
393236,0
393237,0
393238,0
393239,0
393240,0
393241,0
393242,0
393243,0
393244,0
393245,0
393246,0
393247,0
393248,0
393249,0
393250,0
393251,0
393252,0
393253,0
393254,0
393255,0
393256,0
393257,0
393258,0
393259,0
393260,0
393261,0
393262,0
393263,0
393264,0
393265,0
393266,0
393267,0
393268,0
393269,0
393270,0
393271,0
393272,0
393273,0
393274,0
393275,0
393276,0
393277,0
393278,0
393279,0
393280,0
393281,0
393282,0
393283,0
393284,0
393285,0
393286,0
393287,0
393288,0
393289,0
393290,0
393291,0
393292,0
393293,0
393294,0
393295,0
393296,0
393297,0
393298,0
393299,0
393300,0
393301,0
393302,0
393303,0
393304,0
393305,0
393306,0
393307,0
393308,0
393309,0
393310,0
393311,0
393312,0
393313,0
393314,0
393315,0
393316,0
393317,0
393318,0
393319,0
393320,0
393321,0
393322,0
393323,0
393324,0
393325,0
393326,0
393327,0
393328,0
393329,0
393330,0
393331,0
393332,0
393333,0
393334,0
393335,0
393336,0
393337,0
393338,0
393339,0
393340,0
393341,0
393342,0
393343,0
393344,0
393345,0
393346,0
393347,0
393348,0
393349,0
393350,0
393351,0
393352,0
393353,0
393354,0
393355,0
393356,0
393357,0
393358,0
393359,0
393360,0
393361,0
393362,0
393363,0
393364,0
393365,0
393366,0
393367,0
393368,0
393369,0
393370,0
393371,0
393372,0
393373,0
393374,0
393375,0
393376,0
393377,0
393378,0
393379,0
393380,0
393381,0
393382,0
393383,0
393384,0
393385,0
393386,0
393387,0
393388,0
393389,0
393390,0
393391,0
393392,0
393393,0
393394,0
393395,0
393396,0
393397,0
393398,0
393399,0
393400,0
393401,0
393402,0
393403,0
393404,0
393405,0
393406,0
393407,0
393408,0
393409,0
393410,0
393411,0
393412,0
393413,0
393414,0
393415,0
393416,0
393417,0
393418,0
393419,0
393420,0
393421,0
393422,0
393423,0
393424,0
393425,0
393426,0
393427,0
393428,0
393429,0
393430,0
393431,0
393432,0
393433,0
393434,0
393435,0
393436,0
393437,0
393438,0
393439,0
393440,0
393441,0
393442,0
393443,0
393444,0
393445,0
393446,0
393447,0
393448,0
393449,0
393450,0
393451,0
393452,0
393453,0
393454,0
393455,0
393456,0
393457,0
393458,0
393459,0
393460,0
393461,0
393462,0
393463,0
393464,0
393465,0
393466,0
393467,0
393468,0
393469,0
393470,0
393471,0
393472,0
393473,0
393474,0
393475,0
393476,0
393477,0
393478,0
393479,0
393480,0
393481,0
393482,0
393483,0
393484,0
393485,0
393486,0
393487,0
393488,0
393489,0
393490,0
393491,0
393492,0
393493,0
393494,0
393495,0
393496,0
393497,0
393498,0
393499,0
393500,0
393501,0
393502,0
393503,0
393504,0
393505,0
393506,0
393507,0
393508,0
393509,0
393510,0
393511,0
393512,0
393513,0
393514,0
393515,0
393516,0
393517,0
393518,0
393519,0
393520,0
393521,0
393522,0
393523,0
393524,0
393525,0
393526,0
393527,0
393528,0
393529,0
393530,0
393531,0
393532,0
393533,0
393534,0
393535,0
393536,0
393537,0
393538,0
393539,0
393540,0
393541,0
393542,0
393543,0
393544,0
393545,0
393546,0
393547,0
393548,0
393549,0
393550,0
393551,0
393552,0
393553,0
393554,0
393555,0
393556,0
393557,0
393558,0
393559,0
393560,0
393561,0
393562,0
393563,0
393564,0
393565,0
393566,0
393567,0
393568,0
393569,0
393570,0
393571,0
393572,0
393573,0
393574,0
393575,0
393576,0
393577,0
393578,0
393579,0
393580,0
393581,0
393582,0
393583,0
393584,0
393585,0
393586,0
393587,0
393588,0
393589,0
393590,0
393591,0
393592,0
393593,0
393594,0
393595,0
393596,0
393597,0
393598,0
393599,0
393600,0
393601,0
393602,0
393603,0
393604,0
393605,0
393606,0
393607,0
393608,0
393609,0
393610,0
393611,0
393612,0
393613,0
393614,0
393615,0
393616,0
393617,0
393618,0
393619,0
393620,0
393621,0
393622,0
393623,0
393624,0
393625,0
393626,0
393627,0
393628,0
393629,0
393630,0
393631,0
393632,0
393633,0
393634,0
393635,0
393636,0
393637,0
393638,0
393639,0
393640,0
393641,0
393642,0
393643,0
393644,0
393645,0
393646,0
393647,0
393648,0
393649,0
393650,0
393651,0
393652,0
393653,0
393654,0
393655,0
393656,0
393657,0
393658,0
393659,0
393660,0
393661,0
393662,0
393663,0
393664,0
393665,0
393666,0
393667,0
393668,0
393669,0
393670,0
393671,0
393672,0
393673,0
393674,0
393675,0
393676,0
393677,0
393678,0
393679,0
393680,0
393681,0
393682,0
393683,0
393684,0
393685,0
393686,0
393687,0
393688,0
393689,0
393690,0
393691,0
393692,0
393693,0
393694,0
393695,0
393696,0
393697,0
393698,0
393699,0
393700,0
393701,0
393702,0
393703,0
393704,0
393705,0
393706,0
393707,0
393708,0
393709,0
393710,0
393711,0
393712,0
393713,0
393714,0
393715,0
393716,0
393717,0
393718,0
393719,0
393720,0
393721,0
393722,0
393723,0
393724,0
393725,0
393726,0
393727,0
393728,0
393729,0
393730,0
393731,0
393732,0
393733,0
393734,0
393735,0
393736,0
393737,0
393738,0
393739,0
393740,0
393741,0
393742,0
393743,0
393744,0
393745,0
393746,0
393747,0
393748,0
393749,0
393750,0
393751,0
393752,0
393753,0
393754,0
393755,0
393756,0
393757,0
393758,0
393759,0
393760,0
393761,0
393762,0
393763,0
393764,0
393765,0
393766,0
393767,0
393768,0
393769,0
393770,0
393771,0
393772,0
393773,0
393774,0
393775,0
393776,0
393777,0
393778,0
393779,0
393780,0
393781,0
393782,0
393783,0
393784,0
393785,0
393786,0
393787,0
393788,0
393789,0
393790,0
393791,0
393792,0
393793,0
393794,0
393795,0
393796,0
393797,0
393798,0
393799,0
393800,0
393801,0
393802,0
393803,0
393804,0
393805,0
393806,0
393807,0
393808,0
393809,0
393810,0
393811,0
393812,0
393813,0
393814,0
393815,0
393816,0
393817,0
393818,0
393819,0
393820,0
393821,0
393822,0
393823,0
393824,0
393825,0
393826,0
393827,0
393828,0
393829,0
393830,0
393831,0
393832,0
393833,0
393834,0
393835,0
393836,0
393837,0
393838,0
393839,0
393840,0
393841,0
393842,0
393843,0
393844,0
393845,0
393846,0
393847,0
393848,0
393849,0
393850,0
393851,0
393852,0
393853,0
393854,0
393855,0
393856,0
393857,0
393858,0
393859,0
393860,0
393861,0
393862,0
393863,0
393864,0
393865,0
393866,0
393867,0
393868,0
393869,0
393870,0
393871,0
393872,0
393873,0
393874,0
393875,0
393876,0
393877,0
393878,0
393879,0
393880,0
393881,0
393882,0
393883,0
393884,0
393885,0
393886,0
393887,0
393888,0
393889,0
393890,0
393891,0
393892,0
393893,0
393894,0
393895,0
393896,0
393897,0
393898,0
393899,0
393900,0
393901,0
393902,0
393903,0
393904,0
393905,0
393906,0
393907,0
393908,0
393909,0
393910,0
393911,0
393912,0
393913,0
393914,0
393915,0
393916,0
393917,0
393918,0
393919,0
393920,0
393921,0
393922,0
393923,0
393924,0
393925,0
393926,0
393927,0
393928,0
393929,0
393930,0
393931,0
393932,0
393933,0
393934,0
393935,0
393936,0
393937,0
393938,0
393939,0
393940,0
393941,0
393942,0
393943,0
393944,0
393945,0
393946,0
393947,0
393948,0
393949,0
393950,0
393951,0
393952,0
393953,0
393954,0
393955,0
393956,0
393957,0
393958,0
393959,0
393960,0
393961,0
393962,0
393963,0
393964,0
393965,0
393966,0
393967,0
393968,0
393969,0
393970,0
393971,0
393972,0
393973,0
393974,0
393975,0
393976,0
393977,0
393978,0
393979,0
393980,0
393981,0
393982,0
393983,0
393984,0
393985,0
393986,0
393987,0
393988,0
393989,0
393990,0
393991,0
393992,0
393993,0
393994,0
393995,0
393996,0
393997,0
393998,0
393999,0
394000,0
394001,0
394002,0
394003,0
394004,0
394005,0
394006,0
394007,0
394008,0
394009,0
394010,0
394011,0
394012,0
394013,0
394014,0
394015,0
394016,0
394017,0
394018,0
394019,0
394020,0
394021,0
394022,0
394023,0
394024,0
394025,0
394026,0
394027,0
394028,0
394029,0
394030,0
394031,0
394032,0
394033,0
394034,0
394035,0
394036,0
394037,0
394038,0
394039,0
394040,0
394041,0
394042,0
394043,0
394044,0
394045,0
394046,0
394047,0
394048,0
394049,0
394050,0
394051,0
394052,0
394053,0
394054,0
394055,0
394056,0
394057,0
394058,0
394059,0
394060,0
394061,0
394062,0
394063,0
394064,0
394065,0
394066,0
394067,0
394068,0
394069,0
394070,0
394071,0
394072,0
394073,0
394074,0
394075,0
394076,0
394077,0
394078,0
394079,0
394080,0
394081,0
394082,0
394083,0
394084,0
394085,0
394086,0
394087,0
394088,0
394089,0
394090,0
394091,0
394092,0
394093,0
394094,0
394095,0
394096,0
394097,0
394098,0
394099,0
394100,0
394101,0
394102,0
394103,0
394104,0
394105,0
394106,0
394107,0
394108,0
394109,0
394110,0
394111,0
394112,0
394113,0
394114,0
394115,0
394116,0
394117,0
394118,0
394119,0
394120,0
394121,0
394122,0
394123,0
394124,0
394125,0
394126,0
394127,0
394128,0
394129,0
394130,0
394131,0
394132,0
394133,0
394134,0
394135,0
394136,0
394137,0
394138,0
394139,0
394140,0
394141,0
394142,0
394143,0
394144,0
394145,0
394146,0
394147,0
394148,0
394149,0
394150,0
394151,0
394152,0
394153,0
394154,0
394155,0
394156,0
394157,0
394158,0
394159,0
394160,0
394161,0
394162,0
394163,0
394164,0
394165,0
394166,0
394167,0
394168,0
394169,0
394170,0
394171,0
394172,0
394173,0
394174,0
394175,0
394176,0
394177,0
394178,0
394179,0
394180,0
394181,0
394182,0
394183,0
394184,0
394185,0
394186,0
394187,0
394188,0
394189,0
394190,0
394191,0
394192,0
394193,0
394194,0
394195,0
394196,0
394197,0
394198,0
394199,0
394200,0
394201,0
394202,0
394203,0
394204,0
394205,0
394206,0
394207,0
394208,0
394209,0
394210,0
394211,0
394212,0
394213,0
394214,0
394215,0
394216,0
394217,0
394218,0
394219,0
394220,0
394221,0
394222,0
394223,0
394224,0
394225,0
394226,0
394227,0
394228,0
394229,0
394230,0
394231,0
394232,0
394233,0
394234,0
394235,0
394236,0
394237,0
394238,0
394239,0
394240,0
394241,0
394242,0
394243,0
394244,0
394245,0
394246,0
394247,0
394248,0
394249,0
394250,0
394251,0
394252,0
394253,0
394254,0
394255,0
394256,0
394257,0
394258,0
394259,0
394260,0
394261,0
394262,0
394263,0
394264,0
394265,0
394266,0
394267,0
394268,0
394269,0
394270,0
394271,0
394272,0
394273,0
394274,0
394275,0
394276,0
394277,0
394278,0
394279,0
394280,0
394281,0
394282,0
394283,0
394284,0
394285,0
394286,0
394287,0
394288,0
394289,0
394290,0
394291,0
394292,0
394293,0
394294,0
394295,0
394296,0
394297,0
394298,0
394299,0
394300,0
394301,0
394302,0
394303,0
394304,0
394305,0
394306,0
394307,0
394308,0
394309,0
394310,0
394311,0
394312,0
394313,0
394314,0
394315,0
394316,0
394317,0
394318,0
394319,0
394320,0
394321,0
394322,0
394323,0
394324,0
394325,0
394326,0
394327,0
394328,0
394329,0
394330,0
394331,0
394332,0
394333,0
394334,0
394335,0
394336,0
394337,0
394338,0
394339,0
394340,0
394341,0
394342,0
394343,0
394344,0
394345,0
394346,0
394347,0
394348,0
394349,0
394350,0
394351,0
394352,0
394353,0
394354,0
394355,0
394356,0
394357,0
394358,0
394359,0
394360,0
394361,0
394362,0
394363,0
394364,0
394365,0
394366,0
394367,0
394368,0
394369,0
394370,0
394371,0
394372,0
394373,0
394374,0
394375,0
394376,0
394377,0
394378,0
394379,0
394380,0
394381,0
394382,0
394383,0
394384,0
394385,0
394386,0
394387,0
394388,0
394389,0
394390,0
394391,0
394392,0
394393,0
394394,0
394395,0
394396,0
394397,0
394398,0
394399,0
394400,0
394401,0
394402,0
394403,0
394404,0
394405,0
394406,0
394407,0
394408,0
394409,0
394410,0
394411,0
394412,0
394413,0
394414,0
394415,0
394416,0
394417,0
394418,0
394419,0
394420,0
394421,0
394422,0
394423,0
394424,0
394425,0
394426,0
394427,0
394428,0
394429,0
394430,0
394431,0
394432,0
394433,0
394434,0
394435,0
394436,0
394437,0
394438,0
394439,0
394440,0
394441,0
394442,0
394443,0
394444,0
394445,0
394446,0
394447,0
394448,0
394449,0
394450,0
394451,0
394452,0
394453,0
394454,0
394455,0
394456,0
394457,0
394458,0
394459,0
394460,0
394461,0
394462,0
394463,0
394464,0
394465,0
394466,0
394467,0
394468,0
394469,0
394470,0
394471,0
394472,0
394473,0
394474,0
394475,0
394476,0
394477,0
394478,0
394479,0
394480,0
394481,0
394482,0
394483,0
394484,0
394485,0
394486,0
394487,0
394488,0
394489,0
394490,0
394491,0
394492,0
394493,0
394494,0
394495,0
394496,0
394497,0
394498,0
394499,0
394500,0
394501,0
394502,0
394503,0
394504,0
394505,0
394506,0
394507,0
394508,0
394509,0
394510,0
394511,0
394512,0
394513,0
394514,0
394515,0
394516,0
394517,0
394518,0
394519,0
394520,0
394521,0
394522,0
394523,0
394524,0
394525,0
394526,0
394527,0
394528,0
394529,0
394530,0
394531,0
394532,0
394533,0
394534,0
394535,0
394536,0
394537,0
394538,0
394539,0
394540,0
394541,0
394542,0
394543,0
394544,0
394545,0
394546,0
394547,0
394548,0
394549,0
394550,0
394551,0
394552,0
394553,0
394554,0
394555,0
394556,0
394557,0
394558,0
394559,0
394560,0
394561,0
394562,0
394563,0
394564,0
394565,0
394566,0
394567,0
394568,0
394569,0
394570,0
394571,0
394572,0
394573,0
394574,0
394575,0
394576,0
394577,0
394578,0
394579,0
394580,0
394581,0
394582,0
394583,0
394584,0
394585,0
394586,0
394587,0
394588,0
394589,0
394590,0
394591,0
394592,0
394593,0
394594,0
394595,0
394596,0
394597,0
394598,0
394599,0
394600,0
394601,0
394602,0
394603,0
394604,0
394605,0
394606,0
394607,0
394608,0
394609,0
394610,0
394611,0
394612,0
394613,0
394614,0
394615,0
394616,0
394617,0
394618,0
394619,0
394620,0
394621,0
394622,0
394623,0
394624,0
394625,0
394626,0
394627,0
394628,0
394629,0
394630,0
394631,0
394632,0
394633,0
394634,0
394635,0
394636,0
394637,0
394638,0
394639,0
394640,0
394641,0
394642,0
394643,0
394644,0
394645,0
394646,0
394647,0
394648,0
394649,0
394650,0
394651,0
394652,0
394653,0
394654,0
394655,0
394656,0
394657,0
394658,0
394659,0
394660,0
394661,0
394662,0
394663,0
394664,0
394665,0
394666,0
394667,0
394668,0
394669,0
394670,0
394671,0
394672,0
394673,0
394674,0
394675,0
394676,0
394677,0
394678,0
394679,0
394680,0
394681,0
394682,0
394683,0
394684,0
394685,0
394686,0
394687,0
394688,0
394689,0
394690,0
394691,0
394692,0
394693,0
394694,0
394695,0
394696,0
394697,0
394698,0
394699,0
394700,0
394701,0
394702,0
394703,0
394704,0
394705,0
394706,0
394707,0
394708,0
394709,0
394710,0
394711,0
394712,0
394713,0
394714,0
394715,0
394716,0
394717,0
394718,0
394719,0
394720,0
394721,0
394722,0
394723,0
394724,0
394725,0
394726,0
394727,0
394728,0
394729,0
394730,0
394731,0
394732,0
394733,0
394734,0
394735,0
394736,0
394737,0
394738,0
394739,0
394740,0
394741,0
394742,0
394743,0
394744,0
394745,0
394746,0
394747,0
394748,0
394749,0
394750,0
394751,0
394752,0
394753,0
394754,0
394755,0
394756,0
394757,0
394758,0
394759,0
394760,0
394761,0
394762,0
394763,0
394764,0
394765,0
394766,0
394767,0
394768,0
394769,0
394770,0
394771,0
394772,0
394773,0
394774,0
394775,0
394776,0
394777,0
394778,0
394779,0
394780,0
394781,0
394782,0
394783,0
394784,0
394785,0
394786,0
394787,0
394788,0
394789,0
394790,0
394791,0
394792,0
394793,0
394794,0
394795,0
394796,0
394797,0
394798,0
394799,0
394800,0
394801,0
394802,0
394803,0
394804,0
394805,0
394806,0
394807,0
394808,0
394809,0
394810,0
394811,0
394812,0
394813,0
394814,0
394815,0
394816,0
394817,0
394818,0
394819,0
394820,0
394821,0
394822,0
394823,0
394824,0
394825,0
394826,0
394827,0
394828,0
394829,0
394830,0
394831,0
394832,0
394833,0
394834,0
394835,0
394836,0
394837,0
394838,0
394839,0
394840,0
394841,0
394842,0
394843,0
394844,0
394845,0
394846,0
394847,0
394848,0
394849,0
394850,0
394851,0
394852,0
394853,0
394854,0
394855,0
394856,0
394857,0
394858,0
394859,0
394860,0
394861,0
394862,0
394863,0
394864,0
394865,0
394866,0
394867,0
394868,0
394869,0
394870,0
394871,0
394872,0
394873,0
394874,0
394875,0
394876,0
394877,0
394878,0
394879,0
394880,0
394881,0
394882,0
394883,0
394884,0
394885,0
394886,0
394887,0
394888,0
394889,0
394890,0
394891,0
394892,0
394893,0
394894,0
394895,0
394896,0
394897,0
394898,0
394899,0
394900,0
394901,0
394902,0
394903,0
394904,0
394905,0
394906,0
394907,0
394908,0
394909,0
394910,0
394911,0
394912,0
394913,0
394914,0
394915,0
394916,0
394917,0
394918,0
394919,0
394920,0
394921,0
394922,0
394923,0
394924,0
394925,0
394926,0
394927,0
394928,0
394929,0
394930,0
394931,0
394932,0
394933,0
394934,0
394935,0
394936,0
394937,0
394938,0
394939,0
394940,0
394941,0
394942,0
394943,0
394944,0
394945,0
394946,0
394947,0
394948,0
394949,0
394950,0
394951,0
394952,0
394953,0
394954,0
394955,0
394956,0
394957,0
394958,0
394959,0
394960,0
394961,0
394962,0
394963,0
394964,0
394965,0
394966,0
394967,0
394968,0
394969,0
394970,0
394971,0
394972,0
394973,0
394974,0
394975,0
394976,0
394977,0
394978,0
394979,0
394980,0
394981,0
394982,0
394983,0
394984,0
394985,0
394986,0
394987,0
394988,0
394989,0
394990,0
394991,0
394992,0
394993,0
394994,0
394995,0
394996,0
394997,0
394998,0
394999,0
395000,0
395001,0
395002,0
395003,0
395004,0
395005,0
395006,0
395007,0
395008,0
395009,0
395010,0
395011,0
395012,0
395013,0
395014,0
395015,0
395016,0
395017,0
395018,0
395019,0
395020,0
395021,0
395022,0
395023,0
395024,0
395025,0
395026,0
395027,0
395028,0
395029,0
395030,0
395031,0
395032,0
395033,0
395034,0
395035,0
395036,0
395037,0
395038,0
395039,0
395040,0
395041,0
395042,0
395043,0
395044,0
395045,0
395046,0
395047,0
395048,0
395049,0
395050,0
395051,0
395052,0
395053,0
395054,0
395055,0
395056,0
395057,0
395058,0
395059,0
395060,0
395061,0
395062,0
395063,0
395064,0
395065,0
395066,0
395067,0
395068,0
395069,0
395070,0
395071,0
395072,0
395073,0
395074,0
395075,0
395076,0
395077,0
395078,0
395079,0
395080,0
395081,0
395082,0
395083,0
395084,0
395085,0
395086,0
395087,0
395088,0
395089,0
395090,0
395091,0
395092,0
395093,0
395094,0
395095,0
395096,0
395097,0
395098,0
395099,0
395100,0
395101,0
395102,0
395103,0
395104,0
395105,0
395106,0
395107,0
395108,0
395109,0
395110,0
395111,0
395112,0
395113,0
395114,0
395115,0
395116,0
395117,0
395118,0
395119,0
395120,0
395121,0
395122,0
395123,0
395124,0
395125,0
395126,0
395127,0
395128,0
395129,0
395130,0
395131,0
395132,0
395133,0
395134,0
395135,0
395136,0
395137,0
395138,0
395139,0
395140,0
395141,0
395142,0
395143,0
395144,0
395145,0
395146,0
395147,0
395148,0
395149,0
395150,0
395151,0
395152,0
395153,0
395154,0
395155,0
395156,0
395157,0
395158,0
395159,0
395160,0
395161,0
395162,0
395163,0
395164,0
395165,0
395166,0
395167,0
395168,0
395169,0
395170,0
395171,0
395172,0
395173,0
395174,0
395175,0
395176,0
395177,0
395178,0
395179,0
395180,0
395181,0
395182,0
395183,0
395184,0
395185,0
395186,0
395187,0
395188,0
395189,0
395190,0
395191,0
395192,0
395193,0
395194,0
395195,0
395196,0
395197,0
395198,0
395199,0
395200,0
395201,0
395202,0
395203,0
395204,0
395205,0
395206,0
395207,0
395208,0
395209,0
395210,0
395211,0
395212,0
395213,0
395214,0
395215,0
395216,0
395217,0
395218,0
395219,0
395220,0
395221,0
395222,0
395223,0
395224,0
395225,0
395226,0
395227,0
395228,0
395229,0
395230,0
395231,0
395232,0
395233,0
395234,0
395235,0
395236,0
395237,0
395238,0
395239,0
395240,0
395241,0
395242,0
395243,0
395244,0
395245,0
395246,0
395247,0
395248,0
395249,0
395250,0
395251,0
395252,0
395253,0
395254,0
395255,0
395256,0
395257,0
395258,0
395259,0
395260,0
395261,0
395262,0
395263,0
395264,0
395265,0
395266,0
395267,0
395268,0
395269,0
395270,0
395271,0
395272,0
395273,0
395274,0
395275,0
395276,0
395277,0
395278,0
395279,0
395280,0
395281,0
395282,0
395283,0
395284,0
395285,0
395286,0
395287,0
395288,0
395289,0
395290,0
395291,0
395292,0
395293,0
395294,0
395295,0
395296,0
395297,0
395298,0
395299,0
395300,0
395301,0
395302,0
395303,0
395304,0
395305,0
395306,0
395307,0
395308,0
395309,0
395310,0
395311,0
395312,0
395313,0
395314,0
395315,0
395316,0
395317,0
395318,0
395319,0
395320,0
395321,0
395322,0
395323,0
395324,0
395325,0
395326,0
395327,0
395328,0
395329,0
395330,0
395331,0
395332,0
395333,0
395334,0
395335,0
395336,0
395337,0
395338,0
395339,0
395340,0
395341,0
395342,0
395343,0
395344,0
395345,0
395346,0
395347,0
395348,0
395349,0
395350,0
395351,0
395352,0
395353,0
395354,0
395355,0
395356,0
395357,0
395358,0
395359,0
395360,0
395361,0
395362,0
395363,0
395364,0
395365,0
395366,0
395367,0
395368,0
395369,0
395370,0
395371,0
395372,0
395373,0
395374,0
395375,0
395376,0
395377,0
395378,0
395379,0
395380,0
395381,0
395382,0
395383,0
395384,0
395385,0
395386,0
395387,0
395388,0
395389,0
395390,0
395391,0
395392,0
395393,0
395394,0
395395,0
395396,0
395397,0
395398,0
395399,0
395400,0
395401,0
395402,0
395403,0
395404,0
395405,0
395406,0
395407,0
395408,0
395409,0
395410,0
395411,0
395412,0
395413,0
395414,0
395415,0
395416,0
395417,0
395418,0
395419,0
395420,0
395421,0
395422,0
395423,0
395424,0
395425,0
395426,0
395427,0
395428,0
395429,0
395430,0
395431,0
395432,0
395433,0
395434,0
395435,0
395436,0
395437,0
395438,0
395439,0
395440,0
395441,0
395442,0
395443,0
395444,0
395445,0
395446,0
395447,0
395448,0
395449,0
395450,0
395451,0
395452,0
395453,0
395454,0
395455,0
395456,0
395457,0
395458,0
395459,0
395460,0
395461,0
395462,0
395463,0
395464,0
395465,0
395466,0
395467,0
395468,0
395469,0
395470,0
395471,0
395472,0
395473,0
395474,0
395475,0
395476,0
395477,0
395478,0
395479,0
395480,0
395481,0
395482,0
395483,0
395484,0
395485,0
395486,0
395487,0
395488,0
395489,0
395490,0
395491,0
395492,0
395493,0
395494,0
395495,0
395496,0
395497,0
395498,0
395499,0
395500,0
395501,0
395502,0
395503,0
395504,0
395505,0
395506,0
395507,0
395508,0
395509,0
395510,0
395511,0
395512,0
395513,0
395514,0
395515,0
395516,0
395517,0
395518,0
395519,0
395520,0
395521,0
395522,0
395523,0
395524,0
395525,0
395526,0
395527,0
395528,0
395529,0
395530,0
395531,0
395532,0
395533,0
395534,0
395535,0
395536,0
395537,0
395538,0
395539,0
395540,0
395541,0
395542,0
395543,0
395544,0
395545,0
395546,0
395547,0
395548,0
395549,0
395550,0
395551,0
395552,0
395553,0
395554,0
395555,0
395556,0
395557,0
395558,0
395559,0
395560,0
395561,0
395562,0
395563,0
395564,0
395565,0
395566,0
395567,0
395568,0
395569,0
395570,0
395571,0
395572,0
395573,0
395574,0
395575,0
395576,0
395577,0
395578,0
395579,0
395580,0
395581,0
395582,0
395583,0
395584,0
395585,0
395586,0
395587,0
395588,0
395589,0
395590,0
395591,0
395592,0
395593,0
395594,0
395595,0
395596,0
395597,0
395598,0
395599,0
395600,0
395601,0
395602,0
395603,0
395604,0
395605,0
395606,0
395607,0
395608,0
395609,0
395610,0
395611,0
395612,0
395613,0
395614,0
395615,0
395616,0
395617,0
395618,0
395619,0
395620,0
395621,0
395622,0
395623,0
395624,0
395625,0
395626,0
395627,0
395628,0
395629,0
395630,0
395631,0
395632,0
395633,0
395634,0
395635,0
395636,0
395637,0
395638,0
395639,0
395640,0
395641,0
395642,0
395643,0
395644,0
395645,0
395646,0
395647,0
395648,0
395649,0
395650,0
395651,0
395652,0
395653,0
395654,0
395655,0
395656,0
395657,0
395658,0
395659,0
395660,0
395661,0
395662,0
395663,0
395664,0
395665,0
395666,0
395667,0
395668,0
395669,0
395670,0
395671,0
395672,0
395673,0
395674,0
395675,0
395676,0
395677,0
395678,0
395679,0
395680,0
395681,0
395682,0
395683,0
395684,0
395685,0
395686,0
395687,0
395688,0
395689,0
395690,0
395691,0
395692,0
395693,0
395694,0
395695,0
395696,0
395697,0
395698,0
395699,0
395700,0
395701,0
395702,0
395703,0
395704,0
395705,0
395706,0
395707,0
395708,0
395709,0
395710,0
395711,0
395712,0
395713,0
395714,0
395715,0
395716,0
395717,0
395718,0
395719,0
395720,0
395721,0
395722,0
395723,0
395724,0
395725,0
395726,0
395727,0
395728,0
395729,0
395730,0
395731,0
395732,0
395733,0
395734,0
395735,0
395736,0
395737,0
395738,0
395739,0
395740,0
395741,0
395742,0
395743,0
395744,0
395745,0
395746,0
395747,0
395748,0
395749,0
395750,0
395751,0
395752,0
395753,0
395754,0
395755,0
395756,0
395757,0
395758,0
395759,0
395760,0
395761,0
395762,0
395763,0
395764,0
395765,0
395766,0
395767,0
395768,0
395769,0
395770,0
395771,0
395772,0
395773,0
395774,0
395775,0
395776,0
395777,0
395778,0
395779,0
395780,0
395781,0
395782,0
395783,0
395784,0
395785,0
395786,0
395787,0
395788,0
395789,0
395790,0
395791,0
395792,0
395793,0
395794,0
395795,0
395796,0
395797,0
395798,0
395799,0
395800,0
395801,0
395802,0
395803,0
395804,0
395805,0
395806,0
395807,0
395808,0
395809,0
395810,0
395811,0
395812,0
395813,0
395814,0
395815,0
395816,0
395817,0
395818,0
395819,0
395820,0
395821,0
395822,0
395823,0
395824,0
395825,0
395826,0
395827,0
395828,0
395829,0
395830,0
395831,0
395832,0
395833,0
395834,0
395835,0
395836,0
395837,0
395838,0
395839,0
395840,0
395841,0
395842,0
395843,0
395844,0
395845,0
395846,0
395847,0
395848,0
395849,0
395850,0
395851,0
395852,0
395853,0
395854,0
395855,0
395856,0
395857,0
395858,0
395859,0
395860,0
395861,0
395862,0
395863,0
395864,0
395865,0
395866,0
395867,0
395868,0
395869,0
395870,0
395871,0
395872,0
395873,0
395874,0
395875,0
395876,0
395877,0
395878,0
395879,0
395880,0
395881,0
395882,0
395883,0
395884,0
395885,0
395886,0
395887,0
395888,0
395889,0
395890,0
395891,0
395892,0
395893,0
395894,0
395895,0
395896,0
395897,0
395898,0
395899,0
395900,0
395901,0
395902,0
395903,0
395904,0
395905,0
395906,0
395907,0
395908,0
395909,0
395910,0
395911,0
395912,0
395913,0
395914,0
395915,0
395916,0
395917,0
395918,0
395919,0
395920,0
395921,0
395922,0
395923,0
395924,0
395925,0
395926,0
395927,0
395928,0
395929,0
395930,0
395931,0
395932,0
395933,0
395934,0
395935,0
395936,0
395937,0
395938,0
395939,0
395940,0
395941,0
395942,0
395943,0
395944,0
395945,0
395946,0
395947,0
395948,0
395949,0
395950,0
395951,0
395952,0
395953,0
395954,0
395955,0
395956,0
395957,0
395958,0
395959,0
395960,0
395961,0
395962,0
395963,0
395964,0
395965,0
395966,0
395967,0
395968,0
395969,0
395970,0
395971,0
395972,0
395973,0
395974,0
395975,0
395976,0
395977,0
395978,0
395979,0
395980,0
395981,0
395982,0
395983,0
395984,0
395985,0
395986,0
395987,0
395988,0
395989,0
395990,0
395991,0
395992,0
395993,0
395994,0
395995,0
395996,0
395997,0
395998,0
395999,0
396000,0
396001,0
396002,0
396003,0
396004,0
396005,0
396006,0
396007,0
396008,0
396009,0
396010,0
396011,0
396012,0
396013,0
396014,0
396015,0
396016,0
396017,0
396018,0
396019,0
396020,0
396021,0
396022,0
396023,0
396024,0
396025,0
396026,0
396027,0
396028,0
396029,0
396030,0
396031,0
396032,0
396033,0
396034,0
396035,0
396036,0
396037,0
396038,0
396039,0
396040,0
396041,0
396042,0
396043,0
396044,0
396045,0
396046,0
396047,0
396048,0
396049,0
396050,0
396051,0
396052,0
396053,0
396054,0
396055,0
396056,0
396057,0
396058,0
396059,0
396060,0
396061,0
396062,0
396063,0
396064,0
396065,0
396066,0
396067,0
396068,0
396069,0
396070,0
396071,0
396072,0
396073,0
396074,0
396075,0
396076,0
396077,0
396078,0
396079,0
396080,0
396081,0
396082,0
396083,0
396084,0
396085,0
396086,0
396087,0
396088,0
396089,0
396090,0
396091,0
396092,0
396093,0
396094,0
396095,0
396096,0
396097,0
396098,0
396099,0
396100,0
396101,0
396102,0
396103,0
396104,0
396105,0
396106,0
396107,0
396108,0
396109,0
396110,0
396111,0
396112,0
396113,0
396114,0
396115,0
396116,0
396117,0
396118,0
396119,0
396120,0
396121,0
396122,0
396123,0
396124,0
396125,0
396126,0
396127,0
396128,0
396129,0
396130,0
396131,0
396132,0
396133,0
396134,0
396135,0
396136,0
396137,0
396138,0
396139,0
396140,0
396141,0
396142,0
396143,0
396144,0
396145,0
396146,0
396147,0
396148,0
396149,0
396150,0
396151,0
396152,0
396153,0
396154,0
396155,0
396156,0
396157,0
396158,0
396159,0
396160,0
396161,0
396162,0
396163,0
396164,0
396165,0
396166,0
396167,0
396168,0
396169,0
396170,0
396171,0
396172,0
396173,0
396174,0
396175,0
396176,0
396177,0
396178,0
396179,0
396180,0
396181,0
396182,0
396183,0
396184,0
396185,0
396186,0
396187,0
396188,0
396189,0
396190,0
396191,0
396192,0
396193,0
396194,0
396195,0
396196,0
396197,0
396198,0
396199,0
396200,0
396201,0
396202,0
396203,0
396204,0
396205,0
396206,0
396207,0
396208,0
396209,0
396210,0
396211,0
396212,0
396213,0
396214,0
396215,0
396216,0
396217,0
396218,0
396219,0
396220,0
396221,0
396222,0
396223,0
396224,0
396225,0
396226,0
396227,0
396228,0
396229,0
396230,0
396231,0
396232,0
396233,0
396234,0
396235,0
396236,0
396237,0
396238,0
396239,0
396240,0
396241,0
396242,0
396243,0
396244,0
396245,0
396246,0
396247,0
396248,0
396249,0
396250,0
396251,0
396252,0
396253,0
396254,0
396255,0
396256,0
396257,0
396258,0
396259,0
396260,0
396261,0
396262,0
396263,0
396264,0
396265,0
396266,0
396267,0
396268,0
396269,0
396270,0
396271,0
396272,0
396273,0
396274,0
396275,0
396276,0
396277,0
396278,0
396279,0
396280,0
396281,0
396282,0
396283,0
396284,0
396285,0
396286,0
396287,0
396288,0
396289,0
396290,0
396291,0
396292,0
396293,0
396294,0
396295,0
396296,0
396297,0
396298,0
396299,0
396300,0
396301,0
396302,0
396303,0
396304,0
396305,0
396306,0
396307,0
396308,0
396309,0
396310,0
396311,0
396312,0
396313,0
396314,0
396315,0
396316,0
396317,0
396318,0
396319,0
396320,0
396321,0
396322,0
396323,0
396324,0
396325,0
396326,0
396327,0
396328,0
396329,0
396330,0
396331,0
396332,0
396333,0
396334,0
396335,0
396336,0
396337,0
396338,0
396339,0
396340,0
396341,0
396342,0
396343,0
396344,0
396345,0
396346,0
396347,0
396348,0
396349,0
396350,0
396351,0
396352,0
396353,0
396354,0
396355,0
396356,0
396357,0
396358,0
396359,0
396360,0
396361,0
396362,0
396363,0
396364,0
396365,0
396366,0
396367,0
396368,0
396369,0
396370,0
396371,0
396372,0
396373,0
396374,0
396375,0
396376,0
396377,0
396378,0
396379,0
396380,0
396381,0
396382,0
396383,0
396384,0
396385,0
396386,0
396387,0
396388,0
396389,0
396390,0
396391,0
396392,0
396393,0
396394,0
396395,0
396396,0
396397,0
396398,0
396399,0
396400,0
396401,0
396402,0
396403,0
396404,0
396405,0
396406,0
396407,0
396408,0
396409,0
396410,0
396411,0
396412,0
396413,0
396414,0
396415,0
396416,0
396417,0
396418,0
396419,0
396420,0
396421,0
396422,0
396423,0
396424,0
396425,0
396426,0
396427,0
396428,0
396429,0
396430,0
396431,0
396432,0
396433,0
396434,0
396435,0
396436,0
396437,0
396438,0
396439,0
396440,0
396441,0
396442,0
396443,0
396444,0
396445,0
396446,0
396447,0
396448,0
396449,0
396450,0
396451,0
396452,0
396453,0
396454,0
396455,0
396456,0
396457,0
396458,0
396459,0
396460,0
396461,0
396462,0
396463,0
396464,0
396465,0
396466,0
396467,0
396468,0
396469,0
396470,0
396471,0
396472,0
396473,0
396474,0
396475,0
396476,0
396477,0
396478,0
396479,0
396480,0
396481,0
396482,0
396483,0
396484,0
396485,0
396486,0
396487,0
396488,0
396489,0
396490,0
396491,0
396492,0
396493,0
396494,0
396495,0
396496,0
396497,0
396498,0
396499,0
396500,0
396501,0
396502,0
396503,0
396504,0
396505,0
396506,0
396507,0
396508,0
396509,0
396510,0
396511,0
396512,0
396513,0
396514,0
396515,0
396516,0
396517,0
396518,0
396519,0
396520,0
396521,0
396522,0
396523,0
396524,0
396525,0
396526,0
396527,0
396528,0
396529,0
396530,0
396531,0
396532,0
396533,0
396534,0
396535,0
396536,0
396537,0
396538,0
396539,0
396540,0
396541,0
396542,0
396543,0
396544,0
396545,0
396546,0
396547,0
396548,0
396549,0
396550,0
396551,0
396552,0
396553,0
396554,0
396555,0
396556,0
396557,0
396558,0
396559,0
396560,0
396561,0
396562,0
396563,0
396564,0
396565,0
396566,0
396567,0
396568,0
396569,0
396570,0
396571,0
396572,0
396573,0
396574,0
396575,0
396576,0
396577,0
396578,0
396579,0
396580,0
396581,0
396582,0
396583,0
396584,0
396585,0
396586,0
396587,0
396588,0
396589,0
396590,0
396591,0
396592,0
396593,0
396594,0
396595,0
396596,0
396597,0
396598,0
396599,0
396600,0
396601,0
396602,0
396603,0
396604,0
396605,0
396606,0
396607,0
396608,0
396609,0
396610,0
396611,0
396612,0
396613,0
396614,0
396615,0
396616,0
396617,0
396618,0
396619,0
396620,0
396621,0
396622,0
396623,0
396624,0
396625,0
396626,0
396627,0
396628,0
396629,0
396630,0
396631,0
396632,0
396633,0
396634,0
396635,0
396636,0
396637,0
396638,0
396639,0
396640,0
396641,0
396642,0
396643,0
396644,0
396645,0
396646,0
396647,0
396648,0
396649,0
396650,0
396651,0
396652,0
396653,0
396654,0
396655,0
396656,0
396657,0
396658,0
396659,0
396660,0
396661,0
396662,0
396663,0
396664,0
396665,0
396666,0
396667,0
396668,0
396669,0
396670,0
396671,0
396672,0
396673,0
396674,0
396675,0
396676,0
396677,0
396678,0
396679,0
396680,0
396681,0
396682,0
396683,0
396684,0
396685,0
396686,0
396687,0
396688,0
396689,0
396690,0
396691,0
396692,0
396693,0
396694,0
396695,0
396696,0
396697,0
396698,0
396699,0
396700,0
396701,0
396702,0
396703,0
396704,0
396705,0
396706,0
396707,0
396708,0
396709,0
396710,0
396711,0
396712,0
396713,0
396714,0
396715,0
396716,0
396717,0
396718,0
396719,0
396720,0
396721,0
396722,0
396723,0
396724,0
396725,0
396726,0
396727,0
396728,0
396729,0
396730,0
396731,0
396732,0
396733,0
396734,0
396735,0
396736,0
396737,0
396738,0
396739,0
396740,0
396741,0
396742,0
396743,0
396744,0
396745,0
396746,0
396747,0
396748,0
396749,0
396750,0
396751,0
396752,0
396753,0
396754,0
396755,0
396756,0
396757,0
396758,0
396759,0
396760,0
396761,0
396762,0
396763,0
396764,0
396765,0
396766,0
396767,0
396768,0
396769,0
396770,0
396771,0
396772,0
396773,0
396774,0
396775,0
396776,0
396777,0
396778,0
396779,0
396780,0
396781,0
396782,0
396783,0
396784,0
396785,0
396786,0
396787,0
396788,0
396789,0
396790,0
396791,0
396792,0
396793,0
396794,0
396795,0
396796,0
396797,0
396798,0
396799,0
396800,0
396801,0
396802,0
396803,0
396804,0
396805,0
396806,0
396807,0
396808,0
396809,0
396810,0
396811,0
396812,0
396813,0
396814,0
396815,0
396816,0
396817,0
396818,0
396819,0
396820,0
396821,0
396822,0
396823,0
396824,0
396825,0
396826,0
396827,0
396828,0
396829,0
396830,0
396831,0
396832,0
396833,0
396834,0
396835,0
396836,0
396837,0
396838,0
396839,0
396840,0
396841,0
396842,0
396843,0
396844,0
396845,0
396846,0
396847,0
396848,0
396849,0
396850,0
396851,0
396852,0
396853,0
396854,0
396855,0
396856,0
396857,0
396858,0
396859,0
396860,0
396861,0
396862,0
396863,0
396864,0
396865,0
396866,0
396867,0
396868,0
396869,0
396870,0
396871,0
396872,0
396873,0
396874,0
396875,0
396876,0
396877,0
396878,0
396879,0
396880,0
396881,0
396882,0
396883,0
396884,0
396885,0
396886,0
396887,0
396888,0
396889,0
396890,0
396891,0
396892,0
396893,0
396894,0
396895,0
396896,0
396897,0
396898,0
396899,0
396900,0
396901,0
396902,0
396903,0
396904,0
396905,0
396906,0
396907,0
396908,0
396909,0
396910,0
396911,0
396912,0
396913,0
396914,0
396915,0
396916,0
396917,0
396918,0
396919,0
396920,0
396921,0
396922,0
396923,0
396924,0
396925,0
396926,0
396927,0
396928,0
396929,0
396930,0
396931,0
396932,0
396933,0
396934,0
396935,0
396936,0
396937,0
396938,0
396939,0
396940,0
396941,0
396942,0
396943,0
396944,0
396945,0
396946,0
396947,0
396948,0
396949,0
396950,0
396951,0
396952,0
396953,0
396954,0
396955,0
396956,0
396957,0
396958,0
396959,0
396960,0
396961,0
396962,0
396963,0
396964,0
396965,0
396966,0
396967,0
396968,0
396969,0
396970,0
396971,0
396972,0
396973,0
396974,0
396975,0
396976,0
396977,0
396978,0
396979,0
396980,0
396981,0
396982,0
396983,0
396984,0
396985,0
396986,0
396987,0
396988,0
396989,0
396990,0
396991,0
396992,0
396993,0
396994,0
396995,0
396996,0
396997,0
396998,0
396999,0
397000,0
397001,0
397002,0
397003,0
397004,0
397005,0
397006,0
397007,0
397008,0
397009,0
397010,0
397011,0
397012,0
397013,0
397014,0
397015,0
397016,0
397017,0
397018,0
397019,0
397020,0
397021,0
397022,0
397023,0
397024,0
397025,0
397026,0
397027,0
397028,0
397029,0
397030,0
397031,0
397032,0
397033,0
397034,0
397035,0
397036,0
397037,0
397038,0
397039,0
397040,0
397041,0
397042,0
397043,0
397044,0
397045,0
397046,0
397047,0
397048,0
397049,0
397050,0
397051,0
397052,0
397053,0
397054,0
397055,0
397056,0
397057,0
397058,0
397059,0
397060,0
397061,0
397062,0
397063,0
397064,0
397065,0
397066,0
397067,0
397068,0
397069,0
397070,0
397071,0
397072,0
397073,0
397074,0
397075,0
397076,0
397077,0
397078,0
397079,0
397080,0
397081,0
397082,0
397083,0
397084,0
397085,0
397086,0
397087,0
397088,0
397089,0
397090,0
397091,0
397092,0
397093,0
397094,0
397095,0
397096,0
397097,0
397098,0
397099,0
397100,0
397101,0
397102,0
397103,0
397104,0
397105,0
397106,0
397107,0
397108,0
397109,0
397110,0
397111,0
397112,0
397113,0
397114,0
397115,0
397116,0
397117,0
397118,0
397119,0
397120,0
397121,0
397122,0
397123,0
397124,0
397125,0
397126,0
397127,0
397128,0
397129,0
397130,0
397131,0
397132,0
397133,0
397134,0
397135,0
397136,0
397137,0
397138,0
397139,0
397140,0
397141,0
397142,0
397143,0
397144,0
397145,0
397146,0
397147,0
397148,0
397149,0
397150,0
397151,0
397152,0
397153,0
397154,0
397155,0
397156,0
397157,0
397158,0
397159,0
397160,0
397161,0
397162,0
397163,0
397164,0
397165,0
397166,0
397167,0
397168,0
397169,0
397170,0
397171,0
397172,0
397173,0
397174,0
397175,0
397176,0
397177,0
397178,0
397179,0
397180,0
397181,0
397182,0
397183,0
397184,0
397185,0
397186,0
397187,0
397188,0
397189,0
397190,0
397191,0
397192,0
397193,0
397194,0
397195,0
397196,0
397197,0
397198,0
397199,0
397200,0
397201,0
397202,0
397203,0
397204,0
397205,0
397206,0
397207,0
397208,0
397209,0
397210,0
397211,0
397212,0
397213,0
397214,0
397215,0
397216,0
397217,0
397218,0
397219,0
397220,0
397221,0
397222,0
397223,0
397224,0
397225,0
397226,0
397227,0
397228,0
397229,0
397230,0
397231,0
397232,0
397233,0
397234,0
397235,0
397236,0
397237,0
397238,0
397239,0
397240,0
397241,0
397242,0
397243,0
397244,0
397245,0
397246,0
397247,0
397248,0
397249,0
397250,0
397251,0
397252,0
397253,0
397254,0
397255,0
397256,0
397257,0
397258,0
397259,0
397260,0
397261,0
397262,0
397263,0
397264,0
397265,0
397266,0
397267,0
397268,0
397269,0
397270,0
397271,0
397272,0
397273,0
397274,0
397275,0
397276,0
397277,0
397278,0
397279,0
397280,0
397281,0
397282,0
397283,0
397284,0
397285,0
397286,0
397287,0
397288,0
397289,0
397290,0
397291,0
397292,0
397293,0
397294,0
397295,0
397296,0
397297,0
397298,0
397299,0
397300,0
397301,0
397302,0
397303,0
397304,0
397305,0
397306,0
397307,0
397308,0
397309,0
397310,0
397311,0
397312,0
397313,0
397314,0
397315,0
397316,0
397317,0
397318,0
397319,0
397320,0
397321,0
397322,0
397323,0
397324,0
397325,0
397326,0
397327,0
397328,0
397329,0
397330,0
397331,0
397332,0
397333,0
397334,0
397335,0
397336,0
397337,0
397338,0
397339,0
397340,0
397341,0
397342,0
397343,0
397344,0
397345,0
397346,0
397347,0
397348,0
397349,0
397350,0
397351,0
397352,0
397353,0
397354,0
397355,0
397356,0
397357,0
397358,0
397359,0
397360,0
397361,0
397362,0
397363,0
397364,0
397365,0
397366,0
397367,0
397368,0
397369,0
397370,0
397371,0
397372,0
397373,0
397374,0
397375,0
397376,0
397377,0
397378,0
397379,0
397380,0
397381,0
397382,0
397383,0
397384,0
397385,0
397386,0
397387,0
397388,0
397389,0
397390,0
397391,0
397392,0
397393,0
397394,0
397395,0
397396,0
397397,0
397398,0
397399,0
397400,0
397401,0
397402,0
397403,0
397404,0
397405,0
397406,0
397407,0
397408,0
397409,0
397410,0
397411,0
397412,0
397413,0
397414,0
397415,0
397416,0
397417,0
397418,0
397419,0
397420,0
397421,0
397422,0
397423,0
397424,0
397425,0
397426,0
397427,0
397428,0
397429,0
397430,0
397431,0
397432,0
397433,0
397434,0
397435,0
397436,0
397437,0
397438,0
397439,0
397440,0
397441,0
397442,0
397443,0
397444,0
397445,0
397446,0
397447,0
397448,0
397449,0
397450,0
397451,0
397452,0
397453,0
397454,0
397455,0
397456,0
397457,0
397458,0
397459,0
397460,0
397461,0
397462,0
397463,0
397464,0
397465,0
397466,0
397467,0
397468,0
397469,0
397470,0
397471,0
397472,0
397473,0
397474,0
397475,0
397476,0
397477,0
397478,0
397479,0
397480,0
397481,0
397482,0
397483,0
397484,0
397485,0
397486,0
397487,0
397488,0
397489,0
397490,0
397491,0
397492,0
397493,0
397494,0
397495,0
397496,0
397497,0
397498,0
397499,0
397500,0
397501,0
397502,0
397503,0
397504,0
397505,0
397506,0
397507,0
397508,0
397509,0
397510,0
397511,0
397512,0
397513,0
397514,0
397515,0
397516,0
397517,0
397518,0
397519,0
397520,0
397521,0
397522,0
397523,0
397524,0
397525,0
397526,0
397527,0
397528,0
397529,0
397530,0
397531,0
397532,0
397533,0
397534,0
397535,0
397536,0
397537,0
397538,0
397539,0
397540,0
397541,0
397542,0
397543,0
397544,0
397545,0
397546,0
397547,0
397548,0
397549,0
397550,0
397551,0
397552,0
397553,0
397554,0
397555,0
397556,0
397557,0
397558,0
397559,0
397560,0
397561,0
397562,0
397563,0
397564,0
397565,0
397566,0
397567,0
397568,0
397569,0
397570,0
397571,0
397572,0
397573,0
397574,0
397575,0
397576,0
397577,0
397578,0
397579,0
397580,0
397581,0
397582,0
397583,0
397584,0
397585,0
397586,0
397587,0
397588,0
397589,0
397590,0
397591,0
397592,0
397593,0
397594,0
397595,0
397596,0
397597,0
397598,0
397599,0
397600,0
397601,0
397602,0
397603,0
397604,0
397605,0
397606,0
397607,0
397608,0
397609,0
397610,0
397611,0
397612,0
397613,0
397614,0
397615,0
397616,0
397617,0
397618,0
397619,0
397620,0
397621,0
397622,0
397623,0
397624,0
397625,0
397626,0
397627,0
397628,0
397629,0
397630,0
397631,0
397632,0
397633,0
397634,0
397635,0
397636,0
397637,0
397638,0
397639,0
397640,0
397641,0
397642,0
397643,0
397644,0
397645,0
397646,0
397647,0
397648,0
397649,0
397650,0
397651,0
397652,0
397653,0
397654,0
397655,0
397656,0
397657,0
397658,0
397659,0
397660,0
397661,0
397662,0
397663,0
397664,0
397665,0
397666,0
397667,0
397668,0
397669,0
397670,0
397671,0
397672,0
397673,0
397674,0
397675,0
397676,0
397677,0
397678,0
397679,0
397680,0
397681,0
397682,0
397683,0
397684,0
397685,0
397686,0
397687,0
397688,0
397689,0
397690,0
397691,0
397692,0
397693,0
397694,0
397695,0
397696,0
397697,0
397698,0
397699,0
397700,0
397701,0
397702,0
397703,0
397704,0
397705,0
397706,0
397707,0
397708,0
397709,0
397710,0
397711,0
397712,0
397713,0
397714,0
397715,0
397716,0
397717,0
397718,0
397719,0
397720,0
397721,0
397722,0
397723,0
397724,0
397725,0
397726,0
397727,0
397728,0
397729,0
397730,0
397731,0
397732,0
397733,0
397734,0
397735,0
397736,0
397737,0
397738,0
397739,0
397740,0
397741,0
397742,0
397743,0
397744,0
397745,0
397746,0
397747,0
397748,0
397749,0
397750,0
397751,0
397752,0
397753,0
397754,0
397755,0
397756,0
397757,0
397758,0
397759,0
397760,0
397761,0
397762,0
397763,0
397764,0
397765,0
397766,0
397767,0
397768,0
397769,0
397770,0
397771,0
397772,0
397773,0
397774,0
397775,0
397776,0
397777,0
397778,0
397779,0
397780,0
397781,0
397782,0
397783,0
397784,0
397785,0
397786,0
397787,0
397788,0
397789,0
397790,0
397791,0
397792,0
397793,0
397794,0
397795,0
397796,0
397797,0
397798,0
397799,0
397800,0
397801,0
397802,0
397803,0
397804,0
397805,0
397806,0
397807,0
397808,0
397809,0
397810,0
397811,0
397812,0
397813,0
397814,0
397815,0
397816,0
397817,0
397818,0
397819,0
397820,0
397821,0
397822,0
397823,0
397824,0
397825,0
397826,0
397827,0
397828,0
397829,0
397830,0
397831,0
397832,0
397833,0
397834,0
397835,0
397836,0
397837,0
397838,0
397839,0
397840,0
397841,0
397842,0
397843,0
397844,0
397845,0
397846,0
397847,0
397848,0
397849,0
397850,0
397851,0
397852,0
397853,0
397854,0
397855,0
397856,0
397857,0
397858,0
397859,0
397860,0
397861,0
397862,0
397863,0
397864,0
397865,0
397866,0
397867,0
397868,0
397869,0
397870,0
397871,0
397872,0
397873,0
397874,0
397875,0
397876,0
397877,0
397878,0
397879,0
397880,0
397881,0
397882,0
397883,0
397884,0
397885,0
397886,0
397887,0
397888,0
397889,0
397890,0
397891,0
397892,0
397893,0
397894,0
397895,0
397896,0
397897,0
397898,0
397899,0
397900,0
397901,0
397902,0
397903,0
397904,0
397905,0
397906,0
397907,0
397908,0
397909,0
397910,0
397911,0
397912,0
397913,0
397914,0
397915,0
397916,0
397917,0
397918,0
397919,0
397920,0
397921,0
397922,0
397923,0
397924,0
397925,0
397926,0
397927,0
397928,0
397929,0
397930,0
397931,0
397932,0
397933,0
397934,0
397935,0
397936,0
397937,0
397938,0
397939,0
397940,0
397941,0
397942,0
397943,0
397944,0
397945,0
397946,0
397947,0
397948,0
397949,0
397950,0
397951,0
397952,0
397953,0
397954,0
397955,0
397956,0
397957,0
397958,0
397959,0
397960,0
397961,0
397962,0
397963,0
397964,0
397965,0
397966,0
397967,0
397968,0
397969,0
397970,0
397971,0
397972,0
397973,0
397974,0
397975,0
397976,0
397977,0
397978,0
397979,0
397980,0
397981,0
397982,0
397983,0
397984,0
397985,0
397986,0
397987,0
397988,0
397989,0
397990,0
397991,0
397992,0
397993,0
397994,0
397995,0
397996,0
397997,0
397998,0
397999,0
398000,0
398001,0
398002,0
398003,0
398004,0
398005,0
398006,0
398007,0
398008,0
398009,0
398010,0
398011,0
398012,0
398013,0
398014,0
398015,0
398016,0
398017,0
398018,0
398019,0
398020,0
398021,0
398022,0
398023,0
398024,0
398025,0
398026,0
398027,0
398028,0
398029,0
398030,0
398031,0
398032,0
398033,0
398034,0
398035,0
398036,0
398037,0
398038,0
398039,0
398040,0
398041,0
398042,0
398043,0
398044,0
398045,0
398046,0
398047,0
398048,0
398049,0
398050,0
398051,0
398052,0
398053,0
398054,0
398055,0
398056,0
398057,0
398058,0
398059,0
398060,0
398061,0
398062,0
398063,0
398064,0
398065,0
398066,0
398067,0
398068,0
398069,0
398070,0
398071,0
398072,0
398073,0
398074,0
398075,0
398076,0
398077,0
398078,0
398079,0
398080,0
398081,0
398082,0
398083,0
398084,0
398085,0
398086,0
398087,0
398088,0
398089,0
398090,0
398091,0
398092,0
398093,0
398094,0
398095,0
398096,0
398097,0
398098,0
398099,0
398100,0
398101,0
398102,0
398103,0
398104,0
398105,0
398106,0
398107,0
398108,0
398109,0
398110,0
398111,0
398112,0
398113,0
398114,0
398115,0
398116,0
398117,0
398118,0
398119,0
398120,0
398121,0
398122,0
398123,0
398124,0
398125,0
398126,0
398127,0
398128,0
398129,0
398130,0
398131,0
398132,0
398133,0
398134,0
398135,0
398136,0
398137,0
398138,0
398139,0
398140,0
398141,0
398142,0
398143,0
398144,0
398145,0
398146,0
398147,0
398148,0
398149,0
398150,0
398151,0
398152,0
398153,0
398154,0
398155,0
398156,0
398157,0
398158,0
398159,0
398160,0
398161,0
398162,0
398163,0
398164,0
398165,0
398166,0
398167,0
398168,0
398169,0
398170,0
398171,0
398172,0
398173,0
398174,0
398175,0
398176,0
398177,0
398178,0
398179,0
398180,0
398181,0
398182,0
398183,0
398184,0
398185,0
398186,0
398187,0
398188,0
398189,0
398190,0
398191,0
398192,0
398193,0
398194,0
398195,0
398196,0
398197,0
398198,0
398199,0
398200,0
398201,0
398202,0
398203,0
398204,0
398205,0
398206,0
398207,0
398208,0
398209,0
398210,0
398211,0
398212,0
398213,0
398214,0
398215,0
398216,0
398217,0
398218,0
398219,0
398220,0
398221,0
398222,0
398223,0
398224,0
398225,0
398226,0
398227,0
398228,0
398229,0
398230,0
398231,0
398232,0
398233,0
398234,0
398235,0
398236,0
398237,0
398238,0
398239,0
398240,0
398241,0
398242,0
398243,0
398244,0
398245,0
398246,0
398247,0
398248,0
398249,0
398250,0
398251,0
398252,0
398253,0
398254,0
398255,0
398256,0
398257,0
398258,0
398259,0
398260,0
398261,0
398262,0
398263,0
398264,0
398265,0
398266,0
398267,0
398268,0
398269,0
398270,0
398271,0
398272,0
398273,0
398274,0
398275,0
398276,0
398277,0
398278,0
398279,0
398280,0
398281,0
398282,0
398283,0
398284,0
398285,0
398286,0
398287,0
398288,0
398289,0
398290,0
398291,0
398292,0
398293,0
398294,0
398295,0
398296,0
398297,0
398298,0
398299,0
398300,0
398301,0
398302,0
398303,0
398304,0
398305,0
398306,0
398307,0
398308,0
398309,0
398310,0
398311,0
398312,0
398313,0
398314,0
398315,0
398316,0
398317,0
398318,0
398319,0
398320,0
398321,0
398322,0
398323,0
398324,0
398325,0
398326,0
398327,0
398328,0
398329,0
398330,0
398331,0
398332,0
398333,0
398334,0
398335,0
398336,0
398337,0
398338,0
398339,0
398340,0
398341,0
398342,0
398343,0
398344,0
398345,0
398346,0
398347,0
398348,0
398349,0
398350,0
398351,0
398352,0
398353,0
398354,0
398355,0
398356,0
398357,0
398358,0
398359,0
398360,0
398361,0
398362,0
398363,0
398364,0
398365,0
398366,0
398367,0
398368,0
398369,0
398370,0
398371,0
398372,0
398373,0
398374,0
398375,0
398376,0
398377,0
398378,0
398379,0
398380,0
398381,0
398382,0
398383,0
398384,0
398385,0
398386,0
398387,0
398388,0
398389,0
398390,0
398391,0
398392,0
398393,0
398394,0
398395,0
398396,0
398397,0
398398,0
398399,0
398400,0
398401,0
398402,0
398403,0
398404,0
398405,0
398406,0
398407,0
398408,0
398409,0
398410,0
398411,0
398412,0
398413,0
398414,0
398415,0
398416,0
398417,0
398418,0
398419,0
398420,0
398421,0
398422,0
398423,0
398424,0
398425,0
398426,0
398427,0
398428,0
398429,0
398430,0
398431,0
398432,0
398433,0
398434,0
398435,0
398436,0
398437,0
398438,0
398439,0
398440,0
398441,0
398442,0
398443,0
398444,0
398445,0
398446,0
398447,0
398448,0
398449,0
398450,0
398451,0
398452,0
398453,0
398454,0
398455,0
398456,0
398457,0
398458,0
398459,0
398460,0
398461,0
398462,0
398463,0
398464,0
398465,0
398466,0
398467,0
398468,0
398469,0
398470,0
398471,0
398472,0
398473,0
398474,0
398475,0
398476,0
398477,0
398478,0
398479,0
398480,0
398481,0
398482,0
398483,0
398484,0
398485,0
398486,0
398487,0
398488,0
398489,0
398490,0
398491,0
398492,0
398493,0
398494,0
398495,0
398496,0
398497,0
398498,0
398499,0
398500,0
398501,0
398502,0
398503,0
398504,0
398505,0
398506,0
398507,0
398508,0
398509,0
398510,0
398511,0
398512,0
398513,0
398514,0
398515,0
398516,0
398517,0
398518,0
398519,0
398520,0
398521,0
398522,0
398523,0
398524,0
398525,0
398526,0
398527,0
398528,0
398529,0
398530,0
398531,0
398532,0
398533,0
398534,0
398535,0
398536,0
398537,0
398538,0
398539,0
398540,0
398541,0
398542,0
398543,0
398544,0
398545,0
398546,0
398547,0
398548,0
398549,0
398550,0
398551,0
398552,0
398553,0
398554,0
398555,0
398556,0
398557,0
398558,0
398559,0
398560,0
398561,0
398562,0
398563,0
398564,0
398565,0
398566,0
398567,0
398568,0
398569,0
398570,0
398571,0
398572,0
398573,0
398574,0
398575,0
398576,0
398577,0
398578,0
398579,0
398580,0
398581,0
398582,0
398583,0
398584,0
398585,0
398586,0
398587,0
398588,0
398589,0
398590,0
398591,0
398592,0
398593,0
398594,0
398595,0
398596,0
398597,0
398598,0
398599,0
398600,0
398601,0
398602,0
398603,0
398604,0
398605,0
398606,0
398607,0
398608,0
398609,0
398610,0
398611,0
398612,0
398613,0
398614,0
398615,0
398616,0
398617,0
398618,0
398619,0
398620,0
398621,0
398622,0
398623,0
398624,0
398625,0
398626,0
398627,0
398628,0
398629,0
398630,0
398631,0
398632,0
398633,0
398634,0
398635,0
398636,0
398637,0
398638,0
398639,0
398640,0
398641,0
398642,0
398643,0
398644,0
398645,0
398646,0
398647,0
398648,0
398649,0
398650,0
398651,0
398652,0
398653,0
398654,0
398655,0
398656,0
398657,0
398658,0
398659,0
398660,0
398661,0
398662,0
398663,0
398664,0
398665,0
398666,0
398667,0
398668,0
398669,0
398670,0
398671,0
398672,0
398673,0
398674,0
398675,0
398676,0
398677,0
398678,0
398679,0
398680,0
398681,0
398682,0
398683,0
398684,0
398685,0
398686,0
398687,0
398688,0
398689,0
398690,0
398691,0
398692,0
398693,0
398694,0
398695,0
398696,0
398697,0
398698,0
398699,0
398700,0
398701,0
398702,0
398703,0
398704,0
398705,0
398706,0
398707,0
398708,0
398709,0
398710,0
398711,0
398712,0
398713,0
398714,0
398715,0
398716,0
398717,0
398718,0
398719,0
398720,0
398721,0
398722,0
398723,0
398724,0
398725,0
398726,0
398727,0
398728,0
398729,0
398730,0
398731,0
398732,0
398733,0
398734,0
398735,0
398736,0
398737,0
398738,0
398739,0
398740,0
398741,0
398742,0
398743,0
398744,0
398745,0
398746,0
398747,0
398748,0
398749,0
398750,0
398751,0
398752,0
398753,0
398754,0
398755,0
398756,0
398757,0
398758,0
398759,0
398760,0
398761,0
398762,0
398763,0
398764,0
398765,0
398766,0
398767,0
398768,0
398769,0
398770,0
398771,0
398772,0
398773,0
398774,0
398775,0
398776,0
398777,0
398778,0
398779,0
398780,0
398781,0
398782,0
398783,0
398784,0
398785,0
398786,0
398787,0
398788,0
398789,0
398790,0
398791,0
398792,0
398793,0
398794,0
398795,0
398796,0
398797,0
398798,0
398799,0
398800,0
398801,0
398802,0
398803,0
398804,0
398805,0
398806,0
398807,0
398808,0
398809,0
398810,0
398811,0
398812,0
398813,0
398814,0
398815,0
398816,0
398817,0
398818,0
398819,0
398820,0
398821,0
398822,0
398823,0
398824,0
398825,0
398826,0
398827,0
398828,0
398829,0
398830,0
398831,0
398832,0
398833,0
398834,0
398835,0
398836,0
398837,0
398838,0
398839,0
398840,0
398841,0
398842,0
398843,0
398844,0
398845,0
398846,0
398847,0
398848,0
398849,0
398850,0
398851,0
398852,0
398853,0
398854,0
398855,0
398856,0
398857,0
398858,0
398859,0
398860,0
398861,0
398862,0
398863,0
398864,0
398865,0
398866,0
398867,0
398868,0
398869,0
398870,0
398871,0
398872,0
398873,0
398874,0
398875,0
398876,0
398877,0
398878,0
398879,0
398880,0
398881,0
398882,0
398883,0
398884,0
398885,0
398886,0
398887,0
398888,0
398889,0
398890,0
398891,0
398892,0
398893,0
398894,0
398895,0
398896,0
398897,0
398898,0
398899,0
398900,0
398901,0
398902,0
398903,0
398904,0
398905,0
398906,0
398907,0
398908,0
398909,0
398910,0
398911,0
398912,0
398913,0
398914,0
398915,0
398916,0
398917,0
398918,0
398919,0
398920,0
398921,0
398922,0
398923,0
398924,0
398925,0
398926,0
398927,0
398928,0
398929,0
398930,0
398931,0
398932,0
398933,0
398934,0
398935,0
398936,0
398937,0
398938,0
398939,0
398940,0
398941,0
398942,0
398943,0
398944,0
398945,0
398946,0
398947,0
398948,0
398949,0
398950,0
398951,0
398952,0
398953,0
398954,0
398955,0
398956,0
398957,0
398958,0
398959,0
398960,0
398961,0
398962,0
398963,0
398964,0
398965,0
398966,0
398967,0
398968,0
398969,0
398970,0
398971,0
398972,0
398973,0
398974,0
398975,0
398976,0
398977,0
398978,0
398979,0
398980,0
398981,0
398982,0
398983,0
398984,0
398985,0
398986,0
398987,0
398988,0
398989,0
398990,0
398991,0
398992,0
398993,0
398994,0
398995,0
398996,0
398997,0
398998,0
398999,0
399000,0
399001,0
399002,0
399003,0
399004,0
399005,0
399006,0
399007,0
399008,0
399009,0
399010,0
399011,0
399012,0
399013,0
399014,0
399015,0
399016,0
399017,0
399018,0
399019,0
399020,0
399021,0
399022,0
399023,0
399024,0
399025,0
399026,0
399027,0
399028,0
399029,0
399030,0
399031,0
399032,0
399033,0
399034,0
399035,0
399036,0
399037,0
399038,0
399039,0
399040,0
399041,0
399042,0
399043,0
399044,0
399045,0
399046,0
399047,0
399048,0
399049,0
399050,0
399051,0
399052,0
399053,0
399054,0
399055,0
399056,0
399057,0
399058,0
399059,0
399060,0
399061,0
399062,0
399063,0
399064,0
399065,0
399066,0
399067,0
399068,0
399069,0
399070,0
399071,0
399072,0
399073,0
399074,0
399075,0
399076,0
399077,0
399078,0
399079,0
399080,0
399081,0
399082,0
399083,0
399084,0
399085,0
399086,0
399087,0
399088,0
399089,0
399090,0
399091,0
399092,0
399093,0
399094,0
399095,0
399096,0
399097,0
399098,0
399099,0
399100,0
399101,0
399102,0
399103,0
399104,0
399105,0
399106,0
399107,0
399108,0
399109,0
399110,0
399111,0
399112,0
399113,0
399114,0
399115,0
399116,0
399117,0
399118,0
399119,0
399120,0
399121,0
399122,0
399123,0
399124,0
399125,0
399126,0
399127,0
399128,0
399129,0
399130,0
399131,0
399132,0
399133,0
399134,0
399135,0
399136,0
399137,0
399138,0
399139,0
399140,0
399141,0
399142,0
399143,0
399144,0
399145,0
399146,0
399147,0
399148,0
399149,0
399150,0
399151,0
399152,0
399153,0
399154,0
399155,0
399156,0
399157,0
399158,0
399159,0
399160,0
399161,0
399162,0
399163,0
399164,0
399165,0
399166,0
399167,0
399168,0
399169,0
399170,0
399171,0
399172,0
399173,0
399174,0
399175,0
399176,0
399177,0
399178,0
399179,0
399180,0
399181,0
399182,0
399183,0
399184,0
399185,0
399186,0
399187,0
399188,0
399189,0
399190,0
399191,0
399192,0
399193,0
399194,0
399195,0
399196,0
399197,0
399198,0
399199,0
399200,0
399201,0
399202,0
399203,0
399204,0
399205,0
399206,0
399207,0
399208,0
399209,0
399210,0
399211,0
399212,0
399213,0
399214,0
399215,0
399216,0
399217,0
399218,0
399219,0
399220,0
399221,0
399222,0
399223,0
399224,0
399225,0
399226,0
399227,0
399228,0
399229,0
399230,0
399231,0
399232,0
399233,0
399234,0
399235,0
399236,0
399237,0
399238,0
399239,0
399240,0
399241,0
399242,0
399243,0
399244,0
399245,0
399246,0
399247,0
399248,0
399249,0
399250,0
399251,0
399252,0
399253,0
399254,0
399255,0
399256,0
399257,0
399258,0
399259,0
399260,0
399261,0
399262,0
399263,0
399264,0
399265,0
399266,0
399267,0
399268,0
399269,0
399270,0
399271,0
399272,0
399273,0
399274,0
399275,0
399276,0
399277,0
399278,0
399279,0
399280,0
399281,0
399282,0
399283,0
399284,0
399285,0
399286,0
399287,0
399288,0
399289,0
399290,0
399291,0
399292,0
399293,0
399294,0
399295,0
399296,0
399297,0
399298,0
399299,0
399300,0
399301,0
399302,0
399303,0
399304,0
399305,0
399306,0
399307,0
399308,0
399309,0
399310,0
399311,0
399312,0
399313,0
399314,0
399315,0
399316,0
399317,0
399318,0
399319,0
399320,0
399321,0
399322,0
399323,0
399324,0
399325,0
399326,0
399327,0
399328,0
399329,0
399330,0
399331,0
399332,0
399333,0
399334,0
399335,0
399336,0
399337,0
399338,0
399339,0
399340,0
399341,0
399342,0
399343,0
399344,0
399345,0
399346,0
399347,0
399348,0
399349,0
399350,0
399351,0
399352,0
399353,0
399354,0
399355,0
399356,0
399357,0
399358,0
399359,0
399360,0
399361,0
399362,0
399363,0
399364,0
399365,0
399366,0
399367,0
399368,0
399369,0
399370,0
399371,0
399372,0
399373,0
399374,0
399375,0
399376,0
399377,0
399378,0
399379,0
399380,0
399381,0
399382,0
399383,0
399384,0
399385,0
399386,0
399387,0
399388,0
399389,0
399390,0
399391,0
399392,0
399393,0
399394,0
399395,0
399396,0
399397,0
399398,0
399399,0
399400,0
399401,0
399402,0
399403,0
399404,0
399405,0
399406,0
399407,0
399408,0
399409,0
399410,0
399411,0
399412,0
399413,0
399414,0
399415,0
399416,0
399417,0
399418,0
399419,0
399420,0
399421,0
399422,0
399423,0
399424,0
399425,0
399426,0
399427,0
399428,0
399429,0
399430,0
399431,0
399432,0
399433,0
399434,0
399435,0
399436,0
399437,0
399438,0
399439,0
399440,0
399441,0
399442,0
399443,0
399444,0
399445,0
399446,0
399447,0
399448,0
399449,0
399450,0
399451,0
399452,0
399453,0
399454,0
399455,0
399456,0
399457,0
399458,0
399459,0
399460,0
399461,0
399462,0
399463,0
399464,0
399465,0
399466,0
399467,0
399468,0
399469,0
399470,0
399471,0
399472,0
399473,0
399474,0
399475,0
399476,0
399477,0
399478,0
399479,0
399480,0
399481,0
399482,0
399483,0
399484,0
399485,0
399486,0
399487,0
399488,0
399489,0
399490,0
399491,0
399492,0
399493,0
399494,0
399495,0
399496,0
399497,0
399498,0
399499,0
399500,0
399501,0
399502,0
399503,0
399504,0
399505,0
399506,0
399507,0
399508,0
399509,0
399510,0
399511,0
399512,0
399513,0
399514,0
399515,0
399516,0
399517,0
399518,0
399519,0
399520,0
399521,0
399522,0
399523,0
399524,0
399525,0
399526,0
399527,0
399528,0
399529,0
399530,0
399531,0
399532,0
399533,0
399534,0
399535,0
399536,0
399537,0
399538,0
399539,0
399540,0
399541,0
399542,0
399543,0
399544,0
399545,0
399546,0
399547,0
399548,0
399549,0
399550,0
399551,0
399552,0
399553,0
399554,0
399555,0
399556,0
399557,0
399558,0
399559,0
399560,0
399561,0
399562,0
399563,0
399564,0
399565,0
399566,0
399567,0
399568,0
399569,0
399570,0
399571,0
399572,0
399573,0
399574,0
399575,0
399576,0
399577,0
399578,0
399579,0
399580,0
399581,0
399582,0
399583,0
399584,0
399585,0
399586,0
399587,0
399588,0
399589,0
399590,0
399591,0
399592,0
399593,0
399594,0
399595,0
399596,0
399597,0
399598,0
399599,0
399600,0
399601,0
399602,0
399603,0
399604,0
399605,0
399606,0
399607,0
399608,0
399609,0
399610,0
399611,0
399612,0
399613,0
399614,0
399615,0
399616,0
399617,0
399618,0
399619,0
399620,0
399621,0
399622,0
399623,0
399624,0
399625,0
399626,0
399627,0
399628,0
399629,0
399630,0
399631,0
399632,0
399633,0
399634,0
399635,0
399636,0
399637,0
399638,0
399639,0
399640,0
399641,0
399642,0
399643,0
399644,0
399645,0
399646,0
399647,0
399648,0
399649,0
399650,0
399651,0
399652,0
399653,0
399654,0
399655,0
399656,0
399657,0
399658,0
399659,0
399660,0
399661,0
399662,0
399663,0
399664,0
399665,0
399666,0
399667,0
399668,0
399669,0
399670,0
399671,0
399672,0
399673,0
399674,0
399675,0
399676,0
399677,0
399678,0
399679,0
399680,0
399681,0
399682,0
399683,0
399684,0
399685,0
399686,0
399687,0
399688,0
399689,0
399690,0
399691,0
399692,0
399693,0
399694,0
399695,0
399696,0
399697,0
399698,0
399699,0
399700,0
399701,0
399702,0
399703,0
399704,0
399705,0
399706,0
399707,0
399708,0
399709,0
399710,0
399711,0
399712,0
399713,0
399714,0
399715,0
399716,0
399717,0
399718,0
399719,0
399720,0
399721,0
399722,0
399723,0
399724,0
399725,0
399726,0
399727,0
399728,0
399729,0
399730,0
399731,0
399732,0
399733,0
399734,0
399735,0
399736,0
399737,0
399738,0
399739,0
399740,0
399741,0
399742,0
399743,0
399744,0
399745,0
399746,0
399747,0
399748,0
399749,0
399750,0
399751,0
399752,0
399753,0
399754,0
399755,0
399756,0
399757,0
399758,0
399759,0
399760,0
399761,0
399762,0
399763,0
399764,0
399765,0
399766,0
399767,0
399768,0
399769,0
399770,0
399771,0
399772,0
399773,0
399774,0
399775,0
399776,0
399777,0
399778,0
399779,0
399780,0
399781,0
399782,0
399783,0
399784,0
399785,0
399786,0
399787,0
399788,0
399789,0
399790,0
399791,0
399792,0
399793,0
399794,0
399795,0
399796,0
399797,0
399798,0
399799,0
399800,0
399801,0
399802,0
399803,0
399804,0
399805,0
399806,0
399807,0
399808,0
399809,0
399810,0
399811,0
399812,0
399813,0
399814,0
399815,0
399816,0
399817,0
399818,0
399819,0
399820,0
399821,0
399822,0
399823,0
399824,0
399825,0
399826,0
399827,0
399828,0
399829,0
399830,0
399831,0
399832,0
399833,0
399834,0
399835,0
399836,0
399837,0
399838,0
399839,0
399840,0
399841,0
399842,0
399843,0
399844,0
399845,0
399846,0
399847,0
399848,0
399849,0
399850,0
399851,0
399852,0
399853,0
399854,0
399855,0
399856,0
399857,0
399858,0
399859,0
399860,0
399861,0
399862,0
399863,0
399864,0
399865,0
399866,0
399867,0
399868,0
399869,0
399870,0
399871,0
399872,0
399873,0
399874,0
399875,0
399876,0
399877,0
399878,0
399879,0
399880,0
399881,0
399882,0
399883,0
399884,0
399885,0
399886,0
399887,0
399888,0
399889,0
399890,0
399891,0
399892,0
399893,0
399894,0
399895,0
399896,0
399897,0
399898,0
399899,0
399900,0
399901,0
399902,0
399903,0
399904,0
399905,0
399906,0
399907,0
399908,0
399909,0
399910,0
399911,0
399912,0
399913,0
399914,0
399915,0
399916,0
399917,0
399918,0
399919,0
399920,0
399921,0
399922,0
399923,0
399924,0
399925,0
399926,0
399927,0
399928,0
399929,0
399930,0
399931,0
399932,0
399933,0
399934,0
399935,0
399936,0
399937,0
399938,0
399939,0
399940,0
399941,0
399942,0
399943,0
399944,0
399945,0
399946,0
399947,0
399948,0
399949,0
399950,0
399951,0
399952,0
399953,0
399954,0
399955,0
399956,0
399957,0
399958,0
399959,0
399960,0
399961,0
399962,0
399963,0
399964,0
399965,0
399966,0
399967,0
399968,0
399969,0
399970,0
399971,0
399972,0
399973,0
399974,0
399975,0
399976,0
399977,0
399978,0
399979,0
399980,0
399981,0
399982,0
399983,0
399984,0
399985,0
399986,0
399987,0
399988,0
399989,0
399990,0
399991,0
399992,0
399993,0
399994,0
399995,0
399996,0
399997,0
399998,0
399999,0
400000,0
400001,0
400002,0
400003,0
400004,0
400005,0
400006,0
400007,0
400008,0
400009,0
400010,0
400011,0
400012,0
400013,0
400014,0
400015,0
400016,0
400017,0
400018,0
400019,0
400020,0
400021,0
400022,0
400023,0
400024,0
400025,0
400026,0
400027,0
400028,0
400029,0
400030,0
400031,0
400032,0
400033,0
400034,0
400035,0
400036,0
400037,0
400038,0
400039,0
400040,0
400041,0
400042,0
400043,0
400044,0
400045,0
400046,0
400047,0
400048,0
400049,0
400050,0
400051,0
400052,0
400053,0
400054,0
400055,0
400056,0
400057,0
400058,0
400059,0
400060,0
400061,0
400062,0
400063,0
400064,0
400065,0
400066,0
400067,0
400068,0
400069,0
400070,0
400071,0
400072,0
400073,0
400074,0
400075,0
400076,0
400077,0
400078,0
400079,0
400080,0
400081,0
400082,0
400083,0
400084,0
400085,0
400086,0
400087,0
400088,0
400089,0
400090,0
400091,0
400092,0
400093,0
400094,0
400095,0
400096,0
400097,0
400098,0
400099,0
400100,0
400101,0
400102,0
400103,0
400104,0
400105,0
400106,0
400107,0
400108,0
400109,0
400110,0
400111,0
400112,0
400113,0
400114,0
400115,0
400116,0
400117,0
400118,0
400119,0
400120,0
400121,0
400122,0
400123,0
400124,0
400125,0
400126,0
400127,0
400128,0
400129,0
400130,0
400131,0
400132,0
400133,0
400134,0
400135,0
400136,0
400137,0
400138,0
400139,0
400140,0
400141,0
400142,0
400143,0
400144,0
400145,0
400146,0
400147,0
400148,0
400149,0
400150,0
400151,0
400152,0
400153,0
400154,0
400155,0
400156,0
400157,0
400158,0
400159,0
400160,0
400161,0
400162,0
400163,0
400164,0
400165,0
400166,0
400167,0
400168,0
400169,0
400170,0
400171,0
400172,0
400173,0
400174,0
400175,0
400176,0
400177,0
400178,0
400179,0
400180,0
400181,0
400182,0
400183,0
400184,0
400185,0
400186,0
400187,0
400188,0
400189,0
400190,0
400191,0
400192,0
400193,0
400194,0
400195,0
400196,0
400197,0
400198,0
400199,0
400200,0
400201,0
400202,0
400203,0
400204,0
400205,0
400206,0
400207,0
400208,0
400209,0
400210,0
400211,0
400212,0
400213,0
400214,0
400215,0
400216,0
400217,0
400218,0
400219,0
400220,0
400221,0
400222,0
400223,0
400224,0
400225,0
400226,0
400227,0
400228,0
400229,0
400230,0
400231,0
400232,0
400233,0
400234,0
400235,0
400236,0
400237,0
400238,0
400239,0
400240,0
400241,0
400242,0
400243,0
400244,0
400245,0
400246,0
400247,0
400248,0
400249,0
400250,0
400251,0
400252,0
400253,0
400254,0
400255,0
400256,0
400257,0
400258,0
400259,0
400260,0
400261,0
400262,0
400263,0
400264,0
400265,0
400266,0
400267,0
400268,0
400269,0
400270,0
400271,0
400272,0
400273,0
400274,0
400275,0
400276,0
400277,0
400278,0
400279,0
400280,0
400281,0
400282,0
400283,0
400284,0
400285,0
400286,0
400287,0
400288,0
400289,0
400290,0
400291,0
400292,0
400293,0
400294,0
400295,0
400296,0
400297,0
400298,0
400299,0
400300,0
400301,0
400302,0
400303,0
400304,0
400305,0
400306,0
400307,0
400308,0
400309,0
400310,0
400311,0
400312,0
400313,0
400314,0
400315,0
400316,0
400317,0
400318,0
400319,0
400320,0
400321,0
400322,0
400323,0
400324,0
400325,0
400326,0
400327,0
400328,0
400329,0
400330,0
400331,0
400332,0
400333,0
400334,0
400335,0
400336,0
400337,0
400338,0
400339,0
400340,0
400341,0
400342,0
400343,0
400344,0
400345,0
400346,0
400347,0
400348,0
400349,0
400350,0
400351,0
400352,0
400353,0
400354,0
400355,0
400356,0
400357,0
400358,0
400359,0
400360,0
400361,0
400362,0
400363,0
400364,0
400365,0
400366,0
400367,0
400368,0
400369,0
400370,0
400371,0
400372,0
400373,0
400374,0
400375,0
400376,0
400377,0
400378,0
400379,0
400380,0
400381,0
400382,0
400383,0
400384,0
400385,0
400386,0
400387,0
400388,0
400389,0
400390,0
400391,0
400392,0
400393,0
400394,0
400395,0
400396,0
400397,0
400398,0
400399,0
400400,0
400401,0
400402,0
400403,0
400404,0
400405,0
400406,0
400407,0
400408,0
400409,0
400410,0
400411,0
400412,0
400413,0
400414,0
400415,0
400416,0
400417,0
400418,0
400419,0
400420,0
400421,0
400422,0
400423,0
400424,0
400425,0
400426,0
400427,0
400428,0
400429,0
400430,0
400431,0
400432,0
400433,0
400434,0
400435,0
400436,0
400437,0
400438,0
400439,0
400440,0
400441,0
400442,0
400443,0
400444,0
400445,0
400446,0
400447,0
400448,0
400449,0
400450,0
400451,0
400452,0
400453,0
400454,0
400455,0
400456,0
400457,0
400458,0
400459,0
400460,0
400461,0
400462,0
400463,0
400464,0
400465,0
400466,0
400467,0
400468,0
400469,0
400470,0
400471,0
400472,0
400473,0
400474,0
400475,0
400476,0
400477,0
400478,0
400479,0
400480,0
400481,0
400482,0
400483,0
400484,0
400485,0
400486,0
400487,0
400488,0
400489,0
400490,0
400491,0
400492,0
400493,0
400494,0
400495,0
400496,0
400497,0
400498,0
400499,0
400500,0
400501,0
400502,0
400503,0
400504,0
400505,0
400506,0
400507,0
400508,0
400509,0
400510,0
400511,0
400512,0
400513,0
400514,0
400515,0
400516,0
400517,0
400518,0
400519,0
400520,0
400521,0
400522,0
400523,0
400524,0
400525,0
400526,0
400527,0
400528,0
400529,0
400530,0
400531,0
400532,0
400533,0
400534,0
400535,0
400536,0
400537,0
400538,0
400539,0
400540,0
400541,0
400542,0
400543,0
400544,0
400545,0
400546,0
400547,0
400548,0
400549,0
400550,0
400551,0
400552,0
400553,0
400554,0
400555,0
400556,0
400557,0
400558,0
400559,0
400560,0
400561,0
400562,0
400563,0
400564,0
400565,0
400566,0
400567,0
400568,0
400569,0
400570,0
400571,0
400572,0
400573,0
400574,0
400575,0
400576,0
400577,0
400578,0
400579,0
400580,0
400581,0
400582,0
400583,0
400584,0
400585,0
400586,0
400587,0
400588,0
400589,0
400590,0
400591,0
400592,0
400593,0
400594,0
400595,0
400596,0
400597,0
400598,0
400599,0
400600,0
400601,0
400602,0
400603,0
400604,0
400605,0
400606,0
400607,0
400608,0
400609,0
400610,0
400611,0
400612,0
400613,0
400614,0
400615,0
400616,0
400617,0
400618,0
400619,0
400620,0
400621,0
400622,0
400623,0
400624,0
400625,0
400626,0
400627,0
400628,0
400629,0
400630,0
400631,0
400632,0
400633,0
400634,0
400635,0
400636,0
400637,0
400638,0
400639,0
400640,0
400641,0
400642,0
400643,0
400644,0
400645,0
400646,0
400647,0
400648,0
400649,0
400650,0
400651,0
400652,0
400653,0
400654,0
400655,0
400656,0
400657,0
400658,0
400659,0
400660,0
400661,0
400662,0
400663,0
400664,0
400665,0
400666,0
400667,0
400668,0
400669,0
400670,0
400671,0
400672,0
400673,0
400674,0
400675,0
400676,0
400677,0
400678,0
400679,0
400680,0
400681,0
400682,0
400683,0
400684,0
400685,0
400686,0
400687,0
400688,0
400689,0
400690,0
400691,0
400692,0
400693,0
400694,0
400695,0
400696,0
400697,0
400698,0
400699,0
400700,0
400701,0
400702,0
400703,0
400704,0
400705,0
400706,0
400707,0
400708,0
400709,0
400710,0
400711,0
400712,0
400713,0
400714,0
400715,0
400716,0
400717,0
400718,0
400719,0
400720,0
400721,0
400722,0
400723,0
400724,0
400725,0
400726,0
400727,0
400728,0
400729,0
400730,0
400731,0
400732,0
400733,0
400734,0
400735,0
400736,0
400737,0
400738,0
400739,0
400740,0
400741,0
400742,0
400743,0
400744,0
400745,0
400746,0
400747,0
400748,0
400749,0
400750,0
400751,0
400752,0
400753,0
400754,0
400755,0
400756,0
400757,0
400758,0
400759,0
400760,0
400761,0
400762,0
400763,0
400764,0
400765,0
400766,0
400767,0
400768,0
400769,0
400770,0
400771,0
400772,0
400773,0
400774,0
400775,0
400776,0
400777,0
400778,0
400779,0
400780,0
400781,0
400782,0
400783,0
400784,0
400785,0
400786,0
400787,0
400788,0
400789,0
400790,0
400791,0
400792,0
400793,0
400794,0
400795,0
400796,0
400797,0
400798,0
400799,0
400800,0
400801,0
400802,0
400803,0
400804,0
400805,0
400806,0
400807,0
400808,0
400809,0
400810,0
400811,0
400812,0
400813,0
400814,0
400815,0
400816,0
400817,0
400818,0
400819,0
400820,0
400821,0
400822,0
400823,0
400824,0
400825,0
400826,0
400827,0
400828,0
400829,0
400830,0
400831,0
400832,0
400833,0
400834,0
400835,0
400836,0
400837,0
400838,0
400839,0
400840,0
400841,0
400842,0
400843,0
400844,0
400845,0
400846,0
400847,0
400848,0
400849,0
400850,0
400851,0
400852,0
400853,0
400854,0
400855,0
400856,0
400857,0
400858,0
400859,0
400860,0
400861,0
400862,0
400863,0
400864,0
400865,0
400866,0
400867,0
400868,0
400869,0
400870,0
400871,0
400872,0
400873,0
400874,0
400875,0
400876,0
400877,0
400878,0
400879,0
400880,0
400881,0
400882,0
400883,0
400884,0
400885,0
400886,0
400887,0
400888,0
400889,0
400890,0
400891,0
400892,0
400893,0
400894,0
400895,0
400896,0
400897,0
400898,0
400899,0
400900,0
400901,0
400902,0
400903,0
400904,0
400905,0
400906,0
400907,0
400908,0
400909,0
400910,0
400911,0
400912,0
400913,0
400914,0
400915,0
400916,0
400917,0
400918,0
400919,0
400920,0
400921,0
400922,0
400923,0
400924,0
400925,0
400926,0
400927,0
400928,0
400929,0
400930,0
400931,0
400932,0
400933,0
400934,0
400935,0
400936,0
400937,0
400938,0
400939,0
400940,0
400941,0
400942,0
400943,0
400944,0
400945,0
400946,0
400947,0
400948,0
400949,0
400950,0
400951,0
400952,0
400953,0
400954,0
400955,0
400956,0
400957,0
400958,0
400959,0
400960,0
400961,0
400962,0
400963,0
400964,0
400965,0
400966,0
400967,0
400968,0
400969,0
400970,0
400971,0
400972,0
400973,0
400974,0
400975,0
400976,0
400977,0
400978,0
400979,0
400980,0
400981,0
400982,0
400983,0
400984,0
400985,0
400986,0
400987,0
400988,0
400989,0
400990,0
400991,0
400992,0
400993,0
400994,0
400995,0
400996,0
400997,0
400998,0
400999,0
401000,0
401001,0
401002,0
401003,0
401004,0
401005,0
401006,0
401007,0
401008,0
401009,0
401010,0
401011,0
401012,0
401013,0
401014,0
401015,0
401016,0
401017,0
401018,0
401019,0
401020,0
401021,0
401022,0
401023,0
401024,0
401025,0
401026,0
401027,0
401028,0
401029,0
401030,0
401031,0
401032,0
401033,0
401034,0
401035,0
401036,0
401037,0
401038,0
401039,0
401040,0
401041,0
401042,0
401043,0
401044,0
401045,0
401046,0
401047,0
401048,0
401049,0
401050,0
401051,0
401052,0
401053,0
401054,0
401055,0
401056,0
401057,0
401058,0
401059,0
401060,0
401061,0
401062,0
401063,0
401064,0
401065,0
401066,0
401067,0
401068,0
401069,0
401070,0
401071,0
401072,0
401073,0
401074,0
401075,0
401076,0
401077,0
401078,0
401079,0
401080,0
401081,0
401082,0
401083,0
401084,0
401085,0
401086,0
401087,0
401088,0
401089,0
401090,0
401091,0
401092,0
401093,0
401094,0
401095,0
401096,0
401097,0
401098,0
401099,0
401100,0
401101,0
401102,0
401103,0
401104,0
401105,0
401106,0
401107,0
401108,0
401109,0
401110,0
401111,0
401112,0
401113,0
401114,0
401115,0
401116,0
401117,0
401118,0
401119,0
401120,0
401121,0
401122,0
401123,0
401124,0
401125,0
401126,0
401127,0
401128,0
401129,0
401130,0
401131,0
401132,0
401133,0
401134,0
401135,0
401136,0
401137,0
401138,0
401139,0
401140,0
401141,0
401142,0
401143,0
401144,0
401145,0
401146,0
401147,0
401148,0
401149,0
401150,0
401151,0
401152,0
401153,0
401154,0
401155,0
401156,0
401157,0
401158,0
401159,0
401160,0
401161,0
401162,0
401163,0
401164,0
401165,0
401166,0
401167,0
401168,0
401169,0
401170,0
401171,0
401172,0
401173,0
401174,0
401175,0
401176,0
401177,0
401178,0
401179,0
401180,0
401181,0
401182,0
401183,0
401184,0
401185,0
401186,0
401187,0
401188,0
401189,0
401190,0
401191,0
401192,0
401193,0
401194,0
401195,0
401196,0
401197,0
401198,0
401199,0
401200,0
401201,0
401202,0
401203,0
401204,0
401205,0
401206,0
401207,0
401208,0
401209,0
401210,0
401211,0
401212,0
401213,0
401214,0
401215,0
401216,0
401217,0
401218,0
401219,0
401220,0
401221,0
401222,0
401223,0
401224,0
401225,0
401226,0
401227,0
401228,0
401229,0
401230,0
401231,0
401232,0
401233,0
401234,0
401235,0
401236,0
401237,0
401238,0
401239,0
401240,0
401241,0
401242,0
401243,0
401244,0
401245,0
401246,0
401247,0
401248,0
401249,0
401250,0
401251,0
401252,0
401253,0
401254,0
401255,0
401256,0
401257,0
401258,0
401259,0
401260,0
401261,0
401262,0
401263,0
401264,0
401265,0
401266,0
401267,0
401268,0
401269,0
401270,0
401271,0
401272,0
401273,0
401274,0
401275,0
401276,0
401277,0
401278,0
401279,0
401280,0
401281,0
401282,0
401283,0
401284,0
401285,0
401286,0
401287,0
401288,0
401289,0
401290,0
401291,0
401292,0
401293,0
401294,0
401295,0
401296,0
401297,0
401298,0
401299,0
401300,0
401301,0
401302,0
401303,0
401304,0
401305,0
401306,0
401307,0
401308,0
401309,0
401310,0
401311,0
401312,0
401313,0
401314,0
401315,0
401316,0
401317,0
401318,0
401319,0
401320,0
401321,0
401322,0
401323,0
401324,0
401325,0
401326,0
401327,0
401328,0
401329,0
401330,0
401331,0
401332,0
401333,0
401334,0
401335,0
401336,0
401337,0
401338,0
401339,0
401340,0
401341,0
401342,0
401343,0
401344,0
401345,0
401346,0
401347,0
401348,0
401349,0
401350,0
401351,0
401352,0
401353,0
401354,0
401355,0
401356,0
401357,0
401358,0
401359,0
401360,0
401361,0
401362,0
401363,0
401364,0
401365,0
401366,0
401367,0
401368,0
401369,0
401370,0
401371,0
401372,0
401373,0
401374,0
401375,0
401376,0
401377,0
401378,0
401379,0
401380,0
401381,0
401382,0
401383,0
401384,0
401385,0
401386,0
401387,0
401388,0
401389,0
401390,0
401391,0
401392,0
401393,0
401394,0
401395,0
401396,0
401397,0
401398,0
401399,0
401400,0
401401,0
401402,0
401403,0
401404,0
401405,0
401406,0
401407,0
401408,0
401409,0
401410,0
401411,0
401412,0
401413,0
401414,0
401415,0
401416,0
401417,0
401418,0
401419,0
401420,0
401421,0
401422,0
401423,0
401424,0
401425,0
401426,0
401427,0
401428,0
401429,0
401430,0
401431,0
401432,0
401433,0
401434,0
401435,0
401436,0
401437,0
401438,0
401439,0
401440,0
401441,0
401442,0
401443,0
401444,0
401445,0
401446,0
401447,0
401448,0
401449,0
401450,0
401451,0
401452,0
401453,0
401454,0
401455,0
401456,0
401457,0
401458,0
401459,0
401460,0
401461,0
401462,0
401463,0
401464,0
401465,0
401466,0
401467,0
401468,0
401469,0
401470,0
401471,0
401472,0
401473,0
401474,0
401475,0
401476,0
401477,0
401478,0
401479,0
401480,0
401481,0
401482,0
401483,0
401484,0
401485,0
401486,0
401487,0
401488,0
401489,0
401490,0
401491,0
401492,0
401493,0
401494,0
401495,0
401496,0
401497,0
401498,0
401499,0
401500,0
401501,0
401502,0
401503,0
401504,0
401505,0
401506,0
401507,0
401508,0
401509,0
401510,0
401511,0
401512,0
401513,0
401514,0
401515,0
401516,0
401517,0
401518,0
401519,0
401520,0
401521,0
401522,0
401523,0
401524,0
401525,0
401526,0
401527,0
401528,0
401529,0
401530,0
401531,0
401532,0
401533,0
401534,0
401535,0
401536,0
401537,0
401538,0
401539,0
401540,0
401541,0
401542,0
401543,0
401544,0
401545,0
401546,0
401547,0
401548,0
401549,0
401550,0
401551,0
401552,0
401553,0
401554,0
401555,0
401556,0
401557,0
401558,0
401559,0
401560,0
401561,0
401562,0
401563,0
401564,0
401565,0
401566,0
401567,0
401568,0
401569,0
401570,0
401571,0
401572,0
401573,0
401574,0
401575,0
401576,0
401577,0
401578,0
401579,0
401580,0
401581,0
401582,0
401583,0
401584,0
401585,0
401586,0
401587,0
401588,0
401589,0
401590,0
401591,0
401592,0
401593,0
401594,0
401595,0
401596,0
401597,0
401598,0
401599,0
401600,0
401601,0
401602,0
401603,0
401604,0
401605,0
401606,0
401607,0
401608,0
401609,0
401610,0
401611,0
401612,0
401613,0
401614,0
401615,0
401616,0
401617,0
401618,0
401619,0
401620,0
401621,0
401622,0
401623,0
401624,0
401625,0
401626,0
401627,0
401628,0
401629,0
401630,0
401631,0
401632,0
401633,0
401634,0
401635,0
401636,0
401637,0
401638,0
401639,0
401640,0
401641,0
401642,0
401643,0
401644,0
401645,0
401646,0
401647,0
401648,0
401649,0
401650,0
401651,0
401652,0
401653,0
401654,0
401655,0
401656,0
401657,0
401658,0
401659,0
401660,0
401661,0
401662,0
401663,0
401664,0
401665,0
401666,0
401667,0
401668,0
401669,0
401670,0
401671,0
401672,0
401673,0
401674,0
401675,0
401676,0
401677,0
401678,0
401679,0
401680,0
401681,0
401682,0
401683,0
401684,0
401685,0
401686,0
401687,0
401688,0
401689,0
401690,0
401691,0
401692,0
401693,0
401694,0
401695,0
401696,0
401697,0
401698,0
401699,0
401700,0
401701,0
401702,0
401703,0
401704,0
401705,0
401706,0
401707,0
401708,0
401709,0
401710,0
401711,0
401712,0
401713,0
401714,0
401715,0
401716,0
401717,0
401718,0
401719,0
401720,0
401721,0
401722,0
401723,0
401724,0
401725,0
401726,0
401727,0
401728,0
401729,0
401730,0
401731,0
401732,0
401733,0
401734,0
401735,0
401736,0
401737,0
401738,0
401739,0
401740,0
401741,0
401742,0
401743,0
401744,0
401745,0
401746,0
401747,0
401748,0
401749,0
401750,0
401751,0
401752,0
401753,0
401754,0
401755,0
401756,0
401757,0
401758,0
401759,0
401760,0
401761,0
401762,0
401763,0
401764,0
401765,0
401766,0
401767,0
401768,0
401769,0
401770,0
401771,0
401772,0
401773,0
401774,0
401775,0
401776,0
401777,0
401778,0
401779,0
401780,0
401781,0
401782,0
401783,0
401784,0
401785,0
401786,0
401787,0
401788,0
401789,0
401790,0
401791,0
401792,0
401793,0
401794,0
401795,0
401796,0
401797,0
401798,0
401799,0
401800,0
401801,0
401802,0
401803,0
401804,0
401805,0
401806,0
401807,0
401808,0
401809,0
401810,0
401811,0
401812,0
401813,0
401814,0
401815,0
401816,0
401817,0
401818,0
401819,0
401820,0
401821,0
401822,0
401823,0
401824,0
401825,0
401826,0
401827,0
401828,0
401829,0
401830,0
401831,0
401832,0
401833,0
401834,0
401835,0
401836,0
401837,0
401838,0
401839,0
401840,0
401841,0
401842,0
401843,0
401844,0
401845,0
401846,0
401847,0
401848,0
401849,0
401850,0
401851,0
401852,0
401853,0
401854,0
401855,0
401856,0
401857,0
401858,0
401859,0
401860,0
401861,0
401862,0
401863,0
401864,0
401865,0
401866,0
401867,0
401868,0
401869,0
401870,0
401871,0
401872,0
401873,0
401874,0
401875,0
401876,0
401877,0
401878,0
401879,0
401880,0
401881,0
401882,0
401883,0
401884,0
401885,0
401886,0
401887,0
401888,0
401889,0
401890,0
401891,0
401892,0
401893,0
401894,0
401895,0
401896,0
401897,0
401898,0
401899,0
401900,0
401901,0
401902,0
401903,0
401904,0
401905,0
401906,0
401907,0
401908,0
401909,0
401910,0
401911,0
401912,0
401913,0
401914,0
401915,0
401916,0
401917,0
401918,0
401919,0
401920,0
401921,0
401922,0
401923,0
401924,0
401925,0
401926,0
401927,0
401928,0
401929,0
401930,0
401931,0
401932,0
401933,0
401934,0
401935,0
401936,0
401937,0
401938,0
401939,0
401940,0
401941,0
401942,0
401943,0
401944,0
401945,0
401946,0
401947,0
401948,0
401949,0
401950,0
401951,0
401952,0
401953,0
401954,0
401955,0
401956,0
401957,0
401958,0
401959,0
401960,0
401961,0
401962,0
401963,0
401964,0
401965,0
401966,0
401967,0
401968,0
401969,0
401970,0
401971,0
401972,0
401973,0
401974,0
401975,0
401976,0
401977,0
401978,0
401979,0
401980,0
401981,0
401982,0
401983,0
401984,0
401985,0
401986,0
401987,0
401988,0
401989,0
401990,0
401991,0
401992,0
401993,0
401994,0
401995,0
401996,0
401997,0
401998,0
401999,0
402000,0
402001,0
402002,0
402003,0
402004,0
402005,0
402006,0
402007,0
402008,0
402009,0
402010,0
402011,0
402012,0
402013,0
402014,0
402015,0
402016,0
402017,0
402018,0
402019,0
402020,0
402021,0
402022,0
402023,0
402024,0
402025,0
402026,0
402027,0
402028,0
402029,0
402030,0
402031,0
402032,0
402033,0
402034,0
402035,0
402036,0
402037,0
402038,0
402039,0
402040,0
402041,0
402042,0
402043,0
402044,0
402045,0
402046,0
402047,0
402048,0
402049,0
402050,0
402051,0
402052,0
402053,0
402054,0
402055,0
402056,0
402057,0
402058,0
402059,0
402060,0
402061,0
402062,0
402063,0
402064,0
402065,0
402066,0
402067,0
402068,0
402069,0
402070,0
402071,0
402072,0
402073,0
402074,0
402075,0
402076,0
402077,0
402078,0
402079,0
402080,0
402081,0
402082,0
402083,0
402084,0
402085,0
402086,0
402087,0
402088,0
402089,0
402090,0
402091,0
402092,0
402093,0
402094,0
402095,0
402096,0
402097,0
402098,0
402099,0
402100,0
402101,0
402102,0
402103,0
402104,0
402105,0
402106,0
402107,0
402108,0
402109,0
402110,0
402111,0
402112,0
402113,0
402114,0
402115,0
402116,0
402117,0
402118,0
402119,0
402120,0
402121,0
402122,0
402123,0
402124,0
402125,0
402126,0
402127,0
402128,0
402129,0
402130,0
402131,0
402132,0
402133,0
402134,0
402135,0
402136,0
402137,0
402138,0
402139,0
402140,0
402141,0
402142,0
402143,0
402144,0
402145,0
402146,0
402147,0
402148,0
402149,0
402150,0
402151,0
402152,0
402153,0
402154,0
402155,0
402156,0
402157,0
402158,0
402159,0
402160,0
402161,0
402162,0
402163,0
402164,0
402165,0
402166,0
402167,0
402168,0
402169,0
402170,0
402171,0
402172,0
402173,0
402174,0
402175,0
402176,0
402177,0
402178,0
402179,0
402180,0
402181,0
402182,0
402183,0
402184,0
402185,0
402186,0
402187,0
402188,0
402189,0
402190,0
402191,0
402192,0
402193,0
402194,0
402195,0
402196,0
402197,0
402198,0
402199,0
402200,0
402201,0
402202,0
402203,0
402204,0
402205,0
402206,0
402207,0
402208,0
402209,0
402210,0
402211,0
402212,0
402213,0
402214,0
402215,0
402216,0
402217,0
402218,0
402219,0
402220,0
402221,0
402222,0
402223,0
402224,0
402225,0
402226,0
402227,0
402228,0
402229,0
402230,0
402231,0
402232,0
402233,0
402234,0
402235,0
402236,0
402237,0
402238,0
402239,0
402240,0
402241,0
402242,0
402243,0
402244,0
402245,0
402246,0
402247,0
402248,0
402249,0
402250,0
402251,0
402252,0
402253,0
402254,0
402255,0
402256,0
402257,0
402258,0
402259,0
402260,0
402261,0
402262,0
402263,0
402264,0
402265,0
402266,0
402267,0
402268,0
402269,0
402270,0
402271,0
402272,0
402273,0
402274,0
402275,0
402276,0
402277,0
402278,0
402279,0
402280,0
402281,0
402282,0
402283,0
402284,0
402285,0
402286,0
402287,0
402288,0
402289,0
402290,0
402291,0
402292,0
402293,0
402294,0
402295,0
402296,0
402297,0
402298,0
402299,0
402300,0
402301,0
402302,0
402303,0
402304,0
402305,0
402306,0
402307,0
402308,0
402309,0
402310,0
402311,0
402312,0
402313,0
402314,0
402315,0
402316,0
402317,0
402318,0
402319,0
402320,0
402321,0
402322,0
402323,0
402324,0
402325,0
402326,0
402327,0
402328,0
402329,0
402330,0
402331,0
402332,0
402333,0
402334,0
402335,0
402336,0
402337,0
402338,0
402339,0
402340,0
402341,0
402342,0
402343,0
402344,0
402345,0
402346,0
402347,0
402348,0
402349,0
402350,0
402351,0
402352,0
402353,0
402354,0
402355,0
402356,0
402357,0
402358,0
402359,0
402360,0
402361,0
402362,0
402363,0
402364,0
402365,0
402366,0
402367,0
402368,0
402369,0
402370,0
402371,0
402372,0
402373,0
402374,0
402375,0
402376,0
402377,0
402378,0
402379,0
402380,0
402381,0
402382,0
402383,0
402384,0
402385,0
402386,0
402387,0
402388,0
402389,0
402390,0
402391,0
402392,0
402393,0
402394,0
402395,0
402396,0
402397,0
402398,0
402399,0
402400,0
402401,0
402402,0
402403,0
402404,0
402405,0
402406,0
402407,0
402408,0
402409,0
402410,0
402411,0
402412,0
402413,0
402414,0
402415,0
402416,0
402417,0
402418,0
402419,0
402420,0
402421,0
402422,0
402423,0
402424,0
402425,0
402426,0
402427,0
402428,0
402429,0
402430,0
402431,0
402432,0
402433,0
402434,0
402435,0
402436,0
402437,0
402438,0
402439,0
402440,0
402441,0
402442,0
402443,0
402444,0
402445,0
402446,0
402447,0
402448,0
402449,0
402450,0
402451,0
402452,0
402453,0
402454,0
402455,0
402456,0
402457,0
402458,0
402459,0
402460,0
402461,0
402462,0
402463,0
402464,0
402465,0
402466,0
402467,0
402468,0
402469,0
402470,0
402471,0
402472,0
402473,0
402474,0
402475,0
402476,0
402477,0
402478,0
402479,0
402480,0
402481,0
402482,0
402483,0
402484,0
402485,0
402486,0
402487,0
402488,0
402489,0
402490,0
402491,0
402492,0
402493,0
402494,0
402495,0
402496,0
402497,0
402498,0
402499,0
402500,0
402501,0
402502,0
402503,0
402504,0
402505,0
402506,0
402507,0
402508,0
402509,0
402510,0
402511,0
402512,0
402513,0
402514,0
402515,0
402516,0
402517,0
402518,0
402519,0
402520,0
402521,0
402522,0
402523,0
402524,0
402525,0
402526,0
402527,0
402528,0
402529,0
402530,0
402531,0
402532,0
402533,0
402534,0
402535,0
402536,0
402537,0
402538,0
402539,0
402540,0
402541,0
402542,0
402543,0
402544,0
402545,0
402546,0
402547,0
402548,0
402549,0
402550,0
402551,0
402552,0
402553,0
402554,0
402555,0
402556,0
402557,0
402558,0
402559,0
402560,0
402561,0
402562,0
402563,0
402564,0
402565,0
402566,0
402567,0
402568,0
402569,0
402570,0
402571,0
402572,0
402573,0
402574,0
402575,0
402576,0
402577,0
402578,0
402579,0
402580,0
402581,0
402582,0
402583,0
402584,0
402585,0
402586,0
402587,0
402588,0
402589,0
402590,0
402591,0
402592,0
402593,0
402594,0
402595,0
402596,0
402597,0
402598,0
402599,0
402600,0
402601,0
402602,0
402603,0
402604,0
402605,0
402606,0
402607,0
402608,0
402609,0
402610,0
402611,0
402612,0
402613,0
402614,0
402615,0
402616,0
402617,0
402618,0
402619,0
402620,0
402621,0
402622,0
402623,0
402624,0
402625,0
402626,0
402627,0
402628,0
402629,0
402630,0
402631,0
402632,0
402633,0
402634,0
402635,0
402636,0
402637,0
402638,0
402639,0
402640,0
402641,0
402642,0
402643,0
402644,0
402645,0
402646,0
402647,0
402648,0
402649,0
402650,0
402651,0
402652,0
402653,0
402654,0
402655,0
402656,0
402657,0
402658,0
402659,0
402660,0
402661,0
402662,0
402663,0
402664,0
402665,0
402666,0
402667,0
402668,0
402669,0
402670,0
402671,0
402672,0
402673,0
402674,0
402675,0
402676,0
402677,0
402678,0
402679,0
402680,0
402681,0
402682,0
402683,0
402684,0
402685,0
402686,0
402687,0
402688,0
402689,0
402690,0
402691,0
402692,0
402693,0
402694,0
402695,0
402696,0
402697,0
402698,0
402699,0
402700,0
402701,0
402702,0
402703,0
402704,0
402705,0
402706,0
402707,0
402708,0
402709,0
402710,0
402711,0
402712,0
402713,0
402714,0
402715,0
402716,0
402717,0
402718,0
402719,0
402720,0
402721,0
402722,0
402723,0
402724,0
402725,0
402726,0
402727,0
402728,0
402729,0
402730,0
402731,0
402732,0
402733,0
402734,0
402735,0
402736,0
402737,0
402738,0
402739,0
402740,0
402741,0
402742,0
402743,0
402744,0
402745,0
402746,0
402747,0
402748,0
402749,0
402750,0
402751,0
402752,0
402753,0
402754,0
402755,0
402756,0
402757,0
402758,0
402759,0
402760,0
402761,0
402762,0
402763,0
402764,0
402765,0
402766,0
402767,0
402768,0
402769,0
402770,0
402771,0
402772,0
402773,0
402774,0
402775,0
402776,0
402777,0
402778,0
402779,0
402780,0
402781,0
402782,0
402783,0
402784,0
402785,0
402786,0
402787,0
402788,0
402789,0
402790,0
402791,0
402792,0
402793,0
402794,0
402795,0
402796,0
402797,0
402798,0
402799,0
402800,0
402801,0
402802,0
402803,0
402804,0
402805,0
402806,0
402807,0
402808,0
402809,0
402810,0
402811,0
402812,0
402813,0
402814,0
402815,0
402816,0
402817,0
402818,0
402819,0
402820,0
402821,0
402822,0
402823,0
402824,0
402825,0
402826,0
402827,0
402828,0
402829,0
402830,0
402831,0
402832,0
402833,0
402834,0
402835,0
402836,0
402837,0
402838,0
402839,0
402840,0
402841,0
402842,0
402843,0
402844,0
402845,0
402846,0
402847,0
402848,0
402849,0
402850,0
402851,0
402852,0
402853,0
402854,0
402855,0
402856,0
402857,0
402858,0
402859,0
402860,0
402861,0
402862,0
402863,0
402864,0
402865,0
402866,0
402867,0
402868,0
402869,0
402870,0
402871,0
402872,0
402873,0
402874,0
402875,0
402876,0
402877,0
402878,0
402879,0
402880,0
402881,0
402882,0
402883,0
402884,0
402885,0
402886,0
402887,0
402888,0
402889,0
402890,0
402891,0
402892,0
402893,0
402894,0
402895,0
402896,0
402897,0
402898,0
402899,0
402900,0
402901,0
402902,0
402903,0
402904,0
402905,0
402906,0
402907,0
402908,0
402909,0
402910,0
402911,0
402912,0
402913,0
402914,0
402915,0
402916,0
402917,0
402918,0
402919,0
402920,0
402921,0
402922,0
402923,0
402924,0
402925,0
402926,0
402927,0
402928,0
402929,0
402930,0
402931,0
402932,0
402933,0
402934,0
402935,0
402936,0
402937,0
402938,0
402939,0
402940,0
402941,0
402942,0
402943,0
402944,0
402945,0
402946,0
402947,0
402948,0
402949,0
402950,0
402951,0
402952,0
402953,0
402954,0
402955,0
402956,0
402957,0
402958,0
402959,0
402960,0
402961,0
402962,0
402963,0
402964,0
402965,0
402966,0
402967,0
402968,0
402969,0
402970,0
402971,0
402972,0
402973,0
402974,0
402975,0
402976,0
402977,0
402978,0
402979,0
402980,0
402981,0
402982,0
402983,0
402984,0
402985,0
402986,0
402987,0
402988,0
402989,0
402990,0
402991,0
402992,0
402993,0
402994,0
402995,0
402996,0
402997,0
402998,0
402999,0
403000,0
403001,0
403002,0
403003,0
403004,0
403005,0
403006,0
403007,0
403008,0
403009,0
403010,0
403011,0
403012,0
403013,0
403014,0
403015,0
403016,0
403017,0
403018,0
403019,0
403020,0
403021,0
403022,0
403023,0
403024,0
403025,0
403026,0
403027,0
403028,0
403029,0
403030,0
403031,0
403032,0
403033,0
403034,0
403035,0
403036,0
403037,0
403038,0
403039,0
403040,0
403041,0
403042,0
403043,0
403044,0
403045,0
403046,0
403047,0
403048,0
403049,0
403050,0
403051,0
403052,0
403053,0
403054,0
403055,0
403056,0
403057,0
403058,0
403059,0
403060,0
403061,0
403062,0
403063,0
403064,0
403065,0
403066,0
403067,0
403068,0
403069,0
403070,0
403071,0
403072,0
403073,0
403074,0
403075,0
403076,0
403077,0
403078,0
403079,0
403080,0
403081,0
403082,0
403083,0
403084,0
403085,0
403086,0
403087,0
403088,0
403089,0
403090,0
403091,0
403092,0
403093,0
403094,0
403095,0
403096,0
403097,0
403098,0
403099,0
403100,0
403101,0
403102,0
403103,0
403104,0
403105,0
403106,0
403107,0
403108,0
403109,0
403110,0
403111,0
403112,0
403113,0
403114,0
403115,0
403116,0
403117,0
403118,0
403119,0
403120,0
403121,0
403122,0
403123,0
403124,0
403125,0
403126,0
403127,0
403128,0
403129,0
403130,0
403131,0
403132,0
403133,0
403134,0
403135,0
403136,0
403137,0
403138,0
403139,0
403140,0
403141,0
403142,0
403143,0
403144,0
403145,0
403146,0
403147,0
403148,0
403149,0
403150,0
403151,0
403152,0
403153,0
403154,0
403155,0
403156,0
403157,0
403158,0
403159,0
403160,0
403161,0
403162,0
403163,0
403164,0
403165,0
403166,0
403167,0
403168,0
403169,0
403170,0
403171,0
403172,0
403173,0
403174,0
403175,0
403176,0
403177,0
403178,0
403179,0
403180,0
403181,0
403182,0
403183,0
403184,0
403185,0
403186,0
403187,0
403188,0
403189,0
403190,0
403191,0
403192,0
403193,0
403194,0
403195,0
403196,0
403197,0
403198,0
403199,0
403200,0
403201,0
403202,0
403203,0
403204,0
403205,0
403206,0
403207,0
403208,0
403209,0
403210,0
403211,0
403212,0
403213,0
403214,0
403215,0
403216,0
403217,0
403218,0
403219,0
403220,0
403221,0
403222,0
403223,0
403224,0
403225,0
403226,0
403227,0
403228,0
403229,0
403230,0
403231,0
403232,0
403233,0
403234,0
403235,0
403236,0
403237,0
403238,0
403239,0
403240,0
403241,0
403242,0
403243,0
403244,0
403245,0
403246,0
403247,0
403248,0
403249,0
403250,0
403251,0
403252,0
403253,0
403254,0
403255,0
403256,0
403257,0
403258,0
403259,0
403260,0
403261,0
403262,0
403263,0
403264,0
403265,0
403266,0
403267,0
403268,0
403269,0
403270,0
403271,0
403272,0
403273,0
403274,0
403275,0
403276,0
403277,0
403278,0
403279,0
403280,0
403281,0
403282,0
403283,0
403284,0
403285,0
403286,0
403287,0
403288,0
403289,0
403290,0
403291,0
403292,0
403293,0
403294,0
403295,0
403296,0
403297,0
403298,0
403299,0
403300,0
403301,0
403302,0
403303,0
403304,0
403305,0
403306,0
403307,0
403308,0
403309,0
403310,0
403311,0
403312,0
403313,0
403314,0
403315,0
403316,0
403317,0
403318,0
403319,0
403320,0
403321,0
403322,0
403323,0
403324,0
403325,0
403326,0
403327,0
403328,0
403329,0
403330,0
403331,0
403332,0
403333,0
403334,0
403335,0
403336,0
403337,0
403338,0
403339,0
403340,0
403341,0
403342,0
403343,0
403344,0
403345,0
403346,0
403347,0
403348,0
403349,0
403350,0
403351,0
403352,0
403353,0
403354,0
403355,0
403356,0
403357,0
403358,0
403359,0
403360,0
403361,0
403362,0
403363,0
403364,0
403365,0
403366,0
403367,0
403368,0
403369,0
403370,0
403371,0
403372,0
403373,0
403374,0
403375,0
403376,0
403377,0
403378,0
403379,0
403380,0
403381,0
403382,0
403383,0
403384,0
403385,0
403386,0
403387,0
403388,0
403389,0
403390,0
403391,0
403392,0
403393,0
403394,0
403395,0
403396,0
403397,0
403398,0
403399,0
403400,0
403401,0
403402,0
403403,0
403404,0
403405,0
403406,0
403407,0
403408,0
403409,0
403410,0
403411,0
403412,0
403413,0
403414,0
403415,0
403416,0
403417,0
403418,0
403419,0
403420,0
403421,0
403422,0
403423,0
403424,0
403425,0
403426,0
403427,0
403428,0
403429,0
403430,0
403431,0
403432,0
403433,0
403434,0
403435,0
403436,0
403437,0
403438,0
403439,0
403440,0
403441,0
403442,0
403443,0
403444,0
403445,0
403446,0
403447,0
403448,0
403449,0
403450,0
403451,0
403452,0
403453,0
403454,0
403455,0
403456,0
403457,0
403458,0
403459,0
403460,0
403461,0
403462,0
403463,0
403464,0
403465,0
403466,0
403467,0
403468,0
403469,0
403470,0
403471,0
403472,0
403473,0
403474,0
403475,0
403476,0
403477,0
403478,0
403479,0
403480,0
403481,0
403482,0
403483,0
403484,0
403485,0
403486,0
403487,0
403488,0
403489,0
403490,0
403491,0
403492,0
403493,0
403494,0
403495,0
403496,0
403497,0
403498,0
403499,0
403500,0
403501,0
403502,0
403503,0
403504,0
403505,0
403506,0
403507,0
403508,0
403509,0
403510,0
403511,0
403512,0
403513,0
403514,0
403515,0
403516,0
403517,0
403518,0
403519,0
403520,0
403521,0
403522,0
403523,0
403524,0
403525,0
403526,0
403527,0
403528,0
403529,0
403530,0
403531,0
403532,0
403533,0
403534,0
403535,0
403536,0
403537,0
403538,0
403539,0
403540,0
403541,0
403542,0
403543,0
403544,0
403545,0
403546,0
403547,0
403548,0
403549,0
403550,0
403551,0
403552,0
403553,0
403554,0
403555,0
403556,0
403557,0
403558,0
403559,0
403560,0
403561,0
403562,0
403563,0
403564,0
403565,0
403566,0
403567,0
403568,0
403569,0
403570,0
403571,0
403572,0
403573,0
403574,0
403575,0
403576,0
403577,0
403578,0
403579,0
403580,0
403581,0
403582,0
403583,0
403584,0
403585,0
403586,0
403587,0
403588,0
403589,0
403590,0
403591,0
403592,0
403593,0
403594,0
403595,0
403596,0
403597,0
403598,0
403599,0
403600,0
403601,0
403602,0
403603,0
403604,0
403605,0
403606,0
403607,0
403608,0
403609,0
403610,0
403611,0
403612,0
403613,0
403614,0
403615,0
403616,0
403617,0
403618,0
403619,0
403620,0
403621,0
403622,0
403623,0
403624,0
403625,0
403626,0
403627,0
403628,0
403629,0
403630,0
403631,0
403632,0
403633,0
403634,0
403635,0
403636,0
403637,0
403638,0
403639,0
403640,0
403641,0
403642,0
403643,0
403644,0
403645,0
403646,0
403647,0
403648,0
403649,0
403650,0
403651,0
403652,0
403653,0
403654,0
403655,0
403656,0
403657,0
403658,0
403659,0
403660,0
403661,0
403662,0
403663,0
403664,0
403665,0
403666,0
403667,0
403668,0
403669,0
403670,0
403671,0
403672,0
403673,0
403674,0
403675,0
403676,0
403677,0
403678,0
403679,0
403680,0
403681,0
403682,0
403683,0
403684,0
403685,0
403686,0
403687,0
403688,0
403689,0
403690,0
403691,0
403692,0
403693,0
403694,0
403695,0
403696,0
403697,0
403698,0
403699,0
403700,0
403701,0
403702,0
403703,0
403704,0
403705,0
403706,0
403707,0
403708,0
403709,0
403710,0
403711,0
403712,0
403713,0
403714,0
403715,0
403716,0
403717,0
403718,0
403719,0
403720,0
403721,0
403722,0
403723,0
403724,0
403725,0
403726,0
403727,0
403728,0
403729,0
403730,0
403731,0
403732,0
403733,0
403734,0
403735,0
403736,0
403737,0
403738,0
403739,0
403740,0
403741,0
403742,0
403743,0
403744,0
403745,0
403746,0
403747,0
403748,0
403749,0
403750,0
403751,0
403752,0
403753,0
403754,0
403755,0
403756,0
403757,0
403758,0
403759,0
403760,0
403761,0
403762,0
403763,0
403764,0
403765,0
403766,0
403767,0
403768,0
403769,0
403770,0
403771,0
403772,0
403773,0
403774,0
403775,0
403776,0
403777,0
403778,0
403779,0
403780,0
403781,0
403782,0
403783,0
403784,0
403785,0
403786,0
403787,0
403788,0
403789,0
403790,0
403791,0
403792,0
403793,0
403794,0
403795,0
403796,0
403797,0
403798,0
403799,0
403800,0
403801,0
403802,0
403803,0
403804,0
403805,0
403806,0
403807,0
403808,0
403809,0
403810,0
403811,0
403812,0
403813,0
403814,0
403815,0
403816,0
403817,0
403818,0
403819,0
403820,0
403821,0
403822,0
403823,0
403824,0
403825,0
403826,0
403827,0
403828,0
403829,0
403830,0
403831,0
403832,0
403833,0
403834,0
403835,0
403836,0
403837,0
403838,0
403839,0
403840,0
403841,0
403842,0
403843,0
403844,0
403845,0
403846,0
403847,0
403848,0
403849,0
403850,0
403851,0
403852,0
403853,0
403854,0
403855,0
403856,0
403857,0
403858,0
403859,0
403860,0
403861,0
403862,0
403863,0
403864,0
403865,0
403866,0
403867,0
403868,0
403869,0
403870,0
403871,0
403872,0
403873,0
403874,0
403875,0
403876,0
403877,0
403878,0
403879,0
403880,0
403881,0
403882,0
403883,0
403884,0
403885,0
403886,0
403887,0
403888,0
403889,0
403890,0
403891,0
403892,0
403893,0
403894,0
403895,0
403896,0
403897,0
403898,0
403899,0
403900,0
403901,0
403902,0
403903,0
403904,0
403905,0
403906,0
403907,0
403908,0
403909,0
403910,0
403911,0
403912,0
403913,0
403914,0
403915,0
403916,0
403917,0
403918,0
403919,0
403920,0
403921,0
403922,0
403923,0
403924,0
403925,0
403926,0
403927,0
403928,0
403929,0
403930,0
403931,0
403932,0
403933,0
403934,0
403935,0
403936,0
403937,0
403938,0
403939,0
403940,0
403941,0
403942,0
403943,0
403944,0
403945,0
403946,0
403947,0
403948,0
403949,0
403950,0
403951,0
403952,0
403953,0
403954,0
403955,0
403956,0
403957,0
403958,0
403959,0
403960,0
403961,0
403962,0
403963,0
403964,0
403965,0
403966,0
403967,0
403968,0
403969,0
403970,0
403971,0
403972,0
403973,0
403974,0
403975,0
403976,0
403977,0
403978,0
403979,0
403980,0
403981,0
403982,0
403983,0
403984,0
403985,0
403986,0
403987,0
403988,0
403989,0
403990,0
403991,0
403992,0
403993,0
403994,0
403995,0
403996,0
403997,0
403998,0
403999,0
404000,0
404001,0
404002,0
404003,0
404004,0
404005,0
404006,0
404007,0
404008,0
404009,0
404010,0
404011,0
404012,0
404013,0
404014,0
404015,0
404016,0
404017,0
404018,0
404019,0
404020,0
404021,0
404022,0
404023,0
404024,0
404025,0
404026,0
404027,0
404028,0
404029,0
404030,0
404031,0
404032,0
404033,0
404034,0
404035,0
404036,0
404037,0
404038,0
404039,0
404040,0
404041,0
404042,0
404043,0
404044,0
404045,0
404046,0
404047,0
404048,0
404049,0
404050,0
404051,0
404052,0
404053,0
404054,0
404055,0
404056,0
404057,0
404058,0
404059,0
404060,0
404061,0
404062,0
404063,0
404064,0
404065,0
404066,0
404067,0
404068,0
404069,0
404070,0
404071,0
404072,0
404073,0
404074,0
404075,0
404076,0
404077,0
404078,0
404079,0
404080,0
404081,0
404082,0
404083,0
404084,0
404085,0
404086,0
404087,0
404088,0
404089,0
404090,0
404091,0
404092,0
404093,0
404094,0
404095,0
404096,0
404097,0
404098,0
404099,0
404100,0
404101,0
404102,0
404103,0
404104,0
404105,0
404106,0
404107,0
404108,0
404109,0
404110,0
404111,0
404112,0
404113,0
404114,0
404115,0
404116,0
404117,0
404118,0
404119,0
404120,0
404121,0
404122,0
404123,0
404124,0
404125,0
404126,0
404127,0
404128,0
404129,0
404130,0
404131,0
404132,0
404133,0
404134,0
404135,0
404136,0
404137,0
404138,0
404139,0
404140,0
404141,0
404142,0
404143,0
404144,0
404145,0
404146,0
404147,0
404148,0
404149,0
404150,0
404151,0
404152,0
404153,0
404154,0
404155,0
404156,0
404157,0
404158,0
404159,0
404160,0
404161,0
404162,0
404163,0
404164,0
404165,0
404166,0
404167,0
404168,0
404169,0
404170,0
404171,0
404172,0
404173,0
404174,0
404175,0
404176,0
404177,0
404178,0
404179,0
404180,0
404181,0
404182,0
404183,0
404184,0
404185,0
404186,0
404187,0
404188,0
404189,0
404190,0
404191,0
404192,0
404193,0
404194,0
404195,0
404196,0
404197,0
404198,0
404199,0
404200,0
404201,0
404202,0
404203,0
404204,0
404205,0
404206,0
404207,0
404208,0
404209,0
404210,0
404211,0
404212,0
404213,0
404214,0
404215,0
404216,0
404217,0
404218,0
404219,0
404220,0
404221,0
404222,0
404223,0
404224,0
404225,0
404226,0
404227,0
404228,0
404229,0
404230,0
404231,0
404232,0
404233,0
404234,0
404235,0
404236,0
404237,0
404238,0
404239,0
404240,0
404241,0
404242,0
404243,0
404244,0
404245,0
404246,0
404247,0
404248,0
404249,0
404250,0
404251,0
404252,0
404253,0
404254,0
404255,0
404256,0
404257,0
404258,0
404259,0
404260,0
404261,0
404262,0
404263,0
404264,0
404265,0
404266,0
404267,0
404268,0
404269,0
404270,0
404271,0
404272,0
404273,0
404274,0
404275,0
404276,0
404277,0
404278,0
404279,0
404280,0
404281,0
404282,0
404283,0
404284,0
404285,0
404286,0
404287,0
404288,0
404289,0
404290,0
404291,0
404292,0
404293,0
404294,0
404295,0
404296,0
404297,0
404298,0
404299,0
404300,0
404301,0
404302,0
404303,0
404304,0
404305,0
404306,0
404307,0
404308,0
404309,0
404310,0
404311,0
404312,0
404313,0
404314,0
404315,0
404316,0
404317,0
404318,0
404319,0
404320,0
404321,0
404322,0
404323,0
404324,0
404325,0
404326,0
404327,0
404328,0
404329,0
404330,0
404331,0
404332,0
404333,0
404334,0
404335,0
404336,0
404337,0
404338,0
404339,0
404340,0
404341,0
404342,0
404343,0
404344,0
404345,0
404346,0
404347,0
404348,0
404349,0
404350,0
404351,0
404352,0
404353,0
404354,0
404355,0
404356,0
404357,0
404358,0
404359,0
404360,0
404361,0
404362,0
404363,0
404364,0
404365,0
404366,0
404367,0
404368,0
404369,0
404370,0
404371,0
404372,0
404373,0
404374,0
404375,0
404376,0
404377,0
404378,0
404379,0
404380,0
404381,0
404382,0
404383,0
404384,0
404385,0
404386,0
404387,0
404388,0
404389,0
404390,0
404391,0
404392,0
404393,0
404394,0
404395,0
404396,0
404397,0
404398,0
404399,0
404400,0
404401,0
404402,0
404403,0
404404,0
404405,0
404406,0
404407,0
404408,0
404409,0
404410,0
404411,0
404412,0
404413,0
404414,0
404415,0
404416,0
404417,0
404418,0
404419,0
404420,0
404421,0
404422,0
404423,0
404424,0
404425,0
404426,0
404427,0
404428,0
404429,0
404430,0
404431,0
404432,0
404433,0
404434,0
404435,0
404436,0
404437,0
404438,0
404439,0
404440,0
404441,0
404442,0
404443,0
404444,0
404445,0
404446,0
404447,0
404448,0
404449,0
404450,0
404451,0
404452,0
404453,0
404454,0
404455,0
404456,0
404457,0
404458,0
404459,0
404460,0
404461,0
404462,0
404463,0
404464,0
404465,0
404466,0
404467,0
404468,0
404469,0
404470,0
404471,0
404472,0
404473,0
404474,0
404475,0
404476,0
404477,0
404478,0
404479,0
404480,0
404481,0
404482,0
404483,0
404484,0
404485,0
404486,0
404487,0
404488,0
404489,0
404490,0
404491,0
404492,0
404493,0
404494,0
404495,0
404496,0
404497,0
404498,0
404499,0
404500,0
404501,0
404502,0
404503,0
404504,0
404505,0
404506,0
404507,0
404508,0
404509,0
404510,0
404511,0
404512,0
404513,0
404514,0
404515,0
404516,0
404517,0
404518,0
404519,0
404520,0
404521,0
404522,0
404523,0
404524,0
404525,0
404526,0
404527,0
404528,0
404529,0
404530,0
404531,0
404532,0
404533,0
404534,0
404535,0
404536,0
404537,0
404538,0
404539,0
404540,0
404541,0
404542,0
404543,0
404544,0
404545,0
404546,0
404547,0
404548,0
404549,0
404550,0
404551,0
404552,0
404553,0
404554,0
404555,0
404556,0
404557,0
404558,0
404559,0
404560,0
404561,0
404562,0
404563,0
404564,0
404565,0
404566,0
404567,0
404568,0
404569,0
404570,0
404571,0
404572,0
404573,0
404574,0
404575,0
404576,0
404577,0
404578,0
404579,0
404580,0
404581,0
404582,0
404583,0
404584,0
404585,0
404586,0
404587,0
404588,0
404589,0
404590,0
404591,0
404592,0
404593,0
404594,0
404595,0
404596,0
404597,0
404598,0
404599,0
404600,0
404601,0
404602,0
404603,0
404604,0
404605,0
404606,0
404607,0
404608,0
404609,0
404610,0
404611,0
404612,0
404613,0
404614,0
404615,0
404616,0
404617,0
404618,0
404619,0
404620,0
404621,0
404622,0
404623,0
404624,0
404625,0
404626,0
404627,0
404628,0
404629,0
404630,0
404631,0
404632,0
404633,0
404634,0
404635,0
404636,0
404637,0
404638,0
404639,0
404640,0
404641,0
404642,0
404643,0
404644,0
404645,0
404646,0
404647,0
404648,0
404649,0
404650,0
404651,0
404652,0
404653,0
404654,0
404655,0
404656,0
404657,0
404658,0
404659,0
404660,0
404661,0
404662,0
404663,0
404664,0
404665,0
404666,0
404667,0
404668,0
404669,0
404670,0
404671,0
404672,0
404673,0
404674,0
404675,0
404676,0
404677,0
404678,0
404679,0
404680,0
404681,0
404682,0
404683,0
404684,0
404685,0
404686,0
404687,0
404688,0
404689,0
404690,0
404691,0
404692,0
404693,0
404694,0
404695,0
404696,0
404697,0
404698,0
404699,0
404700,0
404701,0
404702,0
404703,0
404704,0
404705,0
404706,0
404707,0
404708,0
404709,0
404710,0
404711,0
404712,0
404713,0
404714,0
404715,0
404716,0
404717,0
404718,0
404719,0
404720,0
404721,0
404722,0
404723,0
404724,0
404725,0
404726,0
404727,0
404728,0
404729,0
404730,0
404731,0
404732,0
404733,0
404734,0
404735,0
404736,0
404737,0
404738,0
404739,0
404740,0
404741,0
404742,0
404743,0
404744,0
404745,0
404746,0
404747,0
404748,0
404749,0
404750,0
404751,0
404752,0
404753,0
404754,0
404755,0
404756,0
404757,0
404758,0
404759,0
404760,0
404761,0
404762,0
404763,0
404764,0
404765,0
404766,0
404767,0
404768,0
404769,0
404770,0
404771,0
404772,0
404773,0
404774,0
404775,0
404776,0
404777,0
404778,0
404779,0
404780,0
404781,0
404782,0
404783,0
404784,0
404785,0
404786,0
404787,0
404788,0
404789,0
404790,0
404791,0
404792,0
404793,0
404794,0
404795,0
404796,0
404797,0
404798,0
404799,0
404800,0
404801,0
404802,0
404803,0
404804,0
404805,0
404806,0
404807,0
404808,0
404809,0
404810,0
404811,0
404812,0
404813,0
404814,0
404815,0
404816,0
404817,0
404818,0
404819,0
404820,0
404821,0
404822,0
404823,0
404824,0
404825,0
404826,0
404827,0
404828,0
404829,0
404830,0
404831,0
404832,0
404833,0
404834,0
404835,0
404836,0
404837,0
404838,0
404839,0
404840,0
404841,0
404842,0
404843,0
404844,0
404845,0
404846,0
404847,0
404848,0
404849,0
404850,0
404851,0
404852,0
404853,0
404854,0
404855,0
404856,0
404857,0
404858,0
404859,0
404860,0
404861,0
404862,0
404863,0
404864,0
404865,0
404866,0
404867,0
404868,0
404869,0
404870,0
404871,0
404872,0
404873,0
404874,0
404875,0
404876,0
404877,0
404878,0
404879,0
404880,0
404881,0
404882,0
404883,0
404884,0
404885,0
404886,0
404887,0
404888,0
404889,0
404890,0
404891,0
404892,0
404893,0
404894,0
404895,0
404896,0
404897,0
404898,0
404899,0
404900,0
404901,0
404902,0
404903,0
404904,0
404905,0
404906,0
404907,0
404908,0
404909,0
404910,0
404911,0
404912,0
404913,0
404914,0
404915,0
404916,0
404917,0
404918,0
404919,0
404920,0
404921,0
404922,0
404923,0
404924,0
404925,0
404926,0
404927,0
404928,0
404929,0
404930,0
404931,0
404932,0
404933,0
404934,0
404935,0
404936,0
404937,0
404938,0
404939,0
404940,0
404941,0
404942,0
404943,0
404944,0
404945,0
404946,0
404947,0
404948,0
404949,0
404950,0
404951,0
404952,0
404953,0
404954,0
404955,0
404956,0
404957,0
404958,0
404959,0
404960,0
404961,0
404962,0
404963,0
404964,0
404965,0
404966,0
404967,0
404968,0
404969,0
404970,0
404971,0
404972,0
404973,0
404974,0
404975,0
404976,0
404977,0
404978,0
404979,0
404980,0
404981,0
404982,0
404983,0
404984,0
404985,0
404986,0
404987,0
404988,0
404989,0
404990,0
404991,0
404992,0
404993,0
404994,0
404995,0
404996,0
404997,0
404998,0
404999,0
405000,0
405001,0
405002,0
405003,0
405004,0
405005,0
405006,0
405007,0
405008,0
405009,0
405010,0
405011,0
405012,0
405013,0
405014,0
405015,0
405016,0
405017,0
405018,0
405019,0
405020,0
405021,0
405022,0
405023,0
405024,0
405025,0
405026,0
405027,0
405028,0
405029,0
405030,0
405031,0
405032,0
405033,0
405034,0
405035,0
405036,0
405037,0
405038,0
405039,0
405040,0
405041,0
405042,0
405043,0
405044,0
405045,0
405046,0
405047,0
405048,0
405049,0
405050,0
405051,0
405052,0
405053,0
405054,0
405055,0
405056,0
405057,0
405058,0
405059,0
405060,0
405061,0
405062,0
405063,0
405064,0
405065,0
405066,0
405067,0
405068,0
405069,0
405070,0
405071,0
405072,0
405073,0
405074,0
405075,0
405076,0
405077,0
405078,0
405079,0
405080,0
405081,0
405082,0
405083,0
405084,0
405085,0
405086,0
405087,0
405088,0
405089,0
405090,0
405091,0
405092,0
405093,0
405094,0
405095,0
405096,0
405097,0
405098,0
405099,0
405100,0
405101,0
405102,0
405103,0
405104,0
405105,0
405106,0
405107,0
405108,0
405109,0
405110,0
405111,0
405112,0
405113,0
405114,0
405115,0
405116,0
405117,0
405118,0
405119,0
405120,0
405121,0
405122,0
405123,0
405124,0
405125,0
405126,0
405127,0
405128,0
405129,0
405130,0
405131,0
405132,0
405133,0
405134,0
405135,0
405136,0
405137,0
405138,0
405139,0
405140,0
405141,0
405142,0
405143,0
405144,0
405145,0
405146,0
405147,0
405148,0
405149,0
405150,0
405151,0
405152,0
405153,0
405154,0
405155,0
405156,0
405157,0
405158,0
405159,0
405160,0
405161,0
405162,0
405163,0
405164,0
405165,0
405166,0
405167,0
405168,0
405169,0
405170,0
405171,0
405172,0
405173,0
405174,0
405175,0
405176,0
405177,0
405178,0
405179,0
405180,0
405181,0
405182,0
405183,0
405184,0
405185,0
405186,0
405187,0
405188,0
405189,0
405190,0
405191,0
405192,0
405193,0
405194,0
405195,0
405196,0
405197,0
405198,0
405199,0
405200,0
405201,0
405202,0
405203,0
405204,0
405205,0
405206,0
405207,0
405208,0
405209,0
405210,0
405211,0
405212,0
405213,0
405214,0
405215,0
405216,0
405217,0
405218,0
405219,0
405220,0
405221,0
405222,0
405223,0
405224,0
405225,0
405226,0
405227,0
405228,0
405229,0
405230,0
405231,0
405232,0
405233,0
405234,0
405235,0
405236,0
405237,0
405238,0
405239,0
405240,0
405241,0
405242,0
405243,0
405244,0
405245,0
405246,0
405247,0
405248,0
405249,0
405250,0
405251,0
405252,0
405253,0
405254,0
405255,0
405256,0
405257,0
405258,0
405259,0
405260,0
405261,0
405262,0
405263,0
405264,0
405265,0
405266,0
405267,0
405268,0
405269,0
405270,0
405271,0
405272,0
405273,0
405274,0
405275,0
405276,0
405277,0
405278,0
405279,0
405280,0
405281,0
405282,0
405283,0
405284,0
405285,0
405286,0
405287,0
405288,0
405289,0
405290,0
405291,0
405292,0
405293,0
405294,0
405295,0
405296,0
405297,0
405298,0
405299,0
405300,0
405301,0
405302,0
405303,0
405304,0
405305,0
405306,0
405307,0
405308,0
405309,0
405310,0
405311,0
405312,0
405313,0
405314,0
405315,0
405316,0
405317,0
405318,0
405319,0
405320,0
405321,0
405322,0
405323,0
405324,0
405325,0
405326,0
405327,0
405328,0
405329,0
405330,0
405331,0
405332,0
405333,0
405334,0
405335,0
405336,0
405337,0
405338,0
405339,0
405340,0
405341,0
405342,0
405343,0
405344,0
405345,0
405346,0
405347,0
405348,0
405349,0
405350,0
405351,0
405352,0
405353,0
405354,0
405355,0
405356,0
405357,0
405358,0
405359,0
405360,0
405361,0
405362,0
405363,0
405364,0
405365,0
405366,0
405367,0
405368,0
405369,0
405370,0
405371,0
405372,0
405373,0
405374,0
405375,0
405376,0
405377,0
405378,0
405379,0
405380,0
405381,0
405382,0
405383,0
405384,0
405385,0
405386,0
405387,0
405388,0
405389,0
405390,0
405391,0
405392,0
405393,0
405394,0
405395,0
405396,0
405397,0
405398,0
405399,0
405400,0
405401,0
405402,0
405403,0
405404,0
405405,0
405406,0
405407,0
405408,0
405409,0
405410,0
405411,0
405412,0
405413,0
405414,0
405415,0
405416,0
405417,0
405418,0
405419,0
405420,0
405421,0
405422,0
405423,0
405424,0
405425,0
405426,0
405427,0
405428,0
405429,0
405430,0
405431,0
405432,0
405433,0
405434,0
405435,0
405436,0
405437,0
405438,0
405439,0
405440,0
405441,0
405442,0
405443,0
405444,0
405445,0
405446,0
405447,0
405448,0
405449,0
405450,0
405451,0
405452,0
405453,0
405454,0
405455,0
405456,0
405457,0
405458,0
405459,0
405460,0
405461,0
405462,0
405463,0
405464,0
405465,0
405466,0
405467,0
405468,0
405469,0
405470,0
405471,0
405472,0
405473,0
405474,0
405475,0
405476,0
405477,0
405478,0
405479,0
405480,0
405481,0
405482,0
405483,0
405484,0
405485,0
405486,0
405487,0
405488,0
405489,0
405490,0
405491,0
405492,0
405493,0
405494,0
405495,0
405496,0
405497,0
405498,0
405499,0
405500,0
405501,0
405502,0
405503,0
405504,0
405505,0
405506,0
405507,0
405508,0
405509,0
405510,0
405511,0
405512,0
405513,0
405514,0
405515,0
405516,0
405517,0
405518,0
405519,0
405520,0
405521,0
405522,0
405523,0
405524,0
405525,0
405526,0
405527,0
405528,0
405529,0
405530,0
405531,0
405532,0
405533,0
405534,0
405535,0
405536,0
405537,0
405538,0
405539,0
405540,0
405541,0
405542,0
405543,0
405544,0
405545,0
405546,0
405547,0
405548,0
405549,0
405550,0
405551,0
405552,0
405553,0
405554,0
405555,0
405556,0
405557,0
405558,0
405559,0
405560,0
405561,0
405562,0
405563,0
405564,0
405565,0
405566,0
405567,0
405568,0
405569,0
405570,0
405571,0
405572,0
405573,0
405574,0
405575,0
405576,0
405577,0
405578,0
405579,0
405580,0
405581,0
405582,0
405583,0
405584,0
405585,0
405586,0
405587,0
405588,0
405589,0
405590,0
405591,0
405592,0
405593,0
405594,0
405595,0
405596,0
405597,0
405598,0
405599,0
405600,0
405601,0
405602,0
405603,0
405604,0
405605,0
405606,0
405607,0
405608,0
405609,0
405610,0
405611,0
405612,0
405613,0
405614,0
405615,0
405616,0
405617,0
405618,0
405619,0
405620,0
405621,0
405622,0
405623,0
405624,0
405625,0
405626,0
405627,0
405628,0
405629,0
405630,0
405631,0
405632,0
405633,0
405634,0
405635,0
405636,0
405637,0
405638,0
405639,0
405640,0
405641,0
405642,0
405643,0
405644,0
405645,0
405646,0
405647,0
405648,0
405649,0
405650,0
405651,0
405652,0
405653,0
405654,0
405655,0
405656,0
405657,0
405658,0
405659,0
405660,0
405661,0
405662,0
405663,0
405664,0
405665,0
405666,0
405667,0
405668,0
405669,0
405670,0
405671,0
405672,0
405673,0
405674,0
405675,0
405676,0
405677,0
405678,0
405679,0
405680,0
405681,0
405682,0
405683,0
405684,0
405685,0
405686,0
405687,0
405688,0
405689,0
405690,0
405691,0
405692,0
405693,0
405694,0
405695,0
405696,0
405697,0
405698,0
405699,0
405700,0
405701,0
405702,0
405703,0
405704,0
405705,0
405706,0
405707,0
405708,0
405709,0
405710,0
405711,0
405712,0
405713,0
405714,0
405715,0
405716,0
405717,0
405718,0
405719,0
405720,0
405721,0
405722,0
405723,0
405724,0
405725,0
405726,0
405727,0
405728,0
405729,0
405730,0
405731,0
405732,0
405733,0
405734,0
405735,0
405736,0
405737,0
405738,0
405739,0
405740,0
405741,0
405742,0
405743,0
405744,0
405745,0
405746,0
405747,0
405748,0
405749,0
405750,0
405751,0
405752,0
405753,0
405754,0
405755,0
405756,0
405757,0
405758,0
405759,0
405760,0
405761,0
405762,0
405763,0
405764,0
405765,0
405766,0
405767,0
405768,0
405769,0
405770,0
405771,0
405772,0
405773,0
405774,0
405775,0
405776,0
405777,0
405778,0
405779,0
405780,0
405781,0
405782,0
405783,0
405784,0
405785,0
405786,0
405787,0
405788,0
405789,0
405790,0
405791,0
405792,0
405793,0
405794,0
405795,0
405796,0
405797,0
405798,0
405799,0
405800,0
405801,0
405802,0
405803,0
405804,0
405805,0
405806,0
405807,0
405808,0
405809,0
405810,0
405811,0
405812,0
405813,0
405814,0
405815,0
405816,0
405817,0
405818,0
405819,0
405820,0
405821,0
405822,0
405823,0
405824,0
405825,0
405826,0
405827,0
405828,0
405829,0
405830,0
405831,0
405832,0
405833,0
405834,0
405835,0
405836,0
405837,0
405838,0
405839,0
405840,0
405841,0
405842,0
405843,0
405844,0
405845,0
405846,0
405847,0
405848,0
405849,0
405850,0
405851,0
405852,0
405853,0
405854,0
405855,0
405856,0
405857,0
405858,0
405859,0
405860,0
405861,0
405862,0
405863,0
405864,0
405865,0
405866,0
405867,0
405868,0
405869,0
405870,0
405871,0
405872,0
405873,0
405874,0
405875,0
405876,0
405877,0
405878,0
405879,0
405880,0
405881,0
405882,0
405883,0
405884,0
405885,0
405886,0
405887,0
405888,0
405889,0
405890,0
405891,0
405892,0
405893,0
405894,0
405895,0
405896,0
405897,0
405898,0
405899,0
405900,0
405901,0
405902,0
405903,0
405904,0
405905,0
405906,0
405907,0
405908,0
405909,0
405910,0
405911,0
405912,0
405913,0
405914,0
405915,0
405916,0
405917,0
405918,0
405919,0
405920,0
405921,0
405922,0
405923,0
405924,0
405925,0
405926,0
405927,0
405928,0
405929,0
405930,0
405931,0
405932,0
405933,0
405934,0
405935,0
405936,0
405937,0
405938,0
405939,0
405940,0
405941,0
405942,0
405943,0
405944,0
405945,0
405946,0
405947,0
405948,0
405949,0
405950,0
405951,0
405952,0
405953,0
405954,0
405955,0
405956,0
405957,0
405958,0
405959,0
405960,0
405961,0
405962,0
405963,0
405964,0
405965,0
405966,0
405967,0
405968,0
405969,0
405970,0
405971,0
405972,0
405973,0
405974,0
405975,0
405976,0
405977,0
405978,0
405979,0
405980,0
405981,0
405982,0
405983,0
405984,0
405985,0
405986,0
405987,0
405988,0
405989,0
405990,0
405991,0
405992,0
405993,0
405994,0
405995,0
405996,0
405997,0
405998,0
405999,0
406000,0
406001,0
406002,0
406003,0
406004,0
406005,0
406006,0
406007,0
406008,0
406009,0
406010,0
406011,0
406012,0
406013,0
406014,0
406015,0
406016,0
406017,0
406018,0
406019,0
406020,0
406021,0
406022,0
406023,0
406024,0
406025,0
406026,0
406027,0
406028,0
406029,0
406030,0
406031,0
406032,0
406033,0
406034,0
406035,0
406036,0
406037,0
406038,0
406039,0
406040,0
406041,0
406042,0
406043,0
406044,0
406045,0
406046,0
406047,0
406048,0
406049,0
406050,0
406051,0
406052,0
406053,0
406054,0
406055,0
406056,0
406057,0
406058,0
406059,0
406060,0
406061,0
406062,0
406063,0
406064,0
406065,0
406066,0
406067,0
406068,0
406069,0
406070,0
406071,0
406072,0
406073,0
406074,0
406075,0
406076,0
406077,0
406078,0
406079,0
406080,0
406081,0
406082,0
406083,0
406084,0
406085,0
406086,0
406087,0
406088,0
406089,0
406090,0
406091,0
406092,0
406093,0
406094,0
406095,0
406096,0
406097,0
406098,0
406099,0
406100,0
406101,0
406102,0
406103,0
406104,0
406105,0
406106,0
406107,0
406108,0
406109,0
406110,0
406111,0
406112,0
406113,0
406114,0
406115,0
406116,0
406117,0
406118,0
406119,0
406120,0
406121,0
406122,0
406123,0
406124,0
406125,0
406126,0
406127,0
406128,0
406129,0
406130,0
406131,0
406132,0
406133,0
406134,0
406135,0
406136,0
406137,0
406138,0
406139,0
406140,0
406141,0
406142,0
406143,0
406144,0
406145,0
406146,0
406147,0
406148,0
406149,0
406150,0
406151,0
406152,0
406153,0
406154,0
406155,0
406156,0
406157,0
406158,0
406159,0
406160,0
406161,0
406162,0
406163,0
406164,0
406165,0
406166,0
406167,0
406168,0
406169,0
406170,0
406171,0
406172,0
406173,0
406174,0
406175,0
406176,0
406177,0
406178,0
406179,0
406180,0
406181,0
406182,0
406183,0
406184,0
406185,0
406186,0
406187,0
406188,0
406189,0
406190,0
406191,0
406192,0
406193,0
406194,0
406195,0
406196,0
406197,0
406198,0
406199,0
406200,0
406201,0
406202,0
406203,0
406204,0
406205,0
406206,0
406207,0
406208,0
406209,0
406210,0
406211,0
406212,0
406213,0
406214,0
406215,0
406216,0
406217,0
406218,0
406219,0
406220,0
406221,0
406222,0
406223,0
406224,0
406225,0
406226,0
406227,0
406228,0
406229,0
406230,0
406231,0
406232,0
406233,0
406234,0
406235,0
406236,0
406237,0
406238,0
406239,0
406240,0
406241,0
406242,0
406243,0
406244,0
406245,0
406246,0
406247,0
406248,0
406249,0
406250,0
406251,0
406252,0
406253,0
406254,0
406255,0
406256,0
406257,0
406258,0
406259,0
406260,0
406261,0
406262,0
406263,0
406264,0
406265,0
406266,0
406267,0
406268,0
406269,0
406270,0
406271,0
406272,0
406273,0
406274,0
406275,0
406276,0
406277,0
406278,0
406279,0
406280,0
406281,0
406282,0
406283,0
406284,0
406285,0
406286,0
406287,0
406288,0
406289,0
406290,0
406291,0
406292,0
406293,0
406294,0
406295,0
406296,0
406297,0
406298,0
406299,0
406300,0
406301,0
406302,0
406303,0
406304,0
406305,0
406306,0
406307,0
406308,0
406309,0
406310,0
406311,0
406312,0
406313,0
406314,0
406315,0
406316,0
406317,0
406318,0
406319,0
406320,0
406321,0
406322,0
406323,0
406324,0
406325,0
406326,0
406327,0
406328,0
406329,0
406330,0
406331,0
406332,0
406333,0
406334,0
406335,0
406336,0
406337,0
406338,0
406339,0
406340,0
406341,0
406342,0
406343,0
406344,0
406345,0
406346,0
406347,0
406348,0
406349,0
406350,0
406351,0
406352,0
406353,0
406354,0
406355,0
406356,0
406357,0
406358,0
406359,0
406360,0
406361,0
406362,0
406363,0
406364,0
406365,0
406366,0
406367,0
406368,0
406369,0
406370,0
406371,0
406372,0
406373,0
406374,0
406375,0
406376,0
406377,0
406378,0
406379,0
406380,0
406381,0
406382,0
406383,0
406384,0
406385,0
406386,0
406387,0
406388,0
406389,0
406390,0
406391,0
406392,0
406393,0
406394,0
406395,0
406396,0
406397,0
406398,0
406399,0
406400,0
406401,0
406402,0
406403,0
406404,0
406405,0
406406,0
406407,0
406408,0
406409,0
406410,0
406411,0
406412,0
406413,0
406414,0
406415,0
406416,0
406417,0
406418,0
406419,0
406420,0
406421,0
406422,0
406423,0
406424,0
406425,0
406426,0
406427,0
406428,0
406429,0
406430,0
406431,0
406432,0
406433,0
406434,0
406435,0
406436,0
406437,0
406438,0
406439,0
406440,0
406441,0
406442,0
406443,0
406444,0
406445,0
406446,0
406447,0
406448,0
406449,0
406450,0
406451,0
406452,0
406453,0
406454,0
406455,0
406456,0
406457,0
406458,0
406459,0
406460,0
406461,0
406462,0
406463,0
406464,0
406465,0
406466,0
406467,0
406468,0
406469,0
406470,0
406471,0
406472,0
406473,0
406474,0
406475,0
406476,0
406477,0
406478,0
406479,0
406480,0
406481,0
406482,0
406483,0
406484,0
406485,0
406486,0
406487,0
406488,0
406489,0
406490,0
406491,0
406492,0
406493,0
406494,0
406495,0
406496,0
406497,0
406498,0
406499,0
406500,0
406501,0
406502,0
406503,0
406504,0
406505,0
406506,0
406507,0
406508,0
406509,0
406510,0
406511,0
406512,0
406513,0
406514,0
406515,0
406516,0
406517,0
406518,0
406519,0
406520,0
406521,0
406522,0
406523,0
406524,0
406525,0
406526,0
406527,0
406528,0
406529,0
406530,0
406531,0
406532,0
406533,0
406534,0
406535,0
406536,0
406537,0
406538,0
406539,0
406540,0
406541,0
406542,0
406543,0
406544,0
406545,0
406546,0
406547,0
406548,0
406549,0
406550,0
406551,0
406552,0
406553,0
406554,0
406555,0
406556,0
406557,0
406558,0
406559,0
406560,0
406561,0
406562,0
406563,0
406564,0
406565,0
406566,0
406567,0
406568,0
406569,0
406570,0
406571,0
406572,0
406573,0
406574,0
406575,0
406576,0
406577,0
406578,0
406579,0
406580,0
406581,0
406582,0
406583,0
406584,0
406585,0
406586,0
406587,0
406588,0
406589,0
406590,0
406591,0
406592,0
406593,0
406594,0
406595,0
406596,0
406597,0
406598,0
406599,0
406600,0
406601,0
406602,0
406603,0
406604,0
406605,0
406606,0
406607,0
406608,0
406609,0
406610,0
406611,0
406612,0
406613,0
406614,0
406615,0
406616,0
406617,0
406618,0
406619,0
406620,0
406621,0
406622,0
406623,0
406624,0
406625,0
406626,0
406627,0
406628,0
406629,0
406630,0
406631,0
406632,0
406633,0
406634,0
406635,0
406636,0
406637,0
406638,0
406639,0
406640,0
406641,0
406642,0
406643,0
406644,0
406645,0
406646,0
406647,0
406648,0
406649,0
406650,0
406651,0
406652,0
406653,0
406654,0
406655,0
406656,0
406657,0
406658,0
406659,0
406660,0
406661,0
406662,0
406663,0
406664,0
406665,0
406666,0
406667,0
406668,0
406669,0
406670,0
406671,0
406672,0
406673,0
406674,0
406675,0
406676,0
406677,0
406678,0
406679,0
406680,0
406681,0
406682,0
406683,0
406684,0
406685,0
406686,0
406687,0
406688,0
406689,0
406690,0
406691,0
406692,0
406693,0
406694,0
406695,0
406696,0
406697,0
406698,0
406699,0
406700,0
406701,0
406702,0
406703,0
406704,0
406705,0
406706,0
406707,0
406708,0
406709,0
406710,0
406711,0
406712,0
406713,0
406714,0
406715,0
406716,0
406717,0
406718,0
406719,0
406720,0
406721,0
406722,0
406723,0
406724,0
406725,0
406726,0
406727,0
406728,0
406729,0
406730,0
406731,0
406732,0
406733,0
406734,0
406735,0
406736,0
406737,0
406738,0
406739,0
406740,0
406741,0
406742,0
406743,0
406744,0
406745,0
406746,0
406747,0
406748,0
406749,0
406750,0
406751,0
406752,0
406753,0
406754,0
406755,0
406756,0
406757,0
406758,0
406759,0
406760,0
406761,0
406762,0
406763,0
406764,0
406765,0
406766,0
406767,0
406768,0
406769,0
406770,0
406771,0
406772,0
406773,0
406774,0
406775,0
406776,0
406777,0
406778,0
406779,0
406780,0
406781,0
406782,0
406783,0
406784,0
406785,0
406786,0
406787,0
406788,0
406789,0
406790,0
406791,0
406792,0
406793,0
406794,0
406795,0
406796,0
406797,0
406798,0
406799,0
406800,0
406801,0
406802,0
406803,0
406804,0
406805,0
406806,0
406807,0
406808,0
406809,0
406810,0
406811,0
406812,0
406813,0
406814,0
406815,0
406816,0
406817,0
406818,0
406819,0
406820,0
406821,0
406822,0
406823,0
406824,0
406825,0
406826,0
406827,0
406828,0
406829,0
406830,0
406831,0
406832,0
406833,0
406834,0
406835,0
406836,0
406837,0
406838,0
406839,0
406840,0
406841,0
406842,0
406843,0
406844,0
406845,0
406846,0
406847,0
406848,0
406849,0
406850,0
406851,0
406852,0
406853,0
406854,0
406855,0
406856,0
406857,0
406858,0
406859,0
406860,0
406861,0
406862,0
406863,0
406864,0
406865,0
406866,0
406867,0
406868,0
406869,0
406870,0
406871,0
406872,0
406873,0
406874,0
406875,0
406876,0
406877,0
406878,0
406879,0
406880,0
406881,0
406882,0
406883,0
406884,0
406885,0
406886,0
406887,0
406888,0
406889,0
406890,0
406891,0
406892,0
406893,0
406894,0
406895,0
406896,0
406897,0
406898,0
406899,0
406900,0
406901,0
406902,0
406903,0
406904,0
406905,0
406906,0
406907,0
406908,0
406909,0
406910,0
406911,0
406912,0
406913,0
406914,0
406915,0
406916,0
406917,0
406918,0
406919,0
406920,0
406921,0
406922,0
406923,0
406924,0
406925,0
406926,0
406927,0
406928,0
406929,0
406930,0
406931,0
406932,0
406933,0
406934,0
406935,0
406936,0
406937,0
406938,0
406939,0
406940,0
406941,0
406942,0
406943,0
406944,0
406945,0
406946,0
406947,0
406948,0
406949,0
406950,0
406951,0
406952,0
406953,0
406954,0
406955,0
406956,0
406957,0
406958,0
406959,0
406960,0
406961,0
406962,0
406963,0
406964,0
406965,0
406966,0
406967,0
406968,0
406969,0
406970,0
406971,0
406972,0
406973,0
406974,0
406975,0
406976,0
406977,0
406978,0
406979,0
406980,0
406981,0
406982,0
406983,0
406984,0
406985,0
406986,0
406987,0
406988,0
406989,0
406990,0
406991,0
406992,0
406993,0
406994,0
406995,0
406996,0
406997,0
406998,0
406999,0
407000,0
407001,0
407002,0
407003,0
407004,0
407005,0
407006,0
407007,0
407008,0
407009,0
407010,0
407011,0
407012,0
407013,0
407014,0
407015,0
407016,0
407017,0
407018,0
407019,0
407020,0
407021,0
407022,0
407023,0
407024,0
407025,0
407026,0
407027,0
407028,0
407029,0
407030,0
407031,0
407032,0
407033,0
407034,0
407035,0
407036,0
407037,0
407038,0
407039,0
407040,0
407041,0
407042,0
407043,0
407044,0
407045,0
407046,0
407047,0
407048,0
407049,0
407050,0
407051,0
407052,0
407053,0
407054,0
407055,0
407056,0
407057,0
407058,0
407059,0
407060,0
407061,0
407062,0
407063,0
407064,0
407065,0
407066,0
407067,0
407068,0
407069,0
407070,0
407071,0
407072,0
407073,0
407074,0
407075,0
407076,0
407077,0
407078,0
407079,0
407080,0
407081,0
407082,0
407083,0
407084,0
407085,0
407086,0
407087,0
407088,0
407089,0
407090,0
407091,0
407092,0
407093,0
407094,0
407095,0
407096,0
407097,0
407098,0
407099,0
407100,0
407101,0
407102,0
407103,0
407104,0
407105,0
407106,0
407107,0
407108,0
407109,0
407110,0
407111,0
407112,0
407113,0
407114,0
407115,0
407116,0
407117,0
407118,0
407119,0
407120,0
407121,0
407122,0
407123,0
407124,0
407125,0
407126,0
407127,0
407128,0
407129,0
407130,0
407131,0
407132,0
407133,0
407134,0
407135,0
407136,0
407137,0
407138,0
407139,0
407140,0
407141,0
407142,0
407143,0
407144,0
407145,0
407146,0
407147,0
407148,0
407149,0
407150,0
407151,0
407152,0
407153,0
407154,0
407155,0
407156,0
407157,0
407158,0
407159,0
407160,0
407161,0
407162,0
407163,0
407164,0
407165,0
407166,0
407167,0
407168,0
407169,0
407170,0
407171,0
407172,0
407173,0
407174,0
407175,0
407176,0
407177,0
407178,0
407179,0
407180,0
407181,0
407182,0
407183,0
407184,0
407185,0
407186,0
407187,0
407188,0
407189,0
407190,0
407191,0
407192,0
407193,0
407194,0
407195,0
407196,0
407197,0
407198,0
407199,0
407200,0
407201,0
407202,0
407203,0
407204,0
407205,0
407206,0
407207,0
407208,0
407209,0
407210,0
407211,0
407212,0
407213,0
407214,0
407215,0
407216,0
407217,0
407218,0
407219,0
407220,0
407221,0
407222,0
407223,0
407224,0
407225,0
407226,0
407227,0
407228,0
407229,0
407230,0
407231,0
407232,0
407233,0
407234,0
407235,0
407236,0
407237,0
407238,0
407239,0
407240,0
407241,0
407242,0
407243,0
407244,0
407245,0
407246,0
407247,0
407248,0
407249,0
407250,0
407251,0
407252,0
407253,0
407254,0
407255,0
407256,0
407257,0
407258,0
407259,0
407260,0
407261,0
407262,0
407263,0
407264,0
407265,0
407266,0
407267,0
407268,0
407269,0
407270,0
407271,0
407272,0
407273,0
407274,0
407275,0
407276,0
407277,0
407278,0
407279,0
407280,0
407281,0
407282,0
407283,0
407284,0
407285,0
407286,0
407287,0
407288,0
407289,0
407290,0
407291,0
407292,0
407293,0
407294,0
407295,0
407296,0
407297,0
407298,0
407299,0
407300,0
407301,0
407302,0
407303,0
407304,0
407305,0
407306,0
407307,0
407308,0
407309,0
407310,0
407311,0
407312,0
407313,0
407314,0
407315,0
407316,0
407317,0
407318,0
407319,0
407320,0
407321,0
407322,0
407323,0
407324,0
407325,0
407326,0
407327,0
407328,0
407329,0
407330,0
407331,0
407332,0
407333,0
407334,0
407335,0
407336,0
407337,0
407338,0
407339,0
407340,0
407341,0
407342,0
407343,0
407344,0
407345,0
407346,0
407347,0
407348,0
407349,0
407350,0
407351,0
407352,0
407353,0
407354,0
407355,0
407356,0
407357,0
407358,0
407359,0
407360,0
407361,0
407362,0
407363,0
407364,0
407365,0
407366,0
407367,0
407368,0
407369,0
407370,0
407371,0
407372,0
407373,0
407374,0
407375,0
407376,0
407377,0
407378,0
407379,0
407380,0
407381,0
407382,0
407383,0
407384,0
407385,0
407386,0
407387,0
407388,0
407389,0
407390,0
407391,0
407392,0
407393,0
407394,0
407395,0
407396,0
407397,0
407398,0
407399,0
407400,0
407401,0
407402,0
407403,0
407404,0
407405,0
407406,0
407407,0
407408,0
407409,0
407410,0
407411,0
407412,0
407413,0
407414,0
407415,0
407416,0
407417,0
407418,0
407419,0
407420,0
407421,0
407422,0
407423,0
407424,0
407425,0
407426,0
407427,0
407428,0
407429,0
407430,0
407431,0
407432,0
407433,0
407434,0
407435,0
407436,0
407437,0
407438,0
407439,0
407440,0
407441,0
407442,0
407443,0
407444,0
407445,0
407446,0
407447,0
407448,0
407449,0
407450,0
407451,0
407452,0
407453,0
407454,0
407455,0
407456,0
407457,0
407458,0
407459,0
407460,0
407461,0
407462,0
407463,0
407464,0
407465,0
407466,0
407467,0
407468,0
407469,0
407470,0
407471,0
407472,0
407473,0
407474,0
407475,0
407476,0
407477,0
407478,0
407479,0
407480,0
407481,0
407482,0
407483,0
407484,0
407485,0
407486,0
407487,0
407488,0
407489,0
407490,0
407491,0
407492,0
407493,0
407494,0
407495,0
407496,0
407497,0
407498,0
407499,0
407500,0
407501,0
407502,0
407503,0
407504,0
407505,0
407506,0
407507,0
407508,0
407509,0
407510,0
407511,0
407512,0
407513,0
407514,0
407515,0
407516,0
407517,0
407518,0
407519,0
407520,0
407521,0
407522,0
407523,0
407524,0
407525,0
407526,0
407527,0
407528,0
407529,0
407530,0
407531,0
407532,0
407533,0
407534,0
407535,0
407536,0
407537,0
407538,0
407539,0
407540,0
407541,0
407542,0
407543,0
407544,0
407545,0
407546,0
407547,0
407548,0
407549,0
407550,0
407551,0
407552,0
407553,0
407554,0
407555,0
407556,0
407557,0
407558,0
407559,0
407560,0
407561,0
407562,0
407563,0
407564,0
407565,0
407566,0
407567,0
407568,0
407569,0
407570,0
407571,0
407572,0
407573,0
407574,0
407575,0
407576,0
407577,0
407578,0
407579,0
407580,0
407581,0
407582,0
407583,0
407584,0
407585,0
407586,0
407587,0
407588,0
407589,0
407590,0
407591,0
407592,0
407593,0
407594,0
407595,0
407596,0
407597,0
407598,0
407599,0
407600,0
407601,0
407602,0
407603,0
407604,0
407605,0
407606,0
407607,0
407608,0
407609,0
407610,0
407611,0
407612,0
407613,0
407614,0
407615,0
407616,0
407617,0
407618,0
407619,0
407620,0
407621,0
407622,0
407623,0
407624,0
407625,0
407626,0
407627,0
407628,0
407629,0
407630,0
407631,0
407632,0
407633,0
407634,0
407635,0
407636,0
407637,0
407638,0
407639,0
407640,0
407641,0
407642,0
407643,0
407644,0
407645,0
407646,0
407647,0
407648,0
407649,0
407650,0
407651,0
407652,0
407653,0
407654,0
407655,0
407656,0
407657,0
407658,0
407659,0
407660,0
407661,0
407662,0
407663,0
407664,0
407665,0
407666,0
407667,0
407668,0
407669,0
407670,0
407671,0
407672,0
407673,0
407674,0
407675,0
407676,0
407677,0
407678,0
407679,0
407680,0
407681,0
407682,0
407683,0
407684,0
407685,0
407686,0
407687,0
407688,0
407689,0
407690,0
407691,0
407692,0
407693,0
407694,0
407695,0
407696,0
407697,0
407698,0
407699,0
407700,0
407701,0
407702,0
407703,0
407704,0
407705,0
407706,0
407707,0
407708,0
407709,0
407710,0
407711,0
407712,0
407713,0
407714,0
407715,0
407716,0
407717,0
407718,0
407719,0
407720,0
407721,0
407722,0
407723,0
407724,0
407725,0
407726,0
407727,0
407728,0
407729,0
407730,0
407731,0
407732,0
407733,0
407734,0
407735,0
407736,0
407737,0
407738,0
407739,0
407740,0
407741,0
407742,0
407743,0
407744,0
407745,0
407746,0
407747,0
407748,0
407749,0
407750,0
407751,0
407752,0
407753,0
407754,0
407755,0
407756,0
407757,0
407758,0
407759,0
407760,0
407761,0
407762,0
407763,0
407764,0
407765,0
407766,0
407767,0
407768,0
407769,0
407770,0
407771,0
407772,0
407773,0
407774,0
407775,0
407776,0
407777,0
407778,0
407779,0
407780,0
407781,0
407782,0
407783,0
407784,0
407785,0
407786,0
407787,0
407788,0
407789,0
407790,0
407791,0
407792,0
407793,0
407794,0
407795,0
407796,0
407797,0
407798,0
407799,0
407800,0
407801,0
407802,0
407803,0
407804,0
407805,0
407806,0
407807,0
407808,0
407809,0
407810,0
407811,0
407812,0
407813,0
407814,0
407815,0
407816,0
407817,0
407818,0
407819,0
407820,0
407821,0
407822,0
407823,0
407824,0
407825,0
407826,0
407827,0
407828,0
407829,0
407830,0
407831,0
407832,0
407833,0
407834,0
407835,0
407836,0
407837,0
407838,0
407839,0
407840,0
407841,0
407842,0
407843,0
407844,0
407845,0
407846,0
407847,0
407848,0
407849,0
407850,0
407851,0
407852,0
407853,0
407854,0
407855,0
407856,0
407857,0
407858,0
407859,0
407860,0
407861,0
407862,0
407863,0
407864,0
407865,0
407866,0
407867,0
407868,0
407869,0
407870,0
407871,0
407872,0
407873,0
407874,0
407875,0
407876,0
407877,0
407878,0
407879,0
407880,0
407881,0
407882,0
407883,0
407884,0
407885,0
407886,0
407887,0
407888,0
407889,0
407890,0
407891,0
407892,0
407893,0
407894,0
407895,0
407896,0
407897,0
407898,0
407899,0
407900,0
407901,0
407902,0
407903,0
407904,0
407905,0
407906,0
407907,0
407908,0
407909,0
407910,0
407911,0
407912,0
407913,0
407914,0
407915,0
407916,0
407917,0
407918,0
407919,0
407920,0
407921,0
407922,0
407923,0
407924,0
407925,0
407926,0
407927,0
407928,0
407929,0
407930,0
407931,0
407932,0
407933,0
407934,0
407935,0
407936,0
407937,0
407938,0
407939,0
407940,0
407941,0
407942,0
407943,0
407944,0
407945,0
407946,0
407947,0
407948,0
407949,0
407950,0
407951,0
407952,0
407953,0
407954,0
407955,0
407956,0
407957,0
407958,0
407959,0
407960,0
407961,0
407962,0
407963,0
407964,0
407965,0
407966,0
407967,0
407968,0
407969,0
407970,0
407971,0
407972,0
407973,0
407974,0
407975,0
407976,0
407977,0
407978,0
407979,0
407980,0
407981,0
407982,0
407983,0
407984,0
407985,0
407986,0
407987,0
407988,0
407989,0
407990,0
407991,0
407992,0
407993,0
407994,0
407995,0
407996,0
407997,0
407998,0
407999,0
408000,0
408001,0
408002,0
408003,0
408004,0
408005,0
408006,0
408007,0
408008,0
408009,0
408010,0
408011,0
408012,0
408013,0
408014,0
408015,0
408016,0
408017,0
408018,0
408019,0
408020,0
408021,0
408022,0
408023,0
408024,0
408025,0
408026,0
408027,0
408028,0
408029,0
408030,0
408031,0
408032,0
408033,0
408034,0
408035,0
408036,0
408037,0
408038,0
408039,0
408040,0
408041,0
408042,0
408043,0
408044,0
408045,0
408046,0
408047,0
408048,0
408049,0
408050,0
408051,0
408052,0
408053,0
408054,0
408055,0
408056,0
408057,0
408058,0
408059,0
408060,0
408061,0
408062,0
408063,0
408064,0
408065,0
408066,0
408067,0
408068,0
408069,0
408070,0
408071,0
408072,0
408073,0
408074,0
408075,0
408076,0
408077,0
408078,0
408079,0
408080,0
408081,0
408082,0
408083,0
408084,0
408085,0
408086,0
408087,0
408088,0
408089,0
408090,0
408091,0
408092,0
408093,0
408094,0
408095,0
408096,0
408097,0
408098,0
408099,0
408100,0
408101,0
408102,0
408103,0
408104,0
408105,0
408106,0
408107,0
408108,0
408109,0
408110,0
408111,0
408112,0
408113,0
408114,0
408115,0
408116,0
408117,0
408118,0
408119,0
408120,0
408121,0
408122,0
408123,0
408124,0
408125,0
408126,0
408127,0
408128,0
408129,0
408130,0
408131,0
408132,0
408133,0
408134,0
408135,0
408136,0
408137,0
408138,0
408139,0
408140,0
408141,0
408142,0
408143,0
408144,0
408145,0
408146,0
408147,0
408148,0
408149,0
408150,0
408151,0
408152,0
408153,0
408154,0
408155,0
408156,0
408157,0
408158,0
408159,0
408160,0
408161,0
408162,0
408163,0
408164,0
408165,0
408166,0
408167,0
408168,0
408169,0
408170,0
408171,0
408172,0
408173,0
408174,0
408175,0
408176,0
408177,0
408178,0
408179,0
408180,0
408181,0
408182,0
408183,0
408184,0
408185,0
408186,0
408187,0
408188,0
408189,0
408190,0
408191,0
408192,0
408193,0
408194,0
408195,0
408196,0
408197,0
408198,0
408199,0
408200,0
408201,0
408202,0
408203,0
408204,0
408205,0
408206,0
408207,0
408208,0
408209,0
408210,0
408211,0
408212,0
408213,0
408214,0
408215,0
408216,0
408217,0
408218,0
408219,0
408220,0
408221,0
408222,0
408223,0
408224,0
408225,0
408226,0
408227,0
408228,0
408229,0
408230,0
408231,0
408232,0
408233,0
408234,0
408235,0
408236,0
408237,0
408238,0
408239,0
408240,0
408241,0
408242,0
408243,0
408244,0
408245,0
408246,0
408247,0
408248,0
408249,0
408250,0
408251,0
408252,0
408253,0
408254,0
408255,0
408256,0
408257,0
408258,0
408259,0
408260,0
408261,0
408262,0
408263,0
408264,0
408265,0
408266,0
408267,0
408268,0
408269,0
408270,0
408271,0
408272,0
408273,0
408274,0
408275,0
408276,0
408277,0
408278,0
408279,0
408280,0
408281,0
408282,0
408283,0
408284,0
408285,0
408286,0
408287,0
408288,0
408289,0
408290,0
408291,0
408292,0
408293,0
408294,0
408295,0
408296,0
408297,0
408298,0
408299,0
408300,0
408301,0
408302,0
408303,0
408304,0
408305,0
408306,0
408307,0
408308,0
408309,0
408310,0
408311,0
408312,0
408313,0
408314,0
408315,0
408316,0
408317,0
408318,0
408319,0
408320,0
408321,0
408322,0
408323,0
408324,0
408325,0
408326,0
408327,0
408328,0
408329,0
408330,0
408331,0
408332,0
408333,0
408334,0
408335,0
408336,0
408337,0
408338,0
408339,0
408340,0
408341,0
408342,0
408343,0
408344,0
408345,0
408346,0
408347,0
408348,0
408349,0
408350,0
408351,0
408352,0
408353,0
408354,0
408355,0
408356,0
408357,0
408358,0
408359,0
408360,0
408361,0
408362,0
408363,0
408364,0
408365,0
408366,0
408367,0
408368,0
408369,0
408370,0
408371,0
408372,0
408373,0
408374,0
408375,0
408376,0
408377,0
408378,0
408379,0
408380,0
408381,0
408382,0
408383,0
408384,0
408385,0
408386,0
408387,0
408388,0
408389,0
408390,0
408391,0
408392,0
408393,0
408394,0
408395,0
408396,0
408397,0
408398,0
408399,0
408400,0
408401,0
408402,0
408403,0
408404,0
408405,0
408406,0
408407,0
408408,0
408409,0
408410,0
408411,0
408412,0
408413,0
408414,0
408415,0
408416,0
408417,0
408418,0
408419,0
408420,0
408421,0
408422,0
408423,0
408424,0
408425,0
408426,0
408427,0
408428,0
408429,0
408430,0
408431,0
408432,0
408433,0
408434,0
408435,0
408436,0
408437,0
408438,0
408439,0
408440,0
408441,0
408442,0
408443,0
408444,0
408445,0
408446,0
408447,0
408448,0
408449,0
408450,0
408451,0
408452,0
408453,0
408454,0
408455,0
408456,0
408457,0
408458,0
408459,0
408460,0
408461,0
408462,0
408463,0
408464,0
408465,0
408466,0
408467,0
408468,0
408469,0
408470,0
408471,0
408472,0
408473,0
408474,0
408475,0
408476,0
408477,0
408478,0
408479,0
408480,0
408481,0
408482,0
408483,0
408484,0
408485,0
408486,0
408487,0
408488,0
408489,0
408490,0
408491,0
408492,0
408493,0
408494,0
408495,0
408496,0
408497,0
408498,0
408499,0
408500,0
408501,0
408502,0
408503,0
408504,0
408505,0
408506,0
408507,0
408508,0
408509,0
408510,0
408511,0
408512,0
408513,0
408514,0
408515,0
408516,0
408517,0
408518,0
408519,0
408520,0
408521,0
408522,0
408523,0
408524,0
408525,0
408526,0
408527,0
408528,0
408529,0
408530,0
408531,0
408532,0
408533,0
408534,0
408535,0
408536,0
408537,0
408538,0
408539,0
408540,0
408541,0
408542,0
408543,0
408544,0
408545,0
408546,0
408547,0
408548,0
408549,0
408550,0
408551,0
408552,0
408553,0
408554,0
408555,0
408556,0
408557,0
408558,0
408559,0
408560,0
408561,0
408562,0
408563,0
408564,0
408565,0
408566,0
408567,0
408568,0
408569,0
408570,0
408571,0
408572,0
408573,0
408574,0
408575,0
408576,0
408577,0
408578,0
408579,0
408580,0
408581,0
408582,0
408583,0
408584,0
408585,0
408586,0
408587,0
408588,0
408589,0
408590,0
408591,0
408592,0
408593,0
408594,0
408595,0
408596,0
408597,0
408598,0
408599,0
408600,0
408601,0
408602,0
408603,0
408604,0
408605,0
408606,0
408607,0
408608,0
408609,0
408610,0
408611,0
408612,0
408613,0
408614,0
408615,0
408616,0
408617,0
408618,0
408619,0
408620,0
408621,0
408622,0
408623,0
408624,0
408625,0
408626,0
408627,0
408628,0
408629,0
408630,0
408631,0
408632,0
408633,0
408634,0
408635,0
408636,0
408637,0
408638,0
408639,0
408640,0
408641,0
408642,0
408643,0
408644,0
408645,0
408646,0
408647,0
408648,0
408649,0
408650,0
408651,0
408652,0
408653,0
408654,0
408655,0
408656,0
408657,0
408658,0
408659,0
408660,0
408661,0
408662,0
408663,0
408664,0
408665,0
408666,0
408667,0
408668,0
408669,0
408670,0
408671,0
408672,0
408673,0
408674,0
408675,0
408676,0
408677,0
408678,0
408679,0
408680,0
408681,0
408682,0
408683,0
408684,0
408685,0
408686,0
408687,0
408688,0
408689,0
408690,0
408691,0
408692,0
408693,0
408694,0
408695,0
408696,0
408697,0
408698,0
408699,0
408700,0
408701,0
408702,0
408703,0
408704,0
408705,0
408706,0
408707,0
408708,0
408709,0
408710,0
408711,0
408712,0
408713,0
408714,0
408715,0
408716,0
408717,0
408718,0
408719,0
408720,0
408721,0
408722,0
408723,0
408724,0
408725,0
408726,0
408727,0
408728,0
408729,0
408730,0
408731,0
408732,0
408733,0
408734,0
408735,0
408736,0
408737,0
408738,0
408739,0
408740,0
408741,0
408742,0
408743,0
408744,0
408745,0
408746,0
408747,0
408748,0
408749,0
408750,0
408751,0
408752,0
408753,0
408754,0
408755,0
408756,0
408757,0
408758,0
408759,0
408760,0
408761,0
408762,0
408763,0
408764,0
408765,0
408766,0
408767,0
408768,0
408769,0
408770,0
408771,0
408772,0
408773,0
408774,0
408775,0
408776,0
408777,0
408778,0
408779,0
408780,0
408781,0
408782,0
408783,0
408784,0
408785,0
408786,0
408787,0
408788,0
408789,0
408790,0
408791,0
408792,0
408793,0
408794,0
408795,0
408796,0
408797,0
408798,0
408799,0
408800,0
408801,0
408802,0
408803,0
408804,0
408805,0
408806,0
408807,0
408808,0
408809,0
408810,0
408811,0
408812,0
408813,0
408814,0
408815,0
408816,0
408817,0
408818,0
408819,0
408820,0
408821,0
408822,0
408823,0
408824,0
408825,0
408826,0
408827,0
408828,0
408829,0
408830,0
408831,0
408832,0
408833,0
408834,0
408835,0
408836,0
408837,0
408838,0
408839,0
408840,0
408841,0
408842,0
408843,0
408844,0
408845,0
408846,0
408847,0
408848,0
408849,0
408850,0
408851,0
408852,0
408853,0
408854,0
408855,0
408856,0
408857,0
408858,0
408859,0
408860,0
408861,0
408862,0
408863,0
408864,0
408865,0
408866,0
408867,0
408868,0
408869,0
408870,0
408871,0
408872,0
408873,0
408874,0
408875,0
408876,0
408877,0
408878,0
408879,0
408880,0
408881,0
408882,0
408883,0
408884,0
408885,0
408886,0
408887,0
408888,0
408889,0
408890,0
408891,0
408892,0
408893,0
408894,0
408895,0
408896,0
408897,0
408898,0
408899,0
408900,0
408901,0
408902,0
408903,0
408904,0
408905,0
408906,0
408907,0
408908,0
408909,0
408910,0
408911,0
408912,0
408913,0
408914,0
408915,0
408916,0
408917,0
408918,0
408919,0
408920,0
408921,0
408922,0
408923,0
408924,0
408925,0
408926,0
408927,0
408928,0
408929,0
408930,0
408931,0
408932,0
408933,0
408934,0
408935,0
408936,0
408937,0
408938,0
408939,0
408940,0
408941,0
408942,0
408943,0
408944,0
408945,0
408946,0
408947,0
408948,0
408949,0
408950,0
408951,0
408952,0
408953,0
408954,0
408955,0
408956,0
408957,0
408958,0
408959,0
408960,0
408961,0
408962,0
408963,0
408964,0
408965,0
408966,0
408967,0
408968,0
408969,0
408970,0
408971,0
408972,0
408973,0
408974,0
408975,0
408976,0
408977,0
408978,0
408979,0
408980,0
408981,0
408982,0
408983,0
408984,0
408985,0
408986,0
408987,0
408988,0
408989,0
408990,0
408991,0
408992,0
408993,0
408994,0
408995,0
408996,0
408997,0
408998,0
408999,0
409000,0
409001,0
409002,0
409003,0
409004,0
409005,0
409006,0
409007,0
409008,0
409009,0
409010,0
409011,0
409012,0
409013,0
409014,0
409015,0
409016,0
409017,0
409018,0
409019,0
409020,0
409021,0
409022,0
409023,0
409024,0
409025,0
409026,0
409027,0
409028,0
409029,0
409030,0
409031,0
409032,0
409033,0
409034,0
409035,0
409036,0
409037,0
409038,0
409039,0
409040,0
409041,0
409042,0
409043,0
409044,0
409045,0
409046,0
409047,0
409048,0
409049,0
409050,0
409051,0
409052,0
409053,0
409054,0
409055,0
409056,0
409057,0
409058,0
409059,0
409060,0
409061,0
409062,0
409063,0
409064,0
409065,0
409066,0
409067,0
409068,0
409069,0
409070,0
409071,0
409072,0
409073,0
409074,0
409075,0
409076,0
409077,0
409078,0
409079,0
409080,0
409081,0
409082,0
409083,0
409084,0
409085,0
409086,0
409087,0
409088,0
409089,0
409090,0
409091,0
409092,0
409093,0
409094,0
409095,0
409096,0
409097,0
409098,0
409099,0
409100,0
409101,0
409102,0
409103,0
409104,0
409105,0
409106,0
409107,0
409108,0
409109,0
409110,0
409111,0
409112,0
409113,0
409114,0
409115,0
409116,0
409117,0
409118,0
409119,0
409120,0
409121,0
409122,0
409123,0
409124,0
409125,0
409126,0
409127,0
409128,0
409129,0
409130,0
409131,0
409132,0
409133,0
409134,0
409135,0
409136,0
409137,0
409138,0
409139,0
409140,0
409141,0
409142,0
409143,0
409144,0
409145,0
409146,0
409147,0
409148,0
409149,0
409150,0
409151,0
409152,0
409153,0
409154,0
409155,0
409156,0
409157,0
409158,0
409159,0
409160,0
409161,0
409162,0
409163,0
409164,0
409165,0
409166,0
409167,0
409168,0
409169,0
409170,0
409171,0
409172,0
409173,0
409174,0
409175,0
409176,0
409177,0
409178,0
409179,0
409180,0
409181,0
409182,0
409183,0
409184,0
409185,0
409186,0
409187,0
409188,0
409189,0
409190,0
409191,0
409192,0
409193,0
409194,0
409195,0
409196,0
409197,0
409198,0
409199,0
409200,0
409201,0
409202,0
409203,0
409204,0
409205,0
409206,0
409207,0
409208,0
409209,0
409210,0
409211,0
409212,0
409213,0
409214,0
409215,0
409216,0
409217,0
409218,0
409219,0
409220,0
409221,0
409222,0
409223,0
409224,0
409225,0
409226,0
409227,0
409228,0
409229,0
409230,0
409231,0
409232,0
409233,0
409234,0
409235,0
409236,0
409237,0
409238,0
409239,0
409240,0
409241,0
409242,0
409243,0
409244,0
409245,0
409246,0
409247,0
409248,0
409249,0
409250,0
409251,0
409252,0
409253,0
409254,0
409255,0
409256,0
409257,0
409258,0
409259,0
409260,0
409261,0
409262,0
409263,0
409264,0
409265,0
409266,0
409267,0
409268,0
409269,0
409270,0
409271,0
409272,0
409273,0
409274,0
409275,0
409276,0
409277,0
409278,0
409279,0
409280,0
409281,0
409282,0
409283,0
409284,0
409285,0
409286,0
409287,0
409288,0
409289,0
409290,0
409291,0
409292,0
409293,0
409294,0
409295,0
409296,0
409297,0
409298,0
409299,0
409300,0
409301,0
409302,0
409303,0
409304,0
409305,0
409306,0
409307,0
409308,0
409309,0
409310,0
409311,0
409312,0
409313,0
409314,0
409315,0
409316,0
409317,0
409318,0
409319,0
409320,0
409321,0
409322,0
409323,0
409324,0
409325,0
409326,0
409327,0
409328,0
409329,0
409330,0
409331,0
409332,0
409333,0
409334,0
409335,0
409336,0
409337,0
409338,0
409339,0
409340,0
409341,0
409342,0
409343,0
409344,0
409345,0
409346,0
409347,0
409348,0
409349,0
409350,0
409351,0
409352,0
409353,0
409354,0
409355,0
409356,0
409357,0
409358,0
409359,0
409360,0
409361,0
409362,0
409363,0
409364,0
409365,0
409366,0
409367,0
409368,0
409369,0
409370,0
409371,0
409372,0
409373,0
409374,0
409375,0
409376,0
409377,0
409378,0
409379,0
409380,0
409381,0
409382,0
409383,0
409384,0
409385,0
409386,0
409387,0
409388,0
409389,0
409390,0
409391,0
409392,0
409393,0
409394,0
409395,0
409396,0
409397,0
409398,0
409399,0
409400,0
409401,0
409402,0
409403,0
409404,0
409405,0
409406,0
409407,0
409408,0
409409,0
409410,0
409411,0
409412,0
409413,0
409414,0
409415,0
409416,0
409417,0
409418,0
409419,0
409420,0
409421,0
409422,0
409423,0
409424,0
409425,0
409426,0
409427,0
409428,0
409429,0
409430,0
409431,0
409432,0
409433,0
409434,0
409435,0
409436,0
409437,0
409438,0
409439,0
409440,0
409441,0
409442,0
409443,0
409444,0
409445,0
409446,0
409447,0
409448,0
409449,0
409450,0
409451,0
409452,0
409453,0
409454,0
409455,0
409456,0
409457,0
409458,0
409459,0
409460,0
409461,0
409462,0
409463,0
409464,0
409465,0
409466,0
409467,0
409468,0
409469,0
409470,0
409471,0
409472,0
409473,0
409474,0
409475,0
409476,0
409477,0
409478,0
409479,0
409480,0
409481,0
409482,0
409483,0
409484,0
409485,0
409486,0
409487,0
409488,0
409489,0
409490,0
409491,0
409492,0
409493,0
409494,0
409495,0
409496,0
409497,0
409498,0
409499,0
409500,0
409501,0
409502,0
409503,0
409504,0
409505,0
409506,0
409507,0
409508,0
409509,0
409510,0
409511,0
409512,0
409513,0
409514,0
409515,0
409516,0
409517,0
409518,0
409519,0
409520,0
409521,0
409522,0
409523,0
409524,0
409525,0
409526,0
409527,0
409528,0
409529,0
409530,0
409531,0
409532,0
409533,0
409534,0
409535,0
409536,0
409537,0
409538,0
409539,0
409540,0
409541,0
409542,0
409543,0
409544,0
409545,0
409546,0
409547,0
409548,0
409549,0
409550,0
409551,0
409552,0
409553,0
409554,0
409555,0
409556,0
409557,0
409558,0
409559,0
409560,0
409561,0
409562,0
409563,0
409564,0
409565,0
409566,0
409567,0
409568,0
409569,0
409570,0
409571,0
409572,0
409573,0
409574,0
409575,0
409576,0
409577,0
409578,0
409579,0
409580,0
409581,0
409582,0
409583,0
409584,0
409585,0
409586,0
409587,0
409588,0
409589,0
409590,0
409591,0
409592,0
409593,0
409594,0
409595,0
409596,0
409597,0
409598,0
409599,0
409600,0
409601,0
409602,0
409603,0
409604,0
409605,0
409606,0
409607,0
409608,0
409609,0
409610,0
409611,0
409612,0
409613,0
409614,0
409615,0
409616,0
409617,0
409618,0
409619,0
409620,0
409621,0
409622,0
409623,0
409624,0
409625,0
409626,0
409627,0
409628,0
409629,0
409630,0
409631,0
409632,0
409633,0
409634,0
409635,0
409636,0
409637,0
409638,0
409639,0
409640,0
409641,0
409642,0
409643,0
409644,0
409645,0
409646,0
409647,0
409648,0
409649,0
409650,0
409651,0
409652,0
409653,0
409654,0
409655,0
409656,0
409657,0
409658,0
409659,0
409660,0
409661,0
409662,0
409663,0
409664,0
409665,0
409666,0
409667,0
409668,0
409669,0
409670,0
409671,0
409672,0
409673,0
409674,0
409675,0
409676,0
409677,0
409678,0
409679,0
409680,0
409681,0
409682,0
409683,0
409684,0
409685,0
409686,0
409687,0
409688,0
409689,0
409690,0
409691,0
409692,0
409693,0
409694,0
409695,0
409696,0
409697,0
409698,0
409699,0
409700,0
409701,0
409702,0
409703,0
409704,0
409705,0
409706,0
409707,0
409708,0
409709,0
409710,0
409711,0
409712,0
409713,0
409714,0
409715,0
409716,0
409717,0
409718,0
409719,0
409720,0
409721,0
409722,0
409723,0
409724,0
409725,0
409726,0
409727,0
409728,0
409729,0
409730,0
409731,0
409732,0
409733,0
409734,0
409735,0
409736,0
409737,0
409738,0
409739,0
409740,0
409741,0
409742,0
409743,0
409744,0
409745,0
409746,0
409747,0
409748,0
409749,0
409750,0
409751,0
409752,0
409753,0
409754,0
409755,0
409756,0
409757,0
409758,0
409759,0
409760,0
409761,0
409762,0
409763,0
409764,0
409765,0
409766,0
409767,0
409768,0
409769,0
409770,0
409771,0
409772,0
409773,0
409774,0
409775,0
409776,0
409777,0
409778,0
409779,0
409780,0
409781,0
409782,0
409783,0
409784,0
409785,0
409786,0
409787,0
409788,0
409789,0
409790,0
409791,0
409792,0
409793,0
409794,0
409795,0
409796,0
409797,0
409798,0
409799,0
409800,0
409801,0
409802,0
409803,0
409804,0
409805,0
409806,0
409807,0
409808,0
409809,0
409810,0
409811,0
409812,0
409813,0
409814,0
409815,0
409816,0
409817,0
409818,0
409819,0
409820,0
409821,0
409822,0
409823,0
409824,0
409825,0
409826,0
409827,0
409828,0
409829,0
409830,0
409831,0
409832,0
409833,0
409834,0
409835,0
409836,0
409837,0
409838,0
409839,0
409840,0
409841,0
409842,0
409843,0
409844,0
409845,0
409846,0
409847,0
409848,0
409849,0
409850,0
409851,0
409852,0
409853,0
409854,0
409855,0
409856,0
409857,0
409858,0
409859,0
409860,0
409861,0
409862,0
409863,0
409864,0
409865,0
409866,0
409867,0
409868,0
409869,0
409870,0
409871,0
409872,0
409873,0
409874,0
409875,0
409876,0
409877,0
409878,0
409879,0
409880,0
409881,0
409882,0
409883,0
409884,0
409885,0
409886,0
409887,0
409888,0
409889,0
409890,0
409891,0
409892,0
409893,0
409894,0
409895,0
409896,0
409897,0
409898,0
409899,0
409900,0
409901,0
409902,0
409903,0
409904,0
409905,0
409906,0
409907,0
409908,0
409909,0
409910,0
409911,0
409912,0
409913,0
409914,0
409915,0
409916,0
409917,0
409918,0
409919,0
409920,0
409921,0
409922,0
409923,0
409924,0
409925,0
409926,0
409927,0
409928,0
409929,0
409930,0
409931,0
409932,0
409933,0
409934,0
409935,0
409936,0
409937,0
409938,0
409939,0
409940,0
409941,0
409942,0
409943,0
409944,0
409945,0
409946,0
409947,0
409948,0
409949,0
409950,0
409951,0
409952,0
409953,0
409954,0
409955,0
409956,0
409957,0
409958,0
409959,0
409960,0
409961,0
409962,0
409963,0
409964,0
409965,0
409966,0
409967,0
409968,0
409969,0
409970,0
409971,0
409972,0
409973,0
409974,0
409975,0
409976,0
409977,0
409978,0
409979,0
409980,0
409981,0
409982,0
409983,0
409984,0
409985,0
409986,0
409987,0
409988,0
409989,0
409990,0
409991,0
409992,0
409993,0
409994,0
409995,0
409996,0
409997,0
409998,0
409999,0
410000,0
410001,0
410002,0
410003,0
410004,0
410005,0
410006,0
410007,0
410008,0
410009,0
410010,0
410011,0
410012,0
410013,0
410014,0
410015,0
410016,0
410017,0
410018,0
410019,0
410020,0
410021,0
410022,0
410023,0
410024,0
410025,0
410026,0
410027,0
410028,0
410029,0
410030,0
410031,0
410032,0
410033,0
410034,0
410035,0
410036,0
410037,0
410038,0
410039,0
410040,0
410041,0
410042,0
410043,0
410044,0
410045,0
410046,0
410047,0
410048,0
410049,0
410050,0
410051,0
410052,0
410053,0
410054,0
410055,0
410056,0
410057,0
410058,0
410059,0
410060,0
410061,0
410062,0
410063,0
410064,0
410065,0
410066,0
410067,0
410068,0
410069,0
410070,0
410071,0
410072,0
410073,0
410074,0
410075,0
410076,0
410077,0
410078,0
410079,0
410080,0
410081,0
410082,0
410083,0
410084,0
410085,0
410086,0
410087,0
410088,0
410089,0
410090,0
410091,0
410092,0
410093,0
410094,0
410095,0
410096,0
410097,0
410098,0
410099,0
410100,0
410101,0
410102,0
410103,0
410104,0
410105,0
410106,0
410107,0
410108,0
410109,0
410110,0
410111,0
410112,0
410113,0
410114,0
410115,0
410116,0
410117,0
410118,0
410119,0
410120,0
410121,0
410122,0
410123,0
410124,0
410125,0
410126,0
410127,0
410128,0
410129,0
410130,0
410131,0
410132,0
410133,0
410134,0
410135,0
410136,0
410137,0
410138,0
410139,0
410140,0
410141,0
410142,0
410143,0
410144,0
410145,0
410146,0
410147,0
410148,0
410149,0
410150,0
410151,0
410152,0
410153,0
410154,0
410155,0
410156,0
410157,0
410158,0
410159,0
410160,0
410161,0
410162,0
410163,0
410164,0
410165,0
410166,0
410167,0
410168,0
410169,0
410170,0
410171,0
410172,0
410173,0
410174,0
410175,0
410176,0
410177,0
410178,0
410179,0
410180,0
410181,0
410182,0
410183,0
410184,0
410185,0
410186,0
410187,0
410188,0
410189,0
410190,0
410191,0
410192,0
410193,0
410194,0
410195,0
410196,0
410197,0
410198,0
410199,0
410200,0
410201,0
410202,0
410203,0
410204,0
410205,0
410206,0
410207,0
410208,0
410209,0
410210,0
410211,0
410212,0
410213,0
410214,0
410215,0
410216,0
410217,0
410218,0
410219,0
410220,0
410221,0
410222,0
410223,0
410224,0
410225,0
410226,0
410227,0
410228,0
410229,0
410230,0
410231,0
410232,0
410233,0
410234,0
410235,0
410236,0
410237,0
410238,0
410239,0
410240,0
410241,0
410242,0
410243,0
410244,0
410245,0
410246,0
410247,0
410248,0
410249,0
410250,0
410251,0
410252,0
410253,0
410254,0
410255,0
410256,0
410257,0
410258,0
410259,0
410260,0
410261,0
410262,0
410263,0
410264,0
410265,0
410266,0
410267,0
410268,0
410269,0
410270,0
410271,0
410272,0
410273,0
410274,0
410275,0
410276,0
410277,0
410278,0
410279,0
410280,0
410281,0
410282,0
410283,0
410284,0
410285,0
410286,0
410287,0
410288,0
410289,0
410290,0
410291,0
410292,0
410293,0
410294,0
410295,0
410296,0
410297,0
410298,0
410299,0
410300,0
410301,0
410302,0
410303,0
410304,0
410305,0
410306,0
410307,0
410308,0
410309,0
410310,0
410311,0
410312,0
410313,0
410314,0
410315,0
410316,0
410317,0
410318,0
410319,0
410320,0
410321,0
410322,0
410323,0
410324,0
410325,0
410326,0
410327,0
410328,0
410329,0
410330,0
410331,0
410332,0
410333,0
410334,0
410335,0
410336,0
410337,0
410338,0
410339,0
410340,0
410341,0
410342,0
410343,0
410344,0
410345,0
410346,0
410347,0
410348,0
410349,0
410350,0
410351,0
410352,0
410353,0
410354,0
410355,0
410356,0
410357,0
410358,0
410359,0
410360,0
410361,0
410362,0
410363,0
410364,0
410365,0
410366,0
410367,0
410368,0
410369,0
410370,0
410371,0
410372,0
410373,0
410374,0
410375,0
410376,0
410377,0
410378,0
410379,0
410380,0
410381,0
410382,0
410383,0
410384,0
410385,0
410386,0
410387,0
410388,0
410389,0
410390,0
410391,0
410392,0
410393,0
410394,0
410395,0
410396,0
410397,0
410398,0
410399,0
410400,0
410401,0
410402,0
410403,0
410404,0
410405,0
410406,0
410407,0
410408,0
410409,0
410410,0
410411,0
410412,0
410413,0
410414,0
410415,0
410416,0
410417,0
410418,0
410419,0
410420,0
410421,0
410422,0
410423,0
410424,0
410425,0
410426,0
410427,0
410428,0
410429,0
410430,0
410431,0
410432,0
410433,0
410434,0
410435,0
410436,0
410437,0
410438,0
410439,0
410440,0
410441,0
410442,0
410443,0
410444,0
410445,0
410446,0
410447,0
410448,0
410449,0
410450,0
410451,0
410452,0
410453,0
410454,0
410455,0
410456,0
410457,0
410458,0
410459,0
410460,0
410461,0
410462,0
410463,0
410464,0
410465,0
410466,0
410467,0
410468,0
410469,0
410470,0
410471,0
410472,0
410473,0
410474,0
410475,0
410476,0
410477,0
410478,0
410479,0
410480,0
410481,0
410482,0
410483,0
410484,0
410485,0
410486,0
410487,0
410488,0
410489,0
410490,0
410491,0
410492,0
410493,0
410494,0
410495,0
410496,0
410497,0
410498,0
410499,0
410500,0
410501,0
410502,0
410503,0
410504,0
410505,0
410506,0
410507,0
410508,0
410509,0
410510,0
410511,0
410512,0
410513,0
410514,0
410515,0
410516,0
410517,0
410518,0
410519,0
410520,0
410521,0
410522,0
410523,0
410524,0
410525,0
410526,0
410527,0
410528,0
410529,0
410530,0
410531,0
410532,0
410533,0
410534,0
410535,0
410536,0
410537,0
410538,0
410539,0
410540,0
410541,0
410542,0
410543,0
410544,0
410545,0
410546,0
410547,0
410548,0
410549,0
410550,0
410551,0
410552,0
410553,0
410554,0
410555,0
410556,0
410557,0
410558,0
410559,0
410560,0
410561,0
410562,0
410563,0
410564,0
410565,0
410566,0
410567,0
410568,0
410569,0
410570,0
410571,0
410572,0
410573,0
410574,0
410575,0
410576,0
410577,0
410578,0
410579,0
410580,0
410581,0
410582,0
410583,0
410584,0
410585,0
410586,0
410587,0
410588,0
410589,0
410590,0
410591,0
410592,0
410593,0
410594,0
410595,0
410596,0
410597,0
410598,0
410599,0
410600,0
410601,0
410602,0
410603,0
410604,0
410605,0
410606,0
410607,0
410608,0
410609,0
410610,0
410611,0
410612,0
410613,0
410614,0
410615,0
410616,0
410617,0
410618,0
410619,0
410620,0
410621,0
410622,0
410623,0
410624,0
410625,0
410626,0
410627,0
410628,0
410629,0
410630,0
410631,0
410632,0
410633,0
410634,0
410635,0
410636,0
410637,0
410638,0
410639,0
410640,0
410641,0
410642,0
410643,0
410644,0
410645,0
410646,0
410647,0
410648,0
410649,0
410650,0
410651,0
410652,0
410653,0
410654,0
410655,0
410656,0
410657,0
410658,0
410659,0
410660,0
410661,0
410662,0
410663,0
410664,0
410665,0
410666,0
410667,0
410668,0
410669,0
410670,0
410671,0
410672,0
410673,0
410674,0
410675,0
410676,0
410677,0
410678,0
410679,0
410680,0
410681,0
410682,0
410683,0
410684,0
410685,0
410686,0
410687,0
410688,0
410689,0
410690,0
410691,0
410692,0
410693,0
410694,0
410695,0
410696,0
410697,0
410698,0
410699,0
410700,0
410701,0
410702,0
410703,0
410704,0
410705,0
410706,0
410707,0
410708,0
410709,0
410710,0
410711,0
410712,0
410713,0
410714,0
410715,0
410716,0
410717,0
410718,0
410719,0
410720,0
410721,0
410722,0
410723,0
410724,0
410725,0
410726,0
410727,0
410728,0
410729,0
410730,0
410731,0
410732,0
410733,0
410734,0
410735,0
410736,0
410737,0
410738,0
410739,0
410740,0
410741,0
410742,0
410743,0
410744,0
410745,0
410746,0
410747,0
410748,0
410749,0
410750,0
410751,0
410752,0
410753,0
410754,0
410755,0
410756,0
410757,0
410758,0
410759,0
410760,0
410761,0
410762,0
410763,0
410764,0
410765,0
410766,0
410767,0
410768,0
410769,0
410770,0
410771,0
410772,0
410773,0
410774,0
410775,0
410776,0
410777,0
410778,0
410779,0
410780,0
410781,0
410782,0
410783,0
410784,0
410785,0
410786,0
410787,0
410788,0
410789,0
410790,0
410791,0
410792,0
410793,0
410794,0
410795,0
410796,0
410797,0
410798,0
410799,0
410800,0
410801,0
410802,0
410803,0
410804,0
410805,0
410806,0
410807,0
410808,0
410809,0
410810,0
410811,0
410812,0
410813,0
410814,0
410815,0
410816,0
410817,0
410818,0
410819,0
410820,0
410821,0
410822,0
410823,0
410824,0
410825,0
410826,0
410827,0
410828,0
410829,0
410830,0
410831,0
410832,0
410833,0
410834,0
410835,0
410836,0
410837,0
410838,0
410839,0
410840,0
410841,0
410842,0
410843,0
410844,0
410845,0
410846,0
410847,0
410848,0
410849,0
410850,0
410851,0
410852,0
410853,0
410854,0
410855,0
410856,0
410857,0
410858,0
410859,0
410860,0
410861,0
410862,0
410863,0
410864,0
410865,0
410866,0
410867,0
410868,0
410869,0
410870,0
410871,0
410872,0
410873,0
410874,0
410875,0
410876,0
410877,0
410878,0
410879,0
410880,0
410881,0
410882,0
410883,0
410884,0
410885,0
410886,0
410887,0
410888,0
410889,0
410890,0
410891,0
410892,0
410893,0
410894,0
410895,0
410896,0
410897,0
410898,0
410899,0
410900,0
410901,0
410902,0
410903,0
410904,0
410905,0
410906,0
410907,0
410908,0
410909,0
410910,0
410911,0
410912,0
410913,0
410914,0
410915,0
410916,0
410917,0
410918,0
410919,0
410920,0
410921,0
410922,0
410923,0
410924,0
410925,0
410926,0
410927,0
410928,0
410929,0
410930,0
410931,0
410932,0
410933,0
410934,0
410935,0
410936,0
410937,0
410938,0
410939,0
410940,0
410941,0
410942,0
410943,0
410944,0
410945,0
410946,0
410947,0
410948,0
410949,0
410950,0
410951,0
410952,0
410953,0
410954,0
410955,0
410956,0
410957,0
410958,0
410959,0
410960,0
410961,0
410962,0
410963,0
410964,0
410965,0
410966,0
410967,0
410968,0
410969,0
410970,0
410971,0
410972,0
410973,0
410974,0
410975,0
410976,0
410977,0
410978,0
410979,0
410980,0
410981,0
410982,0
410983,0
410984,0
410985,0
410986,0
410987,0
410988,0
410989,0
410990,0
410991,0
410992,0
410993,0
410994,0
410995,0
410996,0
410997,0
410998,0
410999,0
411000,0
411001,0
411002,0
411003,0
411004,0
411005,0
411006,0
411007,0
411008,0
411009,0
411010,0
411011,0
411012,0
411013,0
411014,0
411015,0
411016,0
411017,0
411018,0
411019,0
411020,0
411021,0
411022,0
411023,0
411024,0
411025,0
411026,0
411027,0
411028,0
411029,0
411030,0
411031,0
411032,0
411033,0
411034,0
411035,0
411036,0
411037,0
411038,0
411039,0
411040,0
411041,0
411042,0
411043,0
411044,0
411045,0
411046,0
411047,0
411048,0
411049,0
411050,0
411051,0
411052,0
411053,0
411054,0
411055,0
411056,0
411057,0
411058,0
411059,0
411060,0
411061,0
411062,0
411063,0
411064,0
411065,0
411066,0
411067,0
411068,0
411069,0
411070,0
411071,0
411072,0
411073,0
411074,0
411075,0
411076,0
411077,0
411078,0
411079,0
411080,0
411081,0
411082,0
411083,0
411084,0
411085,0
411086,0
411087,0
411088,0
411089,0
411090,0
411091,0
411092,0
411093,0
411094,0
411095,0
411096,0
411097,0
411098,0
411099,0
411100,0
411101,0
411102,0
411103,0
411104,0
411105,0
411106,0
411107,0
411108,0
411109,0
411110,0
411111,0
411112,0
411113,0
411114,0
411115,0
411116,0
411117,0
411118,0
411119,0
411120,0
411121,0
411122,0
411123,0
411124,0
411125,0
411126,0
411127,0
411128,0
411129,0
411130,0
411131,0
411132,0
411133,0
411134,0
411135,0
411136,0
411137,0
411138,0
411139,0
411140,0
411141,0
411142,0
411143,0
411144,0
411145,0
411146,0
411147,0
411148,0
411149,0
411150,0
411151,0
411152,0
411153,0
411154,0
411155,0
411156,0
411157,0
411158,0
411159,0
411160,0
411161,0
411162,0
411163,0
411164,0
411165,0
411166,0
411167,0
411168,0
411169,0
411170,0
411171,0
411172,0
411173,0
411174,0
411175,0
411176,0
411177,0
411178,0
411179,0
411180,0
411181,0
411182,0
411183,0
411184,0
411185,0
411186,0
411187,0
411188,0
411189,0
411190,0
411191,0
411192,0
411193,0
411194,0
411195,0
411196,0
411197,0
411198,0
411199,0
411200,0
411201,0
411202,0
411203,0
411204,0
411205,0
411206,0
411207,0
411208,0
411209,0
411210,0
411211,0
411212,0
411213,0
411214,0
411215,0
411216,0
411217,0
411218,0
411219,0
411220,0
411221,0
411222,0
411223,0
411224,0
411225,0
411226,0
411227,0
411228,0
411229,0
411230,0
411231,0
411232,0
411233,0
411234,0
411235,0
411236,0
411237,0
411238,0
411239,0
411240,0
411241,0
411242,0
411243,0
411244,0
411245,0
411246,0
411247,0
411248,0
411249,0
411250,0
411251,0
411252,0
411253,0
411254,0
411255,0
411256,0
411257,0
411258,0
411259,0
411260,0
411261,0
411262,0
411263,0
411264,0
411265,0
411266,0
411267,0
411268,0
411269,0
411270,0
411271,0
411272,0
411273,0
411274,0
411275,0
411276,0
411277,0
411278,0
411279,0
411280,0
411281,0
411282,0
411283,0
411284,0
411285,0
411286,0
411287,0
411288,0
411289,0
411290,0
411291,0
411292,0
411293,0
411294,0
411295,0
411296,0
411297,0
411298,0
411299,0
411300,0
411301,0
411302,0
411303,0
411304,0
411305,0
411306,0
411307,0
411308,0
411309,0
411310,0
411311,0
411312,0
411313,0
411314,0
411315,0
411316,0
411317,0
411318,0
411319,0
411320,0
411321,0
411322,0
411323,0
411324,0
411325,0
411326,0
411327,0
411328,0
411329,0
411330,0
411331,0
411332,0
411333,0
411334,0
411335,0
411336,0
411337,0
411338,0
411339,0
411340,0
411341,0
411342,0
411343,0
411344,0
411345,0
411346,0
411347,0
411348,0
411349,0
411350,0
411351,0
411352,0
411353,0
411354,0
411355,0
411356,0
411357,0
411358,0
411359,0
411360,0
411361,0
411362,0
411363,0
411364,0
411365,0
411366,0
411367,0
411368,0
411369,0
411370,0
411371,0
411372,0
411373,0
411374,0
411375,0
411376,0
411377,0
411378,0
411379,0
411380,0
411381,0
411382,0
411383,0
411384,0
411385,0
411386,0
411387,0
411388,0
411389,0
411390,0
411391,0
411392,0
411393,0
411394,0
411395,0
411396,0
411397,0
411398,0
411399,0
411400,0
411401,0
411402,0
411403,0
411404,0
411405,0
411406,0
411407,0
411408,0
411409,0
411410,0
411411,0
411412,0
411413,0
411414,0
411415,0
411416,0
411417,0
411418,0
411419,0
411420,0
411421,0
411422,0
411423,0
411424,0
411425,0
411426,0
411427,0
411428,0
411429,0
411430,0
411431,0
411432,0
411433,0
411434,0
411435,0
411436,0
411437,0
411438,0
411439,0
411440,0
411441,0
411442,0
411443,0
411444,0
411445,0
411446,0
411447,0
411448,0
411449,0
411450,0
411451,0
411452,0
411453,0
411454,0
411455,0
411456,0
411457,0
411458,0
411459,0
411460,0
411461,0
411462,0
411463,0
411464,0
411465,0
411466,0
411467,0
411468,0
411469,0
411470,0
411471,0
411472,0
411473,0
411474,0
411475,0
411476,0
411477,0
411478,0
411479,0
411480,0
411481,0
411482,0
411483,0
411484,0
411485,0
411486,0
411487,0
411488,0
411489,0
411490,0
411491,0
411492,0
411493,0
411494,0
411495,0
411496,0
411497,0
411498,0
411499,0
411500,0
411501,0
411502,0
411503,0
411504,0
411505,0
411506,0
411507,0
411508,0
411509,0
411510,0
411511,0
411512,0
411513,0
411514,0
411515,0
411516,0
411517,0
411518,0
411519,0
411520,0
411521,0
411522,0
411523,0
411524,0
411525,0
411526,0
411527,0
411528,0
411529,0
411530,0
411531,0
411532,0
411533,0
411534,0
411535,0
411536,0
411537,0
411538,0
411539,0
411540,0
411541,0
411542,0
411543,0
411544,0
411545,0
411546,0
411547,0
411548,0
411549,0
411550,0
411551,0
411552,0
411553,0
411554,0
411555,0
411556,0
411557,0
411558,0
411559,0
411560,0
411561,0
411562,0
411563,0
411564,0
411565,0
411566,0
411567,0
411568,0
411569,0
411570,0
411571,0
411572,0
411573,0
411574,0
411575,0
411576,0
411577,0
411578,0
411579,0
411580,0
411581,0
411582,0
411583,0
411584,0
411585,0
411586,0
411587,0
411588,0
411589,0
411590,0
411591,0
411592,0
411593,0
411594,0
411595,0
411596,0
411597,0
411598,0
411599,0
411600,0
411601,0
411602,0
411603,0
411604,0
411605,0
411606,0
411607,0
411608,0
411609,0
411610,0
411611,0
411612,0
411613,0
411614,0
411615,0
411616,0
411617,0
411618,0
411619,0
411620,0
411621,0
411622,0
411623,0
411624,0
411625,0
411626,0
411627,0
411628,0
411629,0
411630,0
411631,0
411632,0
411633,0
411634,0
411635,0
411636,0
411637,0
411638,0
411639,0
411640,0
411641,0
411642,0
411643,0
411644,0
411645,0
411646,0
411647,0
411648,0
411649,0
411650,0
411651,0
411652,0
411653,0
411654,0
411655,0
411656,0
411657,0
411658,0
411659,0
411660,0
411661,0
411662,0
411663,0
411664,0
411665,0
411666,0
411667,0
411668,0
411669,0
411670,0
411671,0
411672,0
411673,0
411674,0
411675,0
411676,0
411677,0
411678,0
411679,0
411680,0
411681,0
411682,0
411683,0
411684,0
411685,0
411686,0
411687,0
411688,0
411689,0
411690,0
411691,0
411692,0
411693,0
411694,0
411695,0
411696,0
411697,0
411698,0
411699,0
411700,0
411701,0
411702,0
411703,0
411704,0
411705,0
411706,0
411707,0
411708,0
411709,0
411710,0
411711,0
411712,0
411713,0
411714,0
411715,0
411716,0
411717,0
411718,0
411719,0
411720,0
411721,0
411722,0
411723,0
411724,0
411725,0
411726,0
411727,0
411728,0
411729,0
411730,0
411731,0
411732,0
411733,0
411734,0
411735,0
411736,0
411737,0
411738,0
411739,0
411740,0
411741,0
411742,0
411743,0
411744,0
411745,0
411746,0
411747,0
411748,0
411749,0
411750,0
411751,0
411752,0
411753,0
411754,0
411755,0
411756,0
411757,0
411758,0
411759,0
411760,0
411761,0
411762,0
411763,0
411764,0
411765,0
411766,0
411767,0
411768,0
411769,0
411770,0
411771,0
411772,0
411773,0
411774,0
411775,0
411776,0
411777,0
411778,0
411779,0
411780,0
411781,0
411782,0
411783,0
411784,0
411785,0
411786,0
411787,0
411788,0
411789,0
411790,0
411791,0
411792,0
411793,0
411794,0
411795,0
411796,0
411797,0
411798,0
411799,0
411800,0
411801,0
411802,0
411803,0
411804,0
411805,0
411806,0
411807,0
411808,0
411809,0
411810,0
411811,0
411812,0
411813,0
411814,0
411815,0
411816,0
411817,0
411818,0
411819,0
411820,0
411821,0
411822,0
411823,0
411824,0
411825,0
411826,0
411827,0
411828,0
411829,0
411830,0
411831,0
411832,0
411833,0
411834,0
411835,0
411836,0
411837,0
411838,0
411839,0
411840,0
411841,0
411842,0
411843,0
411844,0
411845,0
411846,0
411847,0
411848,0
411849,0
411850,0
411851,0
411852,0
411853,0
411854,0
411855,0
411856,0
411857,0
411858,0
411859,0
411860,0
411861,0
411862,0
411863,0
411864,0
411865,0
411866,0
411867,0
411868,0
411869,0
411870,0
411871,0
411872,0
411873,0
411874,0
411875,0
411876,0
411877,0
411878,0
411879,0
411880,0
411881,0
411882,0
411883,0
411884,0
411885,0
411886,0
411887,0
411888,0
411889,0
411890,0
411891,0
411892,0
411893,0
411894,0
411895,0
411896,0
411897,0
411898,0
411899,0
411900,0
411901,0
411902,0
411903,0
411904,0
411905,0
411906,0
411907,0
411908,0
411909,0
411910,0
411911,0
411912,0
411913,0
411914,0
411915,0
411916,0
411917,0
411918,0
411919,0
411920,0
411921,0
411922,0
411923,0
411924,0
411925,0
411926,0
411927,0
411928,0
411929,0
411930,0
411931,0
411932,0
411933,0
411934,0
411935,0
411936,0
411937,0
411938,0
411939,0
411940,0
411941,0
411942,0
411943,0
411944,0
411945,0
411946,0
411947,0
411948,0
411949,0
411950,0
411951,0
411952,0
411953,0
411954,0
411955,0
411956,0
411957,0
411958,0
411959,0
411960,0
411961,0
411962,0
411963,0
411964,0
411965,0
411966,0
411967,0
411968,0
411969,0
411970,0
411971,0
411972,0
411973,0
411974,0
411975,0
411976,0
411977,0
411978,0
411979,0
411980,0
411981,0
411982,0
411983,0
411984,0
411985,0
411986,0
411987,0
411988,0
411989,0
411990,0
411991,0
411992,0
411993,0
411994,0
411995,0
411996,0
411997,0
411998,0
411999,0
412000,0
412001,0
412002,0
412003,0
412004,0
412005,0
412006,0
412007,0
412008,0
412009,0
412010,0
412011,0
412012,0
412013,0
412014,0
412015,0
412016,0
412017,0
412018,0
412019,0
412020,0
412021,0
412022,0
412023,0
412024,0
412025,0
412026,0
412027,0
412028,0
412029,0
412030,0
412031,0
412032,0
412033,0
412034,0
412035,0
412036,0
412037,0
412038,0
412039,0
412040,0
412041,0
412042,0
412043,0
412044,0
412045,0
412046,0
412047,0
412048,0
412049,0
412050,0
412051,0
412052,0
412053,0
412054,0
412055,0
412056,0
412057,0
412058,0
412059,0
412060,0
412061,0
412062,0
412063,0
412064,0
412065,0
412066,0
412067,0
412068,0
412069,0
412070,0
412071,0
412072,0
412073,0
412074,0
412075,0
412076,0
412077,0
412078,0
412079,0
412080,0
412081,0
412082,0
412083,0
412084,0
412085,0
412086,0
412087,0
412088,0
412089,0
412090,0
412091,0
412092,0
412093,0
412094,0
412095,0
412096,0
412097,0
412098,0
412099,0
412100,0
412101,0
412102,0
412103,0
412104,0
412105,0
412106,0
412107,0
412108,0
412109,0
412110,0
412111,0
412112,0
412113,0
412114,0
412115,0
412116,0
412117,0
412118,0
412119,0
412120,0
412121,0
412122,0
412123,0
412124,0
412125,0
412126,0
412127,0
412128,0
412129,0
412130,0
412131,0
412132,0
412133,0
412134,0
412135,0
412136,0
412137,0
412138,0
412139,0
412140,0
412141,0
412142,0
412143,0
412144,0
412145,0
412146,0
412147,0
412148,0
412149,0
412150,0
412151,0
412152,0
412153,0
412154,0
412155,0
412156,0
412157,0
412158,0
412159,0
412160,0
412161,0
412162,0
412163,0
412164,0
412165,0
412166,0
412167,0
412168,0
412169,0
412170,0
412171,0
412172,0
412173,0
412174,0
412175,0
412176,0
412177,0
412178,0
412179,0
412180,0
412181,0
412182,0
412183,0
412184,0
412185,0
412186,0
412187,0
412188,0
412189,0
412190,0
412191,0
412192,0
412193,0
412194,0
412195,0
412196,0
412197,0
412198,0
412199,0
412200,0
412201,0
412202,0
412203,0
412204,0
412205,0
412206,0
412207,0
412208,0
412209,0
412210,0
412211,0
412212,0
412213,0
412214,0
412215,0
412216,0
412217,0
412218,0
412219,0
412220,0
412221,0
412222,0
412223,0
412224,0
412225,0
412226,0
412227,0
412228,0
412229,0
412230,0
412231,0
412232,0
412233,0
412234,0
412235,0
412236,0
412237,0
412238,0
412239,0
412240,0
412241,0
412242,0
412243,0
412244,0
412245,0
412246,0
412247,0
412248,0
412249,0
412250,0
412251,0
412252,0
412253,0
412254,0
412255,0
412256,0
412257,0
412258,0
412259,0
412260,0
412261,0
412262,0
412263,0
412264,0
412265,0
412266,0
412267,0
412268,0
412269,0
412270,0
412271,0
412272,0
412273,0
412274,0
412275,0
412276,0
412277,0
412278,0
412279,0
412280,0
412281,0
412282,0
412283,0
412284,0
412285,0
412286,0
412287,0
412288,0
412289,0
412290,0
412291,0
412292,0
412293,0
412294,0
412295,0
412296,0
412297,0
412298,0
412299,0
412300,0
412301,0
412302,0
412303,0
412304,0
412305,0
412306,0
412307,0
412308,0
412309,0
412310,0
412311,0
412312,0
412313,0
412314,0
412315,0
412316,0
412317,0
412318,0
412319,0
412320,0
412321,0
412322,0
412323,0
412324,0
412325,0
412326,0
412327,0
412328,0
412329,0
412330,0
412331,0
412332,0
412333,0
412334,0
412335,0
412336,0
412337,0
412338,0
412339,0
412340,0
412341,0
412342,0
412343,0
412344,0
412345,0
412346,0
412347,0
412348,0
412349,0
412350,0
412351,0
412352,0
412353,0
412354,0
412355,0
412356,0
412357,0
412358,0
412359,0
412360,0
412361,0
412362,0
412363,0
412364,0
412365,0
412366,0
412367,0
412368,0
412369,0
412370,0
412371,0
412372,0
412373,0
412374,0
412375,0
412376,0
412377,0
412378,0
412379,0
412380,0
412381,0
412382,0
412383,0
412384,0
412385,0
412386,0
412387,0
412388,0
412389,0
412390,0
412391,0
412392,0
412393,0
412394,0
412395,0
412396,0
412397,0
412398,0
412399,0
412400,0
412401,0
412402,0
412403,0
412404,0
412405,0
412406,0
412407,0
412408,0
412409,0
412410,0
412411,0
412412,0
412413,0
412414,0
412415,0
412416,0
412417,0
412418,0
412419,0
412420,0
412421,0
412422,0
412423,0
412424,0
412425,0
412426,0
412427,0
412428,0
412429,0
412430,0
412431,0
412432,0
412433,0
412434,0
412435,0
412436,0
412437,0
412438,0
412439,0
412440,0
412441,0
412442,0
412443,0
412444,0
412445,0
412446,0
412447,0
412448,0
412449,0
412450,0
412451,0
412452,0
412453,0
412454,0
412455,0
412456,0
412457,0
412458,0
412459,0
412460,0
412461,0
412462,0
412463,0
412464,0
412465,0
412466,0
412467,0
412468,0
412469,0
412470,0
412471,0
412472,0
412473,0
412474,0
412475,0
412476,0
412477,0
412478,0
412479,0
412480,0
412481,0
412482,0
412483,0
412484,0
412485,0
412486,0
412487,0
412488,0
412489,0
412490,0
412491,0
412492,0
412493,0
412494,0
412495,0
412496,0
412497,0
412498,0
412499,0
412500,0
412501,0
412502,0
412503,0
412504,0
412505,0
412506,0
412507,0
412508,0
412509,0
412510,0
412511,0
412512,0
412513,0
412514,0
412515,0
412516,0
412517,0
412518,0
412519,0
412520,0
412521,0
412522,0
412523,0
412524,0
412525,0
412526,0
412527,0
412528,0
412529,0
412530,0
412531,0
412532,0
412533,0
412534,0
412535,0
412536,0
412537,0
412538,0
412539,0
412540,0
412541,0
412542,0
412543,0
412544,0
412545,0
412546,0
412547,0
412548,0
412549,0
412550,0
412551,0
412552,0
412553,0
412554,0
412555,0
412556,0
412557,0
412558,0
412559,0
412560,0
412561,0
412562,0
412563,0
412564,0
412565,0
412566,0
412567,0
412568,0
412569,0
412570,0
412571,0
412572,0
412573,0
412574,0
412575,0
412576,0
412577,0
412578,0
412579,0
412580,0
412581,0
412582,0
412583,0
412584,0
412585,0
412586,0
412587,0
412588,0
412589,0
412590,0
412591,0
412592,0
412593,0
412594,0
412595,0
412596,0
412597,0
412598,0
412599,0
412600,0
412601,0
412602,0
412603,0
412604,0
412605,0
412606,0
412607,0
412608,0
412609,0
412610,0
412611,0
412612,0
412613,0
412614,0
412615,0
412616,0
412617,0
412618,0
412619,0
412620,0
412621,0
412622,0
412623,0
412624,0
412625,0
412626,0
412627,0
412628,0
412629,0
412630,0
412631,0
412632,0
412633,0
412634,0
412635,0
412636,0
412637,0
412638,0
412639,0
412640,0
412641,0
412642,0
412643,0
412644,0
412645,0
412646,0
412647,0
412648,0
412649,0
412650,0
412651,0
412652,0
412653,0
412654,0
412655,0
412656,0
412657,0
412658,0
412659,0
412660,0
412661,0
412662,0
412663,0
412664,0
412665,0
412666,0
412667,0
412668,0
412669,0
412670,0
412671,0
412672,0
412673,0
412674,0
412675,0
412676,0
412677,0
412678,0
412679,0
412680,0
412681,0
412682,0
412683,0
412684,0
412685,0
412686,0
412687,0
412688,0
412689,0
412690,0
412691,0
412692,0
412693,0
412694,0
412695,0
412696,0
412697,0
412698,0
412699,0
412700,0
412701,0
412702,0
412703,0
412704,0
412705,0
412706,0
412707,0
412708,0
412709,0
412710,0
412711,0
412712,0
412713,0
412714,0
412715,0
412716,0
412717,0
412718,0
412719,0
412720,0
412721,0
412722,0
412723,0
412724,0
412725,0
412726,0
412727,0
412728,0
412729,0
412730,0
412731,0
412732,0
412733,0
412734,0
412735,0
412736,0
412737,0
412738,0
412739,0
412740,0
412741,0
412742,0
412743,0
412744,0
412745,0
412746,0
412747,0
412748,0
412749,0
412750,0
412751,0
412752,0
412753,0
412754,0
412755,0
412756,0
412757,0
412758,0
412759,0
412760,0
412761,0
412762,0
412763,0
412764,0
412765,0
412766,0
412767,0
412768,0
412769,0
412770,0
412771,0
412772,0
412773,0
412774,0
412775,0
412776,0
412777,0
412778,0
412779,0
412780,0
412781,0
412782,0
412783,0
412784,0
412785,0
412786,0
412787,0
412788,0
412789,0
412790,0
412791,0
412792,0
412793,0
412794,0
412795,0
412796,0
412797,0
412798,0
412799,0
412800,0
412801,0
412802,0
412803,0
412804,0
412805,0
412806,0
412807,0
412808,0
412809,0
412810,0
412811,0
412812,0
412813,0
412814,0
412815,0
412816,0
412817,0
412818,0
412819,0
412820,0
412821,0
412822,0
412823,0
412824,0
412825,0
412826,0
412827,0
412828,0
412829,0
412830,0
412831,0
412832,0
412833,0
412834,0
412835,0
412836,0
412837,0
412838,0
412839,0
412840,0
412841,0
412842,0
412843,0
412844,0
412845,0
412846,0
412847,0
412848,0
412849,0
412850,0
412851,0
412852,0
412853,0
412854,0
412855,0
412856,0
412857,0
412858,0
412859,0
412860,0
412861,0
412862,0
412863,0
412864,0
412865,0
412866,0
412867,0
412868,0
412869,0
412870,0
412871,0
412872,0
412873,0
412874,0
412875,0
412876,0
412877,0
412878,0
412879,0
412880,0
412881,0
412882,0
412883,0
412884,0
412885,0
412886,0
412887,0
412888,0
412889,0
412890,0
412891,0
412892,0
412893,0
412894,0
412895,0
412896,0
412897,0
412898,0
412899,0
412900,0
412901,0
412902,0
412903,0
412904,0
412905,0
412906,0
412907,0
412908,0
412909,0
412910,0
412911,0
412912,0
412913,0
412914,0
412915,0
412916,0
412917,0
412918,0
412919,0
412920,0
412921,0
412922,0
412923,0
412924,0
412925,0
412926,0
412927,0
412928,0
412929,0
412930,0
412931,0
412932,0
412933,0
412934,0
412935,0
412936,0
412937,0
412938,0
412939,0
412940,0
412941,0
412942,0
412943,0
412944,0
412945,0
412946,0
412947,0
412948,0
412949,0
412950,0
412951,0
412952,0
412953,0
412954,0
412955,0
412956,0
412957,0
412958,0
412959,0
412960,0
412961,0
412962,0
412963,0
412964,0
412965,0
412966,0
412967,0
412968,0
412969,0
412970,0
412971,0
412972,0
412973,0
412974,0
412975,0
412976,0
412977,0
412978,0
412979,0
412980,0
412981,0
412982,0
412983,0
412984,0
412985,0
412986,0
412987,0
412988,0
412989,0
412990,0
412991,0
412992,0
412993,0
412994,0
412995,0
412996,0
412997,0
412998,0
412999,0
413000,0
413001,0
413002,0
413003,0
413004,0
413005,0
413006,0
413007,0
413008,0
413009,0
413010,0
413011,0
413012,0
413013,0
413014,0
413015,0
413016,0
413017,0
413018,0
413019,0
413020,0
413021,0
413022,0
413023,0
413024,0
413025,0
413026,0
413027,0
413028,0
413029,0
413030,0
413031,0
413032,0
413033,0
413034,0
413035,0
413036,0
413037,0
413038,0
413039,0
413040,0
413041,0
413042,0
413043,0
413044,0
413045,0
413046,0
413047,0
413048,0
413049,0
413050,0
413051,0
413052,0
413053,0
413054,0
413055,0
413056,0
413057,0
413058,0
413059,0
413060,0
413061,0
413062,0
413063,0
413064,0
413065,0
413066,0
413067,0
413068,0
413069,0
413070,0
413071,0
413072,0
413073,0
413074,0
413075,0
413076,0
413077,0
413078,0
413079,0
413080,0
413081,0
413082,0
413083,0
413084,0
413085,0
413086,0
413087,0
413088,0
413089,0
413090,0
413091,0
413092,0
413093,0
413094,0
413095,0
413096,0
413097,0
413098,0
413099,0
413100,0
413101,0
413102,0
413103,0
413104,0
413105,0
413106,0
413107,0
413108,0
413109,0
413110,0
413111,0
413112,0
413113,0
413114,0
413115,0
413116,0
413117,0
413118,0
413119,0
413120,0
413121,0
413122,0
413123,0
413124,0
413125,0
413126,0
413127,0
413128,0
413129,0
413130,0
413131,0
413132,0
413133,0
413134,0
413135,0
413136,0
413137,0
413138,0
413139,0
413140,0
413141,0
413142,0
413143,0
413144,0
413145,0
413146,0
413147,0
413148,0
413149,0
413150,0
413151,0
413152,0
413153,0
413154,0
413155,0
413156,0
413157,0
413158,0
413159,0
413160,0
413161,0
413162,0
413163,0
413164,0
413165,0
413166,0
413167,0
413168,0
413169,0
413170,0
413171,0
413172,0
413173,0
413174,0
413175,0
413176,0
413177,0
413178,0
413179,0
413180,0
413181,0
413182,0
413183,0
413184,0
413185,0
413186,0
413187,0
413188,0
413189,0
413190,0
413191,0
413192,0
413193,0
413194,0
413195,0
413196,0
413197,0
413198,0
413199,0
413200,0
413201,0
413202,0
413203,0
413204,0
413205,0
413206,0
413207,0
413208,0
413209,0
413210,0
413211,0
413212,0
413213,0
413214,0
413215,0
413216,0
413217,0
413218,0
413219,0
413220,0
413221,0
413222,0
413223,0
413224,0
413225,0
413226,0
413227,0
413228,0
413229,0
413230,0
413231,0
413232,0
413233,0
413234,0
413235,0
413236,0
413237,0
413238,0
413239,0
413240,0
413241,0
413242,0
413243,0
413244,0
413245,0
413246,0
413247,0
413248,0
413249,0
413250,0
413251,0
413252,0
413253,0
413254,0
413255,0
413256,0
413257,0
413258,0
413259,0
413260,0
413261,0
413262,0
413263,0
413264,0
413265,0
413266,0
413267,0
413268,0
413269,0
413270,0
413271,0
413272,0
413273,0
413274,0
413275,0
413276,0
413277,0
413278,0
413279,0
413280,0
413281,0
413282,0
413283,0
413284,0
413285,0
413286,0
413287,0
413288,0
413289,0
413290,0
413291,0
413292,0
413293,0
413294,0
413295,0
413296,0
413297,0
413298,0
413299,0
413300,0
413301,0
413302,0
413303,0
413304,0
413305,0
413306,0
413307,0
413308,0
413309,0
413310,0
413311,0
413312,0
413313,0
413314,0
413315,0
413316,0
413317,0
413318,0
413319,0
413320,0
413321,0
413322,0
413323,0
413324,0
413325,0
413326,0
413327,0
413328,0
413329,0
413330,0
413331,0
413332,0
413333,0
413334,0
413335,0
413336,0
413337,0
413338,0
413339,0
413340,0
413341,0
413342,0
413343,0
413344,0
413345,0
413346,0
413347,0
413348,0
413349,0
413350,0
413351,0
413352,0
413353,0
413354,0
413355,0
413356,0
413357,0
413358,0
413359,0
413360,0
413361,0
413362,0
413363,0
413364,0
413365,0
413366,0
413367,0
413368,0
413369,0
413370,0
413371,0
413372,0
413373,0
413374,0
413375,0
413376,0
413377,0
413378,0
413379,0
413380,0
413381,0
413382,0
413383,0
413384,0
413385,0
413386,0
413387,0
413388,0
413389,0
413390,0
413391,0
413392,0
413393,0
413394,0
413395,0
413396,0
413397,0
413398,0
413399,0
413400,0
413401,0
413402,0
413403,0
413404,0
413405,0
413406,0
413407,0
413408,0
413409,0
413410,0
413411,0
413412,0
413413,0
413414,0
413415,0
413416,0
413417,0
413418,0
413419,0
413420,0
413421,0
413422,0
413423,0
413424,0
413425,0
413426,0
413427,0
413428,0
413429,0
413430,0
413431,0
413432,0
413433,0
413434,0
413435,0
413436,0
413437,0
413438,0
413439,0
413440,0
413441,0
413442,0
413443,0
413444,0
413445,0
413446,0
413447,0
413448,0
413449,0
413450,0
413451,0
413452,0
413453,0
413454,0
413455,0
413456,0
413457,0
413458,0
413459,0
413460,0
413461,0
413462,0
413463,0
413464,0
413465,0
413466,0
413467,0
413468,0
413469,0
413470,0
413471,0
413472,0
413473,0
413474,0
413475,0
413476,0
413477,0
413478,0
413479,0
413480,0
413481,0
413482,0
413483,0
413484,0
413485,0
413486,0
413487,0
413488,0
413489,0
413490,0
413491,0
413492,0
413493,0
413494,0
413495,0
413496,0
413497,0
413498,0
413499,0
413500,0
413501,0
413502,0
413503,0
413504,0
413505,0
413506,0
413507,0
413508,0
413509,0
413510,0
413511,0
413512,0
413513,0
413514,0
413515,0
413516,0
413517,0
413518,0
413519,0
413520,0
413521,0
413522,0
413523,0
413524,0
413525,0
413526,0
413527,0
413528,0
413529,0
413530,0
413531,0
413532,0
413533,0
413534,0
413535,0
413536,0
413537,0
413538,0
413539,0
413540,0
413541,0
413542,0
413543,0
413544,0
413545,0
413546,0
413547,0
413548,0
413549,0
413550,0
413551,0
413552,0
413553,0
413554,0
413555,0
413556,0
413557,0
413558,0
413559,0
413560,0
413561,0
413562,0
413563,0
413564,0
413565,0
413566,0
413567,0
413568,0
413569,0
413570,0
413571,0
413572,0
413573,0
413574,0
413575,0
413576,0
413577,0
413578,0
413579,0
413580,0
413581,0
413582,0
413583,0
413584,0
413585,0
413586,0
413587,0
413588,0
413589,0
413590,0
413591,0
413592,0
413593,0
413594,0
413595,0
413596,0
413597,0
413598,0
413599,0
413600,0
413601,0
413602,0
413603,0
413604,0
413605,0
413606,0
413607,0
413608,0
413609,0
413610,0
413611,0
413612,0
413613,0
413614,0
413615,0
413616,0
413617,0
413618,0
413619,0
413620,0
413621,0
413622,0
413623,0
413624,0
413625,0
413626,0
413627,0
413628,0
413629,0
413630,0
413631,0
413632,0
413633,0
413634,0
413635,0
413636,0
413637,0
413638,0
413639,0
413640,0
413641,0
413642,0
413643,0
413644,0
413645,0
413646,0
413647,0
413648,0
413649,0
413650,0
413651,0
413652,0
413653,0
413654,0
413655,0
413656,0
413657,0
413658,0
413659,0
413660,0
413661,0
413662,0
413663,0
413664,0
413665,0
413666,0
413667,0
413668,0
413669,0
413670,0
413671,0
413672,0
413673,0
413674,0
413675,0
413676,0
413677,0
413678,0
413679,0
413680,0
413681,0
413682,0
413683,0
413684,0
413685,0
413686,0
413687,0
413688,0
413689,0
413690,0
413691,0
413692,0
413693,0
413694,0
413695,0
413696,0
413697,0
413698,0
413699,0
413700,0
413701,0
413702,0
413703,0
413704,0
413705,0
413706,0
413707,0
413708,0
413709,0
413710,0
413711,0
413712,0
413713,0
413714,0
413715,0
413716,0
413717,0
413718,0
413719,0
413720,0
413721,0
413722,0
413723,0
413724,0
413725,0
413726,0
413727,0
413728,0
413729,0
413730,0
413731,0
413732,0
413733,0
413734,0
413735,0
413736,0
413737,0
413738,0
413739,0
413740,0
413741,0
413742,0
413743,0
413744,0
413745,0
413746,0
413747,0
413748,0
413749,0
413750,0
413751,0
413752,0
413753,0
413754,0
413755,0
413756,0
413757,0
413758,0
413759,0
413760,0
413761,0
413762,0
413763,0
413764,0
413765,0
413766,0
413767,0
413768,0
413769,0
413770,0
413771,0
413772,0
413773,0
413774,0
413775,0
413776,0
413777,0
413778,0
413779,0
413780,0
413781,0
413782,0
413783,0
413784,0
413785,0
413786,0
413787,0
413788,0
413789,0
413790,0
413791,0
413792,0
413793,0
413794,0
413795,0
413796,0
413797,0
413798,0
413799,0
413800,0
413801,0
413802,0
413803,0
413804,0
413805,0
413806,0
413807,0
413808,0
413809,0
413810,0
413811,0
413812,0
413813,0
413814,0
413815,0
413816,0
413817,0
413818,0
413819,0
413820,0
413821,0
413822,0
413823,0
413824,0
413825,0
413826,0
413827,0
413828,0
413829,0
413830,0
413831,0
413832,0
413833,0
413834,0
413835,0
413836,0
413837,0
413838,0
413839,0
413840,0
413841,0
413842,0
413843,0
413844,0
413845,0
413846,0
413847,0
413848,0
413849,0
413850,0
413851,0
413852,0
413853,0
413854,0
413855,0
413856,0
413857,0
413858,0
413859,0
413860,0
413861,0
413862,0
413863,0
413864,0
413865,0
413866,0
413867,0
413868,0
413869,0
413870,0
413871,0
413872,0
413873,0
413874,0
413875,0
413876,0
413877,0
413878,0
413879,0
413880,0
413881,0
413882,0
413883,0
413884,0
413885,0
413886,0
413887,0
413888,0
413889,0
413890,0
413891,0
413892,0
413893,0
413894,0
413895,0
413896,0
413897,0
413898,0
413899,0
413900,0
413901,0
413902,0
413903,0
413904,0
413905,0
413906,0
413907,0
413908,0
413909,0
413910,0
413911,0
413912,0
413913,0
413914,0
413915,0
413916,0
413917,0
413918,0
413919,0
413920,0
413921,0
413922,0
413923,0
413924,0
413925,0
413926,0
413927,0
413928,0
413929,0
413930,0
413931,0
413932,0
413933,0
413934,0
413935,0
413936,0
413937,0
413938,0
413939,0
413940,0
413941,0
413942,0
413943,0
413944,0
413945,0
413946,0
413947,0
413948,0
413949,0
413950,0
413951,0
413952,0
413953,0
413954,0
413955,0
413956,0
413957,0
413958,0
413959,0
413960,0
413961,0
413962,0
413963,0
413964,0
413965,0
413966,0
413967,0
413968,0
413969,0
413970,0
413971,0
413972,0
413973,0
413974,0
413975,0
413976,0
413977,0
413978,0
413979,0
413980,0
413981,0
413982,0
413983,0
413984,0
413985,0
413986,0
413987,0
413988,0
413989,0
413990,0
413991,0
413992,0
413993,0
413994,0
413995,0
413996,0
413997,0
413998,0
413999,0
414000,0
414001,0
414002,0
414003,0
414004,0
414005,0
414006,0
414007,0
414008,0
414009,0
414010,0
414011,0
414012,0
414013,0
414014,0
414015,0
414016,0
414017,0
414018,0
414019,0
414020,0
414021,0
414022,0
414023,0
414024,0
414025,0
414026,0
414027,0
414028,0
414029,0
414030,0
414031,0
414032,0
414033,0
414034,0
414035,0
414036,0
414037,0
414038,0
414039,0
414040,0
414041,0
414042,0
414043,0
414044,0
414045,0
414046,0
414047,0
414048,0
414049,0
414050,0
414051,0
414052,0
414053,0
414054,0
414055,0
414056,0
414057,0
414058,0
414059,0
414060,0
414061,0
414062,0
414063,0
414064,0
414065,0
414066,0
414067,0
414068,0
414069,0
414070,0
414071,0
414072,0
414073,0
414074,0
414075,0
414076,0
414077,0
414078,0
414079,0
414080,0
414081,0
414082,0
414083,0
414084,0
414085,0
414086,0
414087,0
414088,0
414089,0
414090,0
414091,0
414092,0
414093,0
414094,0
414095,0
414096,0
414097,0
414098,0
414099,0
414100,0
414101,0
414102,0
414103,0
414104,0
414105,0
414106,0
414107,0
414108,0
414109,0
414110,0
414111,0
414112,0
414113,0
414114,0
414115,0
414116,0
414117,0
414118,0
414119,0
414120,0
414121,0
414122,0
414123,0
414124,0
414125,0
414126,0
414127,0
414128,0
414129,0
414130,0
414131,0
414132,0
414133,0
414134,0
414135,0
414136,0
414137,0
414138,0
414139,0
414140,0
414141,0
414142,0
414143,0
414144,0
414145,0
414146,0
414147,0
414148,0
414149,0
414150,0
414151,0
414152,0
414153,0
414154,0
414155,0
414156,0
414157,0
414158,0
414159,0
414160,0
414161,0
414162,0
414163,0
414164,0
414165,0
414166,0
414167,0
414168,0
414169,0
414170,0
414171,0
414172,0
414173,0
414174,0
414175,0
414176,0
414177,0
414178,0
414179,0
414180,0
414181,0
414182,0
414183,0
414184,0
414185,0
414186,0
414187,0
414188,0
414189,0
414190,0
414191,0
414192,0
414193,0
414194,0
414195,0
414196,0
414197,0
414198,0
414199,0
414200,0
414201,0
414202,0
414203,0
414204,0
414205,0
414206,0
414207,0
414208,0
414209,0
414210,0
414211,0
414212,0
414213,0
414214,0
414215,0
414216,0
414217,0
414218,0
414219,0
414220,0
414221,0
414222,0
414223,0
414224,0
414225,0
414226,0
414227,0
414228,0
414229,0
414230,0
414231,0
414232,0
414233,0
414234,0
414235,0
414236,0
414237,0
414238,0
414239,0
414240,0
414241,0
414242,0
414243,0
414244,0
414245,0
414246,0
414247,0
414248,0
414249,0
414250,0
414251,0
414252,0
414253,0
414254,0
414255,0
414256,0
414257,0
414258,0
414259,0
414260,0
414261,0
414262,0
414263,0
414264,0
414265,0
414266,0
414267,0
414268,0
414269,0
414270,0
414271,0
414272,0
414273,0
414274,0
414275,0
414276,0
414277,0
414278,0
414279,0
414280,0
414281,0
414282,0
414283,0
414284,0
414285,0
414286,0
414287,0
414288,0
414289,0
414290,0
414291,0
414292,0
414293,0
414294,0
414295,0
414296,0
414297,0
414298,0
414299,0
414300,0
414301,0
414302,0
414303,0
414304,0
414305,0
414306,0
414307,0
414308,0
414309,0
414310,0
414311,0
414312,0
414313,0
414314,0
414315,0
414316,0
414317,0
414318,0
414319,0
414320,0
414321,0
414322,0
414323,0
414324,0
414325,0
414326,0
414327,0
414328,0
414329,0
414330,0
414331,0
414332,0
414333,0
414334,0
414335,0
414336,0
414337,0
414338,0
414339,0
414340,0
414341,0
414342,0
414343,0
414344,0
414345,0
414346,0
414347,0
414348,0
414349,0
414350,0
414351,0
414352,0
414353,0
414354,0
414355,0
414356,0
414357,0
414358,0
414359,0
414360,0
414361,0
414362,0
414363,0
414364,0
414365,0
414366,0
414367,0
414368,0
414369,0
414370,0
414371,0
414372,0
414373,0
414374,0
414375,0
414376,0
414377,0
414378,0
414379,0
414380,0
414381,0
414382,0
414383,0
414384,0
414385,0
414386,0
414387,0
414388,0
414389,0
414390,0
414391,0
414392,0
414393,0
414394,0
414395,0
414396,0
414397,0
414398,0
414399,0
414400,0
414401,0
414402,0
414403,0
414404,0
414405,0
414406,0
414407,0
414408,0
414409,0
414410,0
414411,0
414412,0
414413,0
414414,0
414415,0
414416,0
414417,0
414418,0
414419,0
414420,0
414421,0
414422,0
414423,0
414424,0
414425,0
414426,0
414427,0
414428,0
414429,0
414430,0
414431,0
414432,0
414433,0
414434,0
414435,0
414436,0
414437,0
414438,0
414439,0
414440,0
414441,0
414442,0
414443,0
414444,0
414445,0
414446,0
414447,0
414448,0
414449,0
414450,0
414451,0
414452,0
414453,0
414454,0
414455,0
414456,0
414457,0
414458,0
414459,0
414460,0
414461,0
414462,0
414463,0
414464,0
414465,0
414466,0
414467,0
414468,0
414469,0
414470,0
414471,0
414472,0
414473,0
414474,0
414475,0
414476,0
414477,0
414478,0
414479,0
414480,0
414481,0
414482,0
414483,0
414484,0
414485,0
414486,0
414487,0
414488,0
414489,0
414490,0
414491,0
414492,0
414493,0
414494,0
414495,0
414496,0
414497,0
414498,0
414499,0
414500,0
414501,0
414502,0
414503,0
414504,0
414505,0
414506,0
414507,0
414508,0
414509,0
414510,0
414511,0
414512,0
414513,0
414514,0
414515,0
414516,0
414517,0
414518,0
414519,0
414520,0
414521,0
414522,0
414523,0
414524,0
414525,0
414526,0
414527,0
414528,0
414529,0
414530,0
414531,0
414532,0
414533,0
414534,0
414535,0
414536,0
414537,0
414538,0
414539,0
414540,0
414541,0
414542,0
414543,0
414544,0
414545,0
414546,0
414547,0
414548,0
414549,0
414550,0
414551,0
414552,0
414553,0
414554,0
414555,0
414556,0
414557,0
414558,0
414559,0
414560,0
414561,0
414562,0
414563,0
414564,0
414565,0
414566,0
414567,0
414568,0
414569,0
414570,0
414571,0
414572,0
414573,0
414574,0
414575,0
414576,0
414577,0
414578,0
414579,0
414580,0
414581,0
414582,0
414583,0
414584,0
414585,0
414586,0
414587,0
414588,0
414589,0
414590,0
414591,0
414592,0
414593,0
414594,0
414595,0
414596,0
414597,0
414598,0
414599,0
414600,0
414601,0
414602,0
414603,0
414604,0
414605,0
414606,0
414607,0
414608,0
414609,0
414610,0
414611,0
414612,0
414613,0
414614,0
414615,0
414616,0
414617,0
414618,0
414619,0
414620,0
414621,0
414622,0
414623,0
414624,0
414625,0
414626,0
414627,0
414628,0
414629,0
414630,0
414631,0
414632,0
414633,0
414634,0
414635,0
414636,0
414637,0
414638,0
414639,0
414640,0
414641,0
414642,0
414643,0
414644,0
414645,0
414646,0
414647,0
414648,0
414649,0
414650,0
414651,0
414652,0
414653,0
414654,0
414655,0
414656,0
414657,0
414658,0
414659,0
414660,0
414661,0
414662,0
414663,0
414664,0
414665,0
414666,0
414667,0
414668,0
414669,0
414670,0
414671,0
414672,0
414673,0
414674,0
414675,0
414676,0
414677,0
414678,0
414679,0
414680,0
414681,0
414682,0
414683,0
414684,0
414685,0
414686,0
414687,0
414688,0
414689,0
414690,0
414691,0
414692,0
414693,0
414694,0
414695,0
414696,0
414697,0
414698,0
414699,0
414700,0
414701,0
414702,0
414703,0
414704,0
414705,0
414706,0
414707,0
414708,0
414709,0
414710,0
414711,0
414712,0
414713,0
414714,0
414715,0
414716,0
414717,0
414718,0
414719,0
414720,0
414721,0
414722,0
414723,0
414724,0
414725,0
414726,0
414727,0
414728,0
414729,0
414730,0
414731,0
414732,0
414733,0
414734,0
414735,0
414736,0
414737,0
414738,0
414739,0
414740,0
414741,0
414742,0
414743,0
414744,0
414745,0
414746,0
414747,0
414748,0
414749,0
414750,0
414751,0
414752,0
414753,0
414754,0
414755,0
414756,0
414757,0
414758,0
414759,0
414760,0
414761,0
414762,0
414763,0
414764,0
414765,0
414766,0
414767,0
414768,0
414769,0
414770,0
414771,0
414772,0
414773,0
414774,0
414775,0
414776,0
414777,0
414778,0
414779,0
414780,0
414781,0
414782,0
414783,0
414784,0
414785,0
414786,0
414787,0
414788,0
414789,0
414790,0
414791,0
414792,0
414793,0
414794,0
414795,0
414796,0
414797,0
414798,0
414799,0
414800,0
414801,0
414802,0
414803,0
414804,0
414805,0
414806,0
414807,0
414808,0
414809,0
414810,0
414811,0
414812,0
414813,0
414814,0
414815,0
414816,0
414817,0
414818,0
414819,0
414820,0
414821,0
414822,0
414823,0
414824,0
414825,0
414826,0
414827,0
414828,0
414829,0
414830,0
414831,0
414832,0
414833,0
414834,0
414835,0
414836,0
414837,0
414838,0
414839,0
414840,0
414841,0
414842,0
414843,0
414844,0
414845,0
414846,0
414847,0
414848,0
414849,0
414850,0
414851,0
414852,0
414853,0
414854,0
414855,0
414856,0
414857,0
414858,0
414859,0
414860,0
414861,0
414862,0
414863,0
414864,0
414865,0
414866,0
414867,0
414868,0
414869,0
414870,0
414871,0
414872,0
414873,0
414874,0
414875,0
414876,0
414877,0
414878,0
414879,0
414880,0
414881,0
414882,0
414883,0
414884,0
414885,0
414886,0
414887,0
414888,0
414889,0
414890,0
414891,0
414892,0
414893,0
414894,0
414895,0
414896,0
414897,0
414898,0
414899,0
414900,0
414901,0
414902,0
414903,0
414904,0
414905,0
414906,0
414907,0
414908,0
414909,0
414910,0
414911,0
414912,0
414913,0
414914,0
414915,0
414916,0
414917,0
414918,0
414919,0
414920,0
414921,0
414922,0
414923,0
414924,0
414925,0
414926,0
414927,0
414928,0
414929,0
414930,0
414931,0
414932,0
414933,0
414934,0
414935,0
414936,0
414937,0
414938,0
414939,0
414940,0
414941,0
414942,0
414943,0
414944,0
414945,0
414946,0
414947,0
414948,0
414949,0
414950,0
414951,0
414952,0
414953,0
414954,0
414955,0
414956,0
414957,0
414958,0
414959,0
414960,0
414961,0
414962,0
414963,0
414964,0
414965,0
414966,0
414967,0
414968,0
414969,0
414970,0
414971,0
414972,0
414973,0
414974,0
414975,0
414976,0
414977,0
414978,0
414979,0
414980,0
414981,0
414982,0
414983,0
414984,0
414985,0
414986,0
414987,0
414988,0
414989,0
414990,0
414991,0
414992,0
414993,0
414994,0
414995,0
414996,0
414997,0
414998,0
414999,0
415000,0
415001,0
415002,0
415003,0
415004,0
415005,0
415006,0
415007,0
415008,0
415009,0
415010,0
415011,0
415012,0
415013,0
415014,0
415015,0
415016,0
415017,0
415018,0
415019,0
415020,0
415021,0
415022,0
415023,0
415024,0
415025,0
415026,0
415027,0
415028,0
415029,0
415030,0
415031,0
415032,0
415033,0
415034,0
415035,0
415036,0
415037,0
415038,0
415039,0
415040,0
415041,0
415042,0
415043,0
415044,0
415045,0
415046,0
415047,0
415048,0
415049,0
415050,0
415051,0
415052,0
415053,0
415054,0
415055,0
415056,0
415057,0
415058,0
415059,0
415060,0
415061,0
415062,0
415063,0
415064,0
415065,0
415066,0
415067,0
415068,0
415069,0
415070,0
415071,0
415072,0
415073,0
415074,0
415075,0
415076,0
415077,0
415078,0
415079,0
415080,0
415081,0
415082,0
415083,0
415084,0
415085,0
415086,0
415087,0
415088,0
415089,0
415090,0
415091,0
415092,0
415093,0
415094,0
415095,0
415096,0
415097,0
415098,0
415099,0
415100,0
415101,0
415102,0
415103,0
415104,0
415105,0
415106,0
415107,0
415108,0
415109,0
415110,0
415111,0
415112,0
415113,0
415114,0
415115,0
415116,0
415117,0
415118,0
415119,0
415120,0
415121,0
415122,0
415123,0
415124,0
415125,0
415126,0
415127,0
415128,0
415129,0
415130,0
415131,0
415132,0
415133,0
415134,0
415135,0
415136,0
415137,0
415138,0
415139,0
415140,0
415141,0
415142,0
415143,0
415144,0
415145,0
415146,0
415147,0
415148,0
415149,0
415150,0
415151,0
415152,0
415153,0
415154,0
415155,0
415156,0
415157,0
415158,0
415159,0
415160,0
415161,0
415162,0
415163,0
415164,0
415165,0
415166,0
415167,0
415168,0
415169,0
415170,0
415171,0
415172,0
415173,0
415174,0
415175,0
415176,0
415177,0
415178,0
415179,0
415180,0
415181,0
415182,0
415183,0
415184,0
415185,0
415186,0
415187,0
415188,0
415189,0
415190,0
415191,0
415192,0
415193,0
415194,0
415195,0
415196,0
415197,0
415198,0
415199,0
415200,0
415201,0
415202,0
415203,0
415204,0
415205,0
415206,0
415207,0
415208,0
415209,0
415210,0
415211,0
415212,0
415213,0
415214,0
415215,0
415216,0
415217,0
415218,0
415219,0
415220,0
415221,0
415222,0
415223,0
415224,0
415225,0
415226,0
415227,0
415228,0
415229,0
415230,0
415231,0
415232,0
415233,0
415234,0
415235,0
415236,0
415237,0
415238,0
415239,0
415240,0
415241,0
415242,0
415243,0
415244,0
415245,0
415246,0
415247,0
415248,0
415249,0
415250,0
415251,0
415252,0
415253,0
415254,0
415255,0
415256,0
415257,0
415258,0
415259,0
415260,0
415261,0
415262,0
415263,0
415264,0
415265,0
415266,0
415267,0
415268,0
415269,0
415270,0
415271,0
415272,0
415273,0
415274,0
415275,0
415276,0
415277,0
415278,0
415279,0
415280,0
415281,0
415282,0
415283,0
415284,0
415285,0
415286,0
415287,0
415288,0
415289,0
415290,0
415291,0
415292,0
415293,0
415294,0
415295,0
415296,0
415297,0
415298,0
415299,0
415300,0
415301,0
415302,0
415303,0
415304,0
415305,0
415306,0
415307,0
415308,0
415309,0
415310,0
415311,0
415312,0
415313,0
415314,0
415315,0
415316,0
415317,0
415318,0
415319,0
415320,0
415321,0
415322,0
415323,0
415324,0
415325,0
415326,0
415327,0
415328,0
415329,0
415330,0
415331,0
415332,0
415333,0
415334,0
415335,0
415336,0
415337,0
415338,0
415339,0
415340,0
415341,0
415342,0
415343,0
415344,0
415345,0
415346,0
415347,0
415348,0
415349,0
415350,0
415351,0
415352,0
415353,0
415354,0
415355,0
415356,0
415357,0
415358,0
415359,0
415360,0
415361,0
415362,0
415363,0
415364,0
415365,0
415366,0
415367,0
415368,0
415369,0
415370,0
415371,0
415372,0
415373,0
415374,0
415375,0
415376,0
415377,0
415378,0
415379,0
415380,0
415381,0
415382,0
415383,0
415384,0
415385,0
415386,0
415387,0
415388,0
415389,0
415390,0
415391,0
415392,0
415393,0
415394,0
415395,0
415396,0
415397,0
415398,0
415399,0
415400,0
415401,0
415402,0
415403,0
415404,0
415405,0
415406,0
415407,0
415408,0
415409,0
415410,0
415411,0
415412,0
415413,0
415414,0
415415,0
415416,0
415417,0
415418,0
415419,0
415420,0
415421,0
415422,0
415423,0
415424,0
415425,0
415426,0
415427,0
415428,0
415429,0
415430,0
415431,0
415432,0
415433,0
415434,0
415435,0
415436,0
415437,0
415438,0
415439,0
415440,0
415441,0
415442,0
415443,0
415444,0
415445,0
415446,0
415447,0
415448,0
415449,0
415450,0
415451,0
415452,0
415453,0
415454,0
415455,0
415456,0
415457,0
415458,0
415459,0
415460,0
415461,0
415462,0
415463,0
415464,0
415465,0
415466,0
415467,0
415468,0
415469,0
415470,0
415471,0
415472,0
415473,0
415474,0
415475,0
415476,0
415477,0
415478,0
415479,0
415480,0
415481,0
415482,0
415483,0
415484,0
415485,0
415486,0
415487,0
415488,0
415489,0
415490,0
415491,0
415492,0
415493,0
415494,0
415495,0
415496,0
415497,0
415498,0
415499,0
415500,0
415501,0
415502,0
415503,0
415504,0
415505,0
415506,0
415507,0
415508,0
415509,0
415510,0
415511,0
415512,0
415513,0
415514,0
415515,0
415516,0
415517,0
415518,0
415519,0
415520,0
415521,0
415522,0
415523,0
415524,0
415525,0
415526,0
415527,0
415528,0
415529,0
415530,0
415531,0
415532,0
415533,0
415534,0
415535,0
415536,0
415537,0
415538,0
415539,0
415540,0
415541,0
415542,0
415543,0
415544,0
415545,0
415546,0
415547,0
415548,0
415549,0
415550,0
415551,0
415552,0
415553,0
415554,0
415555,0
415556,0
415557,0
415558,0
415559,0
415560,0
415561,0
415562,0
415563,0
415564,0
415565,0
415566,0
415567,0
415568,0
415569,0
415570,0
415571,0
415572,0
415573,0
415574,0
415575,0
415576,0
415577,0
415578,0
415579,0
415580,0
415581,0
415582,0
415583,0
415584,0
415585,0
415586,0
415587,0
415588,0
415589,0
415590,0
415591,0
415592,0
415593,0
415594,0
415595,0
415596,0
415597,0
415598,0
415599,0
415600,0
415601,0
415602,0
415603,0
415604,0
415605,0
415606,0
415607,0
415608,0
415609,0
415610,0
415611,0
415612,0
415613,0
415614,0
415615,0
415616,0
415617,0
415618,0
415619,0
415620,0
415621,0
415622,0
415623,0
415624,0
415625,0
415626,0
415627,0
415628,0
415629,0
415630,0
415631,0
415632,0
415633,0
415634,0
415635,0
415636,0
415637,0
415638,0
415639,0
415640,0
415641,0
415642,0
415643,0
415644,0
415645,0
415646,0
415647,0
415648,0
415649,0
415650,0
415651,0
415652,0
415653,0
415654,0
415655,0
415656,0
415657,0
415658,0
415659,0
415660,0
415661,0
415662,0
415663,0
415664,0
415665,0
415666,0
415667,0
415668,0
415669,0
415670,0
415671,0
415672,0
415673,0
415674,0
415675,0
415676,0
415677,0
415678,0
415679,0
415680,0
415681,0
415682,0
415683,0
415684,0
415685,0
415686,0
415687,0
415688,0
415689,0
415690,0
415691,0
415692,0
415693,0
415694,0
415695,0
415696,0
415697,0
415698,0
415699,0
415700,0
415701,0
415702,0
415703,0
415704,0
415705,0
415706,0
415707,0
415708,0
415709,0
415710,0
415711,0
415712,0
415713,0
415714,0
415715,0
415716,0
415717,0
415718,0
415719,0
415720,0
415721,0
415722,0
415723,0
415724,0
415725,0
415726,0
415727,0
415728,0
415729,0
415730,0
415731,0
415732,0
415733,0
415734,0
415735,0
415736,0
415737,0
415738,0
415739,0
415740,0
415741,0
415742,0
415743,0
415744,0
415745,0
415746,0
415747,0
415748,0
415749,0
415750,0
415751,0
415752,0
415753,0
415754,0
415755,0
415756,0
415757,0
415758,0
415759,0
415760,0
415761,0
415762,0
415763,0
415764,0
415765,0
415766,0
415767,0
415768,0
415769,0
415770,0
415771,0
415772,0
415773,0
415774,0
415775,0
415776,0
415777,0
415778,0
415779,0
415780,0
415781,0
415782,0
415783,0
415784,0
415785,0
415786,0
415787,0
415788,0
415789,0
415790,0
415791,0
415792,0
415793,0
415794,0
415795,0
415796,0
415797,0
415798,0
415799,0
415800,0
415801,0
415802,0
415803,0
415804,0
415805,0
415806,0
415807,0
415808,0
415809,0
415810,0
415811,0
415812,0
415813,0
415814,0
415815,0
415816,0
415817,0
415818,0
415819,0
415820,0
415821,0
415822,0
415823,0
415824,0
415825,0
415826,0
415827,0
415828,0
415829,0
415830,0
415831,0
415832,0
415833,0
415834,0
415835,0
415836,0
415837,0
415838,0
415839,0
415840,0
415841,0
415842,0
415843,0
415844,0
415845,0
415846,0
415847,0
415848,0
415849,0
415850,0
415851,0
415852,0
415853,0
415854,0
415855,0
415856,0
415857,0
415858,0
415859,0
415860,0
415861,0
415862,0
415863,0
415864,0
415865,0
415866,0
415867,0
415868,0
415869,0
415870,0
415871,0
415872,0
415873,0
415874,0
415875,0
415876,0
415877,0
415878,0
415879,0
415880,0
415881,0
415882,0
415883,0
415884,0
415885,0
415886,0
415887,0
415888,0
415889,0
415890,0
415891,0
415892,0
415893,0
415894,0
415895,0
415896,0
415897,0
415898,0
415899,0
415900,0
415901,0
415902,0
415903,0
415904,0
415905,0
415906,0
415907,0
415908,0
415909,0
415910,0
415911,0
415912,0
415913,0
415914,0
415915,0
415916,0
415917,0
415918,0
415919,0
415920,0
415921,0
415922,0
415923,0
415924,0
415925,0
415926,0
415927,0
415928,0
415929,0
415930,0
415931,0
415932,0
415933,0
415934,0
415935,0
415936,0
415937,0
415938,0
415939,0
415940,0
415941,0
415942,0
415943,0
415944,0
415945,0
415946,0
415947,0
415948,0
415949,0
415950,0
415951,0
415952,0
415953,0
415954,0
415955,0
415956,0
415957,0
415958,0
415959,0
415960,0
415961,0
415962,0
415963,0
415964,0
415965,0
415966,0
415967,0
415968,0
415969,0
415970,0
415971,0
415972,0
415973,0
415974,0
415975,0
415976,0
415977,0
415978,0
415979,0
415980,0
415981,0
415982,0
415983,0
415984,0
415985,0
415986,0
415987,0
415988,0
415989,0
415990,0
415991,0
415992,0
415993,0
415994,0
415995,0
415996,0
415997,0
415998,0
415999,0
416000,0
416001,0
416002,0
416003,0
416004,0
416005,0
416006,0
416007,0
416008,0
416009,0
416010,0
416011,0
416012,0
416013,0
416014,0
416015,0
416016,0
416017,0
416018,0
416019,0
416020,0
416021,0
416022,0
416023,0
416024,0
416025,0
416026,0
416027,0
416028,0
416029,0
416030,0
416031,0
416032,0
416033,0
416034,0
416035,0
416036,0
416037,0
416038,0
416039,0
416040,0
416041,0
416042,0
416043,0
416044,0
416045,0
416046,0
416047,0
416048,0
416049,0
416050,0
416051,0
416052,0
416053,0
416054,0
416055,0
416056,0
416057,0
416058,0
416059,0
416060,0
416061,0
416062,0
416063,0
416064,0
416065,0
416066,0
416067,0
416068,0
416069,0
416070,0
416071,0
416072,0
416073,0
416074,0
416075,0
416076,0
416077,0
416078,0
416079,0
416080,0
416081,0
416082,0
416083,0
416084,0
416085,0
416086,0
416087,0
416088,0
416089,0
416090,0
416091,0
416092,0
416093,0
416094,0
416095,0
416096,0
416097,0
416098,0
416099,0
416100,0
416101,0
416102,0
416103,0
416104,0
416105,0
416106,0
416107,0
416108,0
416109,0
416110,0
416111,0
416112,0
416113,0
416114,0
416115,0
416116,0
416117,0
416118,0
416119,0
416120,0
416121,0
416122,0
416123,0
416124,0
416125,0
416126,0
416127,0
416128,0
416129,0
416130,0
416131,0
416132,0
416133,0
416134,0
416135,0
416136,0
416137,0
416138,0
416139,0
416140,0
416141,0
416142,0
416143,0
416144,0
416145,0
416146,0
416147,0
416148,0
416149,0
416150,0
416151,0
416152,0
416153,0
416154,0
416155,0
416156,0
416157,0
416158,0
416159,0
416160,0
416161,0
416162,0
416163,0
416164,0
416165,0
416166,0
416167,0
416168,0
416169,0
416170,0
416171,0
416172,0
416173,0
416174,0
416175,0
416176,0
416177,0
416178,0
416179,0
416180,0
416181,0
416182,0
416183,0
416184,0
416185,0
416186,0
416187,0
416188,0
416189,0
416190,0
416191,0
416192,0
416193,0
416194,0
416195,0
416196,0
416197,0
416198,0
416199,0
416200,0
416201,0
416202,0
416203,0
416204,0
416205,0
416206,0
416207,0
416208,0
416209,0
416210,0
416211,0
416212,0
416213,0
416214,0
416215,0
416216,0
416217,0
416218,0
416219,0
416220,0
416221,0
416222,0
416223,0
416224,0
416225,0
416226,0
416227,0
416228,0
416229,0
416230,0
416231,0
416232,0
416233,0
416234,0
416235,0
416236,0
416237,0
416238,0
416239,0
416240,0
416241,0
416242,0
416243,0
416244,0
416245,0
416246,0
416247,0
416248,0
416249,0
416250,0
416251,0
416252,0
416253,0
416254,0
416255,0
416256,0
416257,0
416258,0
416259,0
416260,0
416261,0
416262,0
416263,0
416264,0
416265,0
416266,0
416267,0
416268,0
416269,0
416270,0
416271,0
416272,0
416273,0
416274,0
416275,0
416276,0
416277,0
416278,0
416279,0
416280,0
416281,0
416282,0
416283,0
416284,0
416285,0
416286,0
416287,0
416288,0
416289,0
416290,0
416291,0
416292,0
416293,0
416294,0
416295,0
416296,0
416297,0
416298,0
416299,0
416300,0
416301,0
416302,0
416303,0
416304,0
416305,0
416306,0
416307,0
416308,0
416309,0
416310,0
416311,0
416312,0
416313,0
416314,0
416315,0
416316,0
416317,0
416318,0
416319,0
416320,0
416321,0
416322,0
416323,0
416324,0
416325,0
416326,0
416327,0
416328,0
416329,0
416330,0
416331,0
416332,0
416333,0
416334,0
416335,0
416336,0
416337,0
416338,0
416339,0
416340,0
416341,0
416342,0
416343,0
416344,0
416345,0
416346,0
416347,0
416348,0
416349,0
416350,0
416351,0
416352,0
416353,0
416354,0
416355,0
416356,0
416357,0
416358,0
416359,0
416360,0
416361,0
416362,0
416363,0
416364,0
416365,0
416366,0
416367,0
416368,0
416369,0
416370,0
416371,0
416372,0
416373,0
416374,0
416375,0
416376,0
416377,0
416378,0
416379,0
416380,0
416381,0
416382,0
416383,0
416384,0
416385,0
416386,0
416387,0
416388,0
416389,0
416390,0
416391,0
416392,0
416393,0
416394,0
416395,0
416396,0
416397,0
416398,0
416399,0
416400,0
416401,0
416402,0
416403,0
416404,0
416405,0
416406,0
416407,0
416408,0
416409,0
416410,0
416411,0
416412,0
416413,0
416414,0
416415,0
416416,0
416417,0
416418,0
416419,0
416420,0
416421,0
416422,0
416423,0
416424,0
416425,0
416426,0
416427,0
416428,0
416429,0
416430,0
416431,0
416432,0
416433,0
416434,0
416435,0
416436,0
416437,0
416438,0
416439,0
416440,0
416441,0
416442,0
416443,0
416444,0
416445,0
416446,0
416447,0
416448,0
416449,0
416450,0
416451,0
416452,0
416453,0
416454,0
416455,0
416456,0
416457,0
416458,0
416459,0
416460,0
416461,0
416462,0
416463,0
416464,0
416465,0
416466,0
416467,0
416468,0
416469,0
416470,0
416471,0
416472,0
416473,0
416474,0
416475,0
416476,0
416477,0
416478,0
416479,0
416480,0
416481,0
416482,0
416483,0
416484,0
416485,0
416486,0
416487,0
416488,0
416489,0
416490,0
416491,0
416492,0
416493,0
416494,0
416495,0
416496,0
416497,0
416498,0
416499,0
416500,0
416501,0
416502,0
416503,0
416504,0
416505,0
416506,0
416507,0
416508,0
416509,0
416510,0
416511,0
416512,0
416513,0
416514,0
416515,0
416516,0
416517,0
416518,0
416519,0
416520,0
416521,0
416522,0
416523,0
416524,0
416525,0
416526,0
416527,0
416528,0
416529,0
416530,0
416531,0
416532,0
416533,0
416534,0
416535,0
416536,0
416537,0
416538,0
416539,0
416540,0
416541,0
416542,0
416543,0
416544,0
416545,0
416546,0
416547,0
416548,0
416549,0
416550,0
416551,0
416552,0
416553,0
416554,0
416555,0
416556,0
416557,0
416558,0
416559,0
416560,0
416561,0
416562,0
416563,0
416564,0
416565,0
416566,0
416567,0
416568,0
416569,0
416570,0
416571,0
416572,0
416573,0
416574,0
416575,0
416576,0
416577,0
416578,0
416579,0
416580,0
416581,0
416582,0
416583,0
416584,0
416585,0
416586,0
416587,0
416588,0
416589,0
416590,0
416591,0
416592,0
416593,0
416594,0
416595,0
416596,0
416597,0
416598,0
416599,0
416600,0
416601,0
416602,0
416603,0
416604,0
416605,0
416606,0
416607,0
416608,0
416609,0
416610,0
416611,0
416612,0
416613,0
416614,0
416615,0
416616,0
416617,0
416618,0
416619,0
416620,0
416621,0
416622,0
416623,0
416624,0
416625,0
416626,0
416627,0
416628,0
416629,0
416630,0
416631,0
416632,0
416633,0
416634,0
416635,0
416636,0
416637,0
416638,0
416639,0
416640,0
416641,0
416642,0
416643,0
416644,0
416645,0
416646,0
416647,0
416648,0
416649,0
416650,0
416651,0
416652,0
416653,0
416654,0
416655,0
416656,0
416657,0
416658,0
416659,0
416660,0
416661,0
416662,0
416663,0
416664,0
416665,0
416666,0
416667,0
416668,0
416669,0
416670,0
416671,0
416672,0
416673,0
416674,0
416675,0
416676,0
416677,0
416678,0
416679,0
416680,0
416681,0
416682,0
416683,0
416684,0
416685,0
416686,0
416687,0
416688,0
416689,0
416690,0
416691,0
416692,0
416693,0
416694,0
416695,0
416696,0
416697,0
416698,0
416699,0
416700,0
416701,0
416702,0
416703,0
416704,0
416705,0
416706,0
416707,0
416708,0
416709,0
416710,0
416711,0
416712,0
416713,0
416714,0
416715,0
416716,0
416717,0
416718,0
416719,0
416720,0
416721,0
416722,0
416723,0
416724,0
416725,0
416726,0
416727,0
416728,0
416729,0
416730,0
416731,0
416732,0
416733,0
416734,0
416735,0
416736,0
416737,0
416738,0
416739,0
416740,0
416741,0
416742,0
416743,0
416744,0
416745,0
416746,0
416747,0
416748,0
416749,0
416750,0
416751,0
416752,0
416753,0
416754,0
416755,0
416756,0
416757,0
416758,0
416759,0
416760,0
416761,0
416762,0
416763,0
416764,0
416765,0
416766,0
416767,0
416768,0
416769,0
416770,0
416771,0
416772,0
416773,0
416774,0
416775,0
416776,0
416777,0
416778,0
416779,0
416780,0
416781,0
416782,0
416783,0
416784,0
416785,0
416786,0
416787,0
416788,0
416789,0
416790,0
416791,0
416792,0
416793,0
416794,0
416795,0
416796,0
416797,0
416798,0
416799,0
416800,0
416801,0
416802,0
416803,0
416804,0
416805,0
416806,0
416807,0
416808,0
416809,0
416810,0
416811,0
416812,0
416813,0
416814,0
416815,0
416816,0
416817,0
416818,0
416819,0
416820,0
416821,0
416822,0
416823,0
416824,0
416825,0
416826,0
416827,0
416828,0
416829,0
416830,0
416831,0
416832,0
416833,0
416834,0
416835,0
416836,0
416837,0
416838,0
416839,0
416840,0
416841,0
416842,0
416843,0
416844,0
416845,0
416846,0
416847,0
416848,0
416849,0
416850,0
416851,0
416852,0
416853,0
416854,0
416855,0
416856,0
416857,0
416858,0
416859,0
416860,0
416861,0
416862,0
416863,0
416864,0
416865,0
416866,0
416867,0
416868,0
416869,0
416870,0
416871,0
416872,0
416873,0
416874,0
416875,0
416876,0
416877,0
416878,0
416879,0
416880,0
416881,0
416882,0
416883,0
416884,0
416885,0
416886,0
416887,0
416888,0
416889,0
416890,0
416891,0
416892,0
416893,0
416894,0
416895,0
416896,0
416897,0
416898,0
416899,0
416900,0
416901,0
416902,0
416903,0
416904,0
416905,0
416906,0
416907,0
416908,0
416909,0
416910,0
416911,0
416912,0
416913,0
416914,0
416915,0
416916,0
416917,0
416918,0
416919,0
416920,0
416921,0
416922,0
416923,0
416924,0
416925,0
416926,0
416927,0
416928,0
416929,0
416930,0
416931,0
416932,0
416933,0
416934,0
416935,0
416936,0
416937,0
416938,0
416939,0
416940,0
416941,0
416942,0
416943,0
416944,0
416945,0
416946,0
416947,0
416948,0
416949,0
416950,0
416951,0
416952,0
416953,0
416954,0
416955,0
416956,0
416957,0
416958,0
416959,0
416960,0
416961,0
416962,0
416963,0
416964,0
416965,0
416966,0
416967,0
416968,0
416969,0
416970,0
416971,0
416972,0
416973,0
416974,0
416975,0
416976,0
416977,0
416978,0
416979,0
416980,0
416981,0
416982,0
416983,0
416984,0
416985,0
416986,0
416987,0
416988,0
416989,0
416990,0
416991,0
416992,0
416993,0
416994,0
416995,0
416996,0
416997,0
416998,0
416999,0
417000,0
417001,0
417002,0
417003,0
417004,0
417005,0
417006,0
417007,0
417008,0
417009,0
417010,0
417011,0
417012,0
417013,0
417014,0
417015,0
417016,0
417017,0
417018,0
417019,0
417020,0
417021,0
417022,0
417023,0
417024,0
417025,0
417026,0
417027,0
417028,0
417029,0
417030,0
417031,0
417032,0
417033,0
417034,0
417035,0
417036,0
417037,0
417038,0
417039,0
417040,0
417041,0
417042,0
417043,0
417044,0
417045,0
417046,0
417047,0
417048,0
417049,0
417050,0
417051,0
417052,0
417053,0
417054,0
417055,0
417056,0
417057,0
417058,0
417059,0
417060,0
417061,0
417062,0
417063,0
417064,0
417065,0
417066,0
417067,0
417068,0
417069,0
417070,0
417071,0
417072,0
417073,0
417074,0
417075,0
417076,0
417077,0
417078,0
417079,0
417080,0
417081,0
417082,0
417083,0
417084,0
417085,0
417086,0
417087,0
417088,0
417089,0
417090,0
417091,0
417092,0
417093,0
417094,0
417095,0
417096,0
417097,0
417098,0
417099,0
417100,0
417101,0
417102,0
417103,0
417104,0
417105,0
417106,0
417107,0
417108,0
417109,0
417110,0
417111,0
417112,0
417113,0
417114,0
417115,0
417116,0
417117,0
417118,0
417119,0
417120,0
417121,0
417122,0
417123,0
417124,0
417125,0
417126,0
417127,0
417128,0
417129,0
417130,0
417131,0
417132,0
417133,0
417134,0
417135,0
417136,0
417137,0
417138,0
417139,0
417140,0
417141,0
417142,0
417143,0
417144,0
417145,0
417146,0
417147,0
417148,0
417149,0
417150,0
417151,0
417152,0
417153,0
417154,0
417155,0
417156,0
417157,0
417158,0
417159,0
417160,0
417161,0
417162,0
417163,0
417164,0
417165,0
417166,0
417167,0
417168,0
417169,0
417170,0
417171,0
417172,0
417173,0
417174,0
417175,0
417176,0
417177,0
417178,0
417179,0
417180,0
417181,0
417182,0
417183,0
417184,0
417185,0
417186,0
417187,0
417188,0
417189,0
417190,0
417191,0
417192,0
417193,0
417194,0
417195,0
417196,0
417197,0
417198,0
417199,0
417200,0
417201,0
417202,0
417203,0
417204,0
417205,0
417206,0
417207,0
417208,0
417209,0
417210,0
417211,0
417212,0
417213,0
417214,0
417215,0
417216,0
417217,0
417218,0
417219,0
417220,0
417221,0
417222,0
417223,0
417224,0
417225,0
417226,0
417227,0
417228,0
417229,0
417230,0
417231,0
417232,0
417233,0
417234,0
417235,0
417236,0
417237,0
417238,0
417239,0
417240,0
417241,0
417242,0
417243,0
417244,0
417245,0
417246,0
417247,0
417248,0
417249,0
417250,0
417251,0
417252,0
417253,0
417254,0
417255,0
417256,0
417257,0
417258,0
417259,0
417260,0
417261,0
417262,0
417263,0
417264,0
417265,0
417266,0
417267,0
417268,0
417269,0
417270,0
417271,0
417272,0
417273,0
417274,0
417275,0
417276,0
417277,0
417278,0
417279,0
417280,0
417281,0
417282,0
417283,0
417284,0
417285,0
417286,0
417287,0
417288,0
417289,0
417290,0
417291,0
417292,0
417293,0
417294,0
417295,0
417296,0
417297,0
417298,0
417299,0
417300,0
417301,0
417302,0
417303,0
417304,0
417305,0
417306,0
417307,0
417308,0
417309,0
417310,0
417311,0
417312,0
417313,0
417314,0
417315,0
417316,0
417317,0
417318,0
417319,0
417320,0
417321,0
417322,0
417323,0
417324,0
417325,0
417326,0
417327,0
417328,0
417329,0
417330,0
417331,0
417332,0
417333,0
417334,0
417335,0
417336,0
417337,0
417338,0
417339,0
417340,0
417341,0
417342,0
417343,0
417344,0
417345,0
417346,0
417347,0
417348,0
417349,0
417350,0
417351,0
417352,0
417353,0
417354,0
417355,0
417356,0
417357,0
417358,0
417359,0
417360,0
417361,0
417362,0
417363,0
417364,0
417365,0
417366,0
417367,0
417368,0
417369,0
417370,0
417371,0
417372,0
417373,0
417374,0
417375,0
417376,0
417377,0
417378,0
417379,0
417380,0
417381,0
417382,0
417383,0
417384,0
417385,0
417386,0
417387,0
417388,0
417389,0
417390,0
417391,0
417392,0
417393,0
417394,0
417395,0
417396,0
417397,0
417398,0
417399,0
417400,0
417401,0
417402,0
417403,0
417404,0
417405,0
417406,0
417407,0
417408,0
417409,0
417410,0
417411,0
417412,0
417413,0
417414,0
417415,0
417416,0
417417,0
417418,0
417419,0
417420,0
417421,0
417422,0
417423,0
417424,0
417425,0
417426,0
417427,0
417428,0
417429,0
417430,0
417431,0
417432,0
417433,0
417434,0
417435,0
417436,0
417437,0
417438,0
417439,0
417440,0
417441,0
417442,0
417443,0
417444,0
417445,0
417446,0
417447,0
417448,0
417449,0
417450,0
417451,0
417452,0
417453,0
417454,0
417455,0
417456,0
417457,0
417458,0
417459,0
417460,0
417461,0
417462,0
417463,0
417464,0
417465,0
417466,0
417467,0
417468,0
417469,0
417470,0
417471,0
417472,0
417473,0
417474,0
417475,0
417476,0
417477,0
417478,0
417479,0
417480,0
417481,0
417482,0
417483,0
417484,0
417485,0
417486,0
417487,0
417488,0
417489,0
417490,0
417491,0
417492,0
417493,0
417494,0
417495,0
417496,0
417497,0
417498,0
417499,0
417500,0
417501,0
417502,0
417503,0
417504,0
417505,0
417506,0
417507,0
417508,0
417509,0
417510,0
417511,0
417512,0
417513,0
417514,0
417515,0
417516,0
417517,0
417518,0
417519,0
417520,0
417521,0
417522,0
417523,0
417524,0
417525,0
417526,0
417527,0
417528,0
417529,0
417530,0
417531,0
417532,0
417533,0
417534,0
417535,0
417536,0
417537,0
417538,0
417539,0
417540,0
417541,0
417542,0
417543,0
417544,0
417545,0
417546,0
417547,0
417548,0
417549,0
417550,0
417551,0
417552,0
417553,0
417554,0
417555,0
417556,0
417557,0
417558,0
417559,0
417560,0
417561,0
417562,0
417563,0
417564,0
417565,0
417566,0
417567,0
417568,0
417569,0
417570,0
417571,0
417572,0
417573,0
417574,0
417575,0
417576,0
417577,0
417578,0
417579,0
417580,0
417581,0
417582,0
417583,0
417584,0
417585,0
417586,0
417587,0
417588,0
417589,0
417590,0
417591,0
417592,0
417593,0
417594,0
417595,0
417596,0
417597,0
417598,0
417599,0
417600,0
417601,0
417602,0
417603,0
417604,0
417605,0
417606,0
417607,0
417608,0
417609,0
417610,0
417611,0
417612,0
417613,0
417614,0
417615,0
417616,0
417617,0
417618,0
417619,0
417620,0
417621,0
417622,0
417623,0
417624,0
417625,0
417626,0
417627,0
417628,0
417629,0
417630,0
417631,0
417632,0
417633,0
417634,0
417635,0
417636,0
417637,0
417638,0
417639,0
417640,0
417641,0
417642,0
417643,0
417644,0
417645,0
417646,0
417647,0
417648,0
417649,0
417650,0
417651,0
417652,0
417653,0
417654,0
417655,0
417656,0
417657,0
417658,0
417659,0
417660,0
417661,0
417662,0
417663,0
417664,0
417665,0
417666,0
417667,0
417668,0
417669,0
417670,0
417671,0
417672,0
417673,0
417674,0
417675,0
417676,0
417677,0
417678,0
417679,0
417680,0
417681,0
417682,0
417683,0
417684,0
417685,0
417686,0
417687,0
417688,0
417689,0
417690,0
417691,0
417692,0
417693,0
417694,0
417695,0
417696,0
417697,0
417698,0
417699,0
417700,0
417701,0
417702,0
417703,0
417704,0
417705,0
417706,0
417707,0
417708,0
417709,0
417710,0
417711,0
417712,0
417713,0
417714,0
417715,0
417716,0
417717,0
417718,0
417719,0
417720,0
417721,0
417722,0
417723,0
417724,0
417725,0
417726,0
417727,0
417728,0
417729,0
417730,0
417731,0
417732,0
417733,0
417734,0
417735,0
417736,0
417737,0
417738,0
417739,0
417740,0
417741,0
417742,0
417743,0
417744,0
417745,0
417746,0
417747,0
417748,0
417749,0
417750,0
417751,0
417752,0
417753,0
417754,0
417755,0
417756,0
417757,0
417758,0
417759,0
417760,0
417761,0
417762,0
417763,0
417764,0
417765,0
417766,0
417767,0
417768,0
417769,0
417770,0
417771,0
417772,0
417773,0
417774,0
417775,0
417776,0
417777,0
417778,0
417779,0
417780,0
417781,0
417782,0
417783,0
417784,0
417785,0
417786,0
417787,0
417788,0
417789,0
417790,0
417791,0
417792,0
417793,0
417794,0
417795,0
417796,0
417797,0
417798,0
417799,0
417800,0
417801,0
417802,0
417803,0
417804,0
417805,0
417806,0
417807,0
417808,0
417809,0
417810,0
417811,0
417812,0
417813,0
417814,0
417815,0
417816,0
417817,0
417818,0
417819,0
417820,0
417821,0
417822,0
417823,0
417824,0
417825,0
417826,0
417827,0
417828,0
417829,0
417830,0
417831,0
417832,0
417833,0
417834,0
417835,0
417836,0
417837,0
417838,0
417839,0
417840,0
417841,0
417842,0
417843,0
417844,0
417845,0
417846,0
417847,0
417848,0
417849,0
417850,0
417851,0
417852,0
417853,0
417854,0
417855,0
417856,0
417857,0
417858,0
417859,0
417860,0
417861,0
417862,0
417863,0
417864,0
417865,0
417866,0
417867,0
417868,0
417869,0
417870,0
417871,0
417872,0
417873,0
417874,0
417875,0
417876,0
417877,0
417878,0
417879,0
417880,0
417881,0
417882,0
417883,0
417884,0
417885,0
417886,0
417887,0
417888,0
417889,0
417890,0
417891,0
417892,0
417893,0
417894,0
417895,0
417896,0
417897,0
417898,0
417899,0
417900,0
417901,0
417902,0
417903,0
417904,0
417905,0
417906,0
417907,0
417908,0
417909,0
417910,0
417911,0
417912,0
417913,0
417914,0
417915,0
417916,0
417917,0
417918,0
417919,0
417920,0
417921,0
417922,0
417923,0
417924,0
417925,0
417926,0
417927,0
417928,0
417929,0
417930,0
417931,0
417932,0
417933,0
417934,0
417935,0
417936,0
417937,0
417938,0
417939,0
417940,0
417941,0
417942,0
417943,0
417944,0
417945,0
417946,0
417947,0
417948,0
417949,0
417950,0
417951,0
417952,0
417953,0
417954,0
417955,0
417956,0
417957,0
417958,0
417959,0
417960,0
417961,0
417962,0
417963,0
417964,0
417965,0
417966,0
417967,0
417968,0
417969,0
417970,0
417971,0
417972,0
417973,0
417974,0
417975,0
417976,0
417977,0
417978,0
417979,0
417980,0
417981,0
417982,0
417983,0
417984,0
417985,0
417986,0
417987,0
417988,0
417989,0
417990,0
417991,0
417992,0
417993,0
417994,0
417995,0
417996,0
417997,0
417998,0
417999,0
418000,0
418001,0
418002,0
418003,0
418004,0
418005,0
418006,0
418007,0
418008,0
418009,0
418010,0
418011,0
418012,0
418013,0
418014,0
418015,0
418016,0
418017,0
418018,0
418019,0
418020,0
418021,0
418022,0
418023,0
418024,0
418025,0
418026,0
418027,0
418028,0
418029,0
418030,0
418031,0
418032,0
418033,0
418034,0
418035,0
418036,0
418037,0
418038,0
418039,0
418040,0
418041,0
418042,0
418043,0
418044,0
418045,0
418046,0
418047,0
418048,0
418049,0
418050,0
418051,0
418052,0
418053,0
418054,0
418055,0
418056,0
418057,0
418058,0
418059,0
418060,0
418061,0
418062,0
418063,0
418064,0
418065,0
418066,0
418067,0
418068,0
418069,0
418070,0
418071,0
418072,0
418073,0
418074,0
418075,0
418076,0
418077,0
418078,0
418079,0
418080,0
418081,0
418082,0
418083,0
418084,0
418085,0
418086,0
418087,0
418088,0
418089,0
418090,0
418091,0
418092,0
418093,0
418094,0
418095,0
418096,0
418097,0
418098,0
418099,0
418100,0
418101,0
418102,0
418103,0
418104,0
418105,0
418106,0
418107,0
418108,0
418109,0
418110,0
418111,0
418112,0
418113,0
418114,0
418115,0
418116,0
418117,0
418118,0
418119,0
418120,0
418121,0
418122,0
418123,0
418124,0
418125,0
418126,0
418127,0
418128,0
418129,0
418130,0
418131,0
418132,0
418133,0
418134,0
418135,0
418136,0
418137,0
418138,0
418139,0
418140,0
418141,0
418142,0
418143,0
418144,0
418145,0
418146,0
418147,0
418148,0
418149,0
418150,0
418151,0
418152,0
418153,0
418154,0
418155,0
418156,0
418157,0
418158,0
418159,0
418160,0
418161,0
418162,0
418163,0
418164,0
418165,0
418166,0
418167,0
418168,0
418169,0
418170,0
418171,0
418172,0
418173,0
418174,0
418175,0
418176,0
418177,0
418178,0
418179,0
418180,0
418181,0
418182,0
418183,0
418184,0
418185,0
418186,0
418187,0
418188,0
418189,0
418190,0
418191,0
418192,0
418193,0
418194,0
418195,0
418196,0
418197,0
418198,0
418199,0
418200,0
418201,0
418202,0
418203,0
418204,0
418205,0
418206,0
418207,0
418208,0
418209,0
418210,0
418211,0
418212,0
418213,0
418214,0
418215,0
418216,0
418217,0
418218,0
418219,0
418220,0
418221,0
418222,0
418223,0
418224,0
418225,0
418226,0
418227,0
418228,0
418229,0
418230,0
418231,0
418232,0
418233,0
418234,0
418235,0
418236,0
418237,0
418238,0
418239,0
418240,0
418241,0
418242,0
418243,0
418244,0
418245,0
418246,0
418247,0
418248,0
418249,0
418250,0
418251,0
418252,0
418253,0
418254,0
418255,0
418256,0
418257,0
418258,0
418259,0
418260,0
418261,0
418262,0
418263,0
418264,0
418265,0
418266,0
418267,0
418268,0
418269,0
418270,0
418271,0
418272,0
418273,0
418274,0
418275,0
418276,0
418277,0
418278,0
418279,0
418280,0
418281,0
418282,0
418283,0
418284,0
418285,0
418286,0
418287,0
418288,0
418289,0
418290,0
418291,0
418292,0
418293,0
418294,0
418295,0
418296,0
418297,0
418298,0
418299,0
418300,0
418301,0
418302,0
418303,0
418304,0
418305,0
418306,0
418307,0
418308,0
418309,0
418310,0
418311,0
418312,0
418313,0
418314,0
418315,0
418316,0
418317,0
418318,0
418319,0
418320,0
418321,0
418322,0
418323,0
418324,0
418325,0
418326,0
418327,0
418328,0
418329,0
418330,0
418331,0
418332,0
418333,0
418334,0
418335,0
418336,0
418337,0
418338,0
418339,0
418340,0
418341,0
418342,0
418343,0
418344,0
418345,0
418346,0
418347,0
418348,0
418349,0
418350,0
418351,0
418352,0
418353,0
418354,0
418355,0
418356,0
418357,0
418358,0
418359,0
418360,0
418361,0
418362,0
418363,0
418364,0
418365,0
418366,0
418367,0
418368,0
418369,0
418370,0
418371,0
418372,0
418373,0
418374,0
418375,0
418376,0
418377,0
418378,0
418379,0
418380,0
418381,0
418382,0
418383,0
418384,0
418385,0
418386,0
418387,0
418388,0
418389,0
418390,0
418391,0
418392,0
418393,0
418394,0
418395,0
418396,0
418397,0
418398,0
418399,0
418400,0
418401,0
418402,0
418403,0
418404,0
418405,0
418406,0
418407,0
418408,0
418409,0
418410,0
418411,0
418412,0
418413,0
418414,0
418415,0
418416,0
418417,0
418418,0
418419,0
418420,0
418421,0
418422,0
418423,0
418424,0
418425,0
418426,0
418427,0
418428,0
418429,0
418430,0
418431,0
418432,0
418433,0
418434,0
418435,0
418436,0
418437,0
418438,0
418439,0
418440,0
418441,0
418442,0
418443,0
418444,0
418445,0
418446,0
418447,0
418448,0
418449,0
418450,0
418451,0
418452,0
418453,0
418454,0
418455,0
418456,0
418457,0
418458,0
418459,0
418460,0
418461,0
418462,0
418463,0
418464,0
418465,0
418466,0
418467,0
418468,0
418469,0
418470,0
418471,0
418472,0
418473,0
418474,0
418475,0
418476,0
418477,0
418478,0
418479,0
418480,0
418481,0
418482,0
418483,0
418484,0
418485,0
418486,0
418487,0
418488,0
418489,0
418490,0
418491,0
418492,0
418493,0
418494,0
418495,0
418496,0
418497,0
418498,0
418499,0
418500,0
418501,0
418502,0
418503,0
418504,0
418505,0
418506,0
418507,0
418508,0
418509,0
418510,0
418511,0
418512,0
418513,0
418514,0
418515,0
418516,0
418517,0
418518,0
418519,0
418520,0
418521,0
418522,0
418523,0
418524,0
418525,0
418526,0
418527,0
418528,0
418529,0
418530,0
418531,0
418532,0
418533,0
418534,0
418535,0
418536,0
418537,0
418538,0
418539,0
418540,0
418541,0
418542,0
418543,0
418544,0
418545,0
418546,0
418547,0
418548,0
418549,0
418550,0
418551,0
418552,0
418553,0
418554,0
418555,0
418556,0
418557,0
418558,0
418559,0
418560,0
418561,0
418562,0
418563,0
418564,0
418565,0
418566,0
418567,0
418568,0
418569,0
418570,0
418571,0
418572,0
418573,0
418574,0
418575,0
418576,0
418577,0
418578,0
418579,0
418580,0
418581,0
418582,0
418583,0
418584,0
418585,0
418586,0
418587,0
418588,0
418589,0
418590,0
418591,0
418592,0
418593,0
418594,0
418595,0
418596,0
418597,0
418598,0
418599,0
418600,0
418601,0
418602,0
418603,0
418604,0
418605,0
418606,0
418607,0
418608,0
418609,0
418610,0
418611,0
418612,0
418613,0
418614,0
418615,0
418616,0
418617,0
418618,0
418619,0
418620,0
418621,0
418622,0
418623,0
418624,0
418625,0
418626,0
418627,0
418628,0
418629,0
418630,0
418631,0
418632,0
418633,0
418634,0
418635,0
418636,0
418637,0
418638,0
418639,0
418640,0
418641,0
418642,0
418643,0
418644,0
418645,0
418646,0
418647,0
418648,0
418649,0
418650,0
418651,0
418652,0
418653,0
418654,0
418655,0
418656,0
418657,0
418658,0
418659,0
418660,0
418661,0
418662,0
418663,0
418664,0
418665,0
418666,0
418667,0
418668,0
418669,0
418670,0
418671,0
418672,0
418673,0
418674,0
418675,0
418676,0
418677,0
418678,0
418679,0
418680,0
418681,0
418682,0
418683,0
418684,0
418685,0
418686,0
418687,0
418688,0
418689,0
418690,0
418691,0
418692,0
418693,0
418694,0
418695,0
418696,0
418697,0
418698,0
418699,0
418700,0
418701,0
418702,0
418703,0
418704,0
418705,0
418706,0
418707,0
418708,0
418709,0
418710,0
418711,0
418712,0
418713,0
418714,0
418715,0
418716,0
418717,0
418718,0
418719,0
418720,0
418721,0
418722,0
418723,0
418724,0
418725,0
418726,0
418727,0
418728,0
418729,0
418730,0
418731,0
418732,0
418733,0
418734,0
418735,0
418736,0
418737,0
418738,0
418739,0
418740,0
418741,0
418742,0
418743,0
418744,0
418745,0
418746,0
418747,0
418748,0
418749,0
418750,0
418751,0
418752,0
418753,0
418754,0
418755,0
418756,0
418757,0
418758,0
418759,0
418760,0
418761,0
418762,0
418763,0
418764,0
418765,0
418766,0
418767,0
418768,0
418769,0
418770,0
418771,0
418772,0
418773,0
418774,0
418775,0
418776,0
418777,0
418778,0
418779,0
418780,0
418781,0
418782,0
418783,0
418784,0
418785,0
418786,0
418787,0
418788,0
418789,0
418790,0
418791,0
418792,0
418793,0
418794,0
418795,0
418796,0
418797,0
418798,0
418799,0
418800,0
418801,0
418802,0
418803,0
418804,0
418805,0
418806,0
418807,0
418808,0
418809,0
418810,0
418811,0
418812,0
418813,0
418814,0
418815,0
418816,0
418817,0
418818,0
418819,0
418820,0
418821,0
418822,0
418823,0
418824,0
418825,0
418826,0
418827,0
418828,0
418829,0
418830,0
418831,0
418832,0
418833,0
418834,0
418835,0
418836,0
418837,0
418838,0
418839,0
418840,0
418841,0
418842,0
418843,0
418844,0
418845,0
418846,0
418847,0
418848,0
418849,0
418850,0
418851,0
418852,0
418853,0
418854,0
418855,0
418856,0
418857,0
418858,0
418859,0
418860,0
418861,0
418862,0
418863,0
418864,0
418865,0
418866,0
418867,0
418868,0
418869,0
418870,0
418871,0
418872,0
418873,0
418874,0
418875,0
418876,0
418877,0
418878,0
418879,0
418880,0
418881,0
418882,0
418883,0
418884,0
418885,0
418886,0
418887,0
418888,0
418889,0
418890,0
418891,0
418892,0
418893,0
418894,0
418895,0
418896,0
418897,0
418898,0
418899,0
418900,0
418901,0
418902,0
418903,0
418904,0
418905,0
418906,0
418907,0
418908,0
418909,0
418910,0
418911,0
418912,0
418913,0
418914,0
418915,0
418916,0
418917,0
418918,0
418919,0
418920,0
418921,0
418922,0
418923,0
418924,0
418925,0
418926,0
418927,0
418928,0
418929,0
418930,0
418931,0
418932,0
418933,0
418934,0
418935,0
418936,0
418937,0
418938,0
418939,0
418940,0
418941,0
418942,0
418943,0
418944,0
418945,0
418946,0
418947,0
418948,0
418949,0
418950,0
418951,0
418952,0
418953,0
418954,0
418955,0
418956,0
418957,0
418958,0
418959,0
418960,0
418961,0
418962,0
418963,0
418964,0
418965,0
418966,0
418967,0
418968,0
418969,0
418970,0
418971,0
418972,0
418973,0
418974,0
418975,0
418976,0
418977,0
418978,0
418979,0
418980,0
418981,0
418982,0
418983,0
418984,0
418985,0
418986,0
418987,0
418988,0
418989,0
418990,0
418991,0
418992,0
418993,0
418994,0
418995,0
418996,0
418997,0
418998,0
418999,0
419000,0
419001,0
419002,0
419003,0
419004,0
419005,0
419006,0
419007,0
419008,0
419009,0
419010,0
419011,0
419012,0
419013,0
419014,0
419015,0
419016,0
419017,0
419018,0
419019,0
419020,0
419021,0
419022,0
419023,0
419024,0
419025,0
419026,0
419027,0
419028,0
419029,0
419030,0
419031,0
419032,0
419033,0
419034,0
419035,0
419036,0
419037,0
419038,0
419039,0
419040,0
419041,0
419042,0
419043,0
419044,0
419045,0
419046,0
419047,0
419048,0
419049,0
419050,0
419051,0
419052,0
419053,0
419054,0
419055,0
419056,0
419057,0
419058,0
419059,0
419060,0
419061,0
419062,0
419063,0
419064,0
419065,0
419066,0
419067,0
419068,0
419069,0
419070,0
419071,0
419072,0
419073,0
419074,0
419075,0
419076,0
419077,0
419078,0
419079,0
419080,0
419081,0
419082,0
419083,0
419084,0
419085,0
419086,0
419087,0
419088,0
419089,0
419090,0
419091,0
419092,0
419093,0
419094,0
419095,0
419096,0
419097,0
419098,0
419099,0
419100,0
419101,0
419102,0
419103,0
419104,0
419105,0
419106,0
419107,0
419108,0
419109,0
419110,0
419111,0
419112,0
419113,0
419114,0
419115,0
419116,0
419117,0
419118,0
419119,0
419120,0
419121,0
419122,0
419123,0
419124,0
419125,0
419126,0
419127,0
419128,0
419129,0
419130,0
419131,0
419132,0
419133,0
419134,0
419135,0
419136,0
419137,0
419138,0
419139,0
419140,0
419141,0
419142,0
419143,0
419144,0
419145,0
419146,0
419147,0
419148,0
419149,0
419150,0
419151,0
419152,0
419153,0
419154,0
419155,0
419156,0
419157,0
419158,0
419159,0
419160,0
419161,0
419162,0
419163,0
419164,0
419165,0
419166,0
419167,0
419168,0
419169,0
419170,0
419171,0
419172,0
419173,0
419174,0
419175,0
419176,0
419177,0
419178,0
419179,0
419180,0
419181,0
419182,0
419183,0
419184,0
419185,0
419186,0
419187,0
419188,0
419189,0
419190,0
419191,0
419192,0
419193,0
419194,0
419195,0
419196,0
419197,0
419198,0
419199,0
419200,0
419201,0
419202,0
419203,0
419204,0
419205,0
419206,0
419207,0
419208,0
419209,0
419210,0
419211,0
419212,0
419213,0
419214,0
419215,0
419216,0
419217,0
419218,0
419219,0
419220,0
419221,0
419222,0
419223,0
419224,0
419225,0
419226,0
419227,0
419228,0
419229,0
419230,0
419231,0
419232,0
419233,0
419234,0
419235,0
419236,0
419237,0
419238,0
419239,0
419240,0
419241,0
419242,0
419243,0
419244,0
419245,0
419246,0
419247,0
419248,0
419249,0
419250,0
419251,0
419252,0
419253,0
419254,0
419255,0
419256,0
419257,0
419258,0
419259,0
419260,0
419261,0
419262,0
419263,0
419264,0
419265,0
419266,0
419267,0
419268,0
419269,0
419270,0
419271,0
419272,0
419273,0
419274,0
419275,0
419276,0
419277,0
419278,0
419279,0
419280,0
419281,0
419282,0
419283,0
419284,0
419285,0
419286,0
419287,0
419288,0
419289,0
419290,0
419291,0
419292,0
419293,0
419294,0
419295,0
419296,0
419297,0
419298,0
419299,0
419300,0
419301,0
419302,0
419303,0
419304,0
419305,0
419306,0
419307,0
419308,0
419309,0
419310,0
419311,0
419312,0
419313,0
419314,0
419315,0
419316,0
419317,0
419318,0
419319,0
419320,0
419321,0
419322,0
419323,0
419324,0
419325,0
419326,0
419327,0
419328,0
419329,0
419330,0
419331,0
419332,0
419333,0
419334,0
419335,0
419336,0
419337,0
419338,0
419339,0
419340,0
419341,0
419342,0
419343,0
419344,0
419345,0
419346,0
419347,0
419348,0
419349,0
419350,0
419351,0
419352,0
419353,0
419354,0
419355,0
419356,0
419357,0
419358,0
419359,0
419360,0
419361,0
419362,0
419363,0
419364,0
419365,0
419366,0
419367,0
419368,0
419369,0
419370,0
419371,0
419372,0
419373,0
419374,0
419375,0
419376,0
419377,0
419378,0
419379,0
419380,0
419381,0
419382,0
419383,0
419384,0
419385,0
419386,0
419387,0
419388,0
419389,0
419390,0
419391,0
419392,0
419393,0
419394,0
419395,0
419396,0
419397,0
419398,0
419399,0
419400,0
419401,0
419402,0
419403,0
419404,0
419405,0
419406,0
419407,0
419408,0
419409,0
419410,0
419411,0
419412,0
419413,0
419414,0
419415,0
419416,0
419417,0
419418,0
419419,0
419420,0
419421,0
419422,0
419423,0
419424,0
419425,0
419426,0
419427,0
419428,0
419429,0
419430,0
419431,0
419432,0
419433,0
419434,0
419435,0
419436,0
419437,0
419438,0
419439,0
419440,0
419441,0
419442,0
419443,0
419444,0
419445,0
419446,0
419447,0
419448,0
419449,0
419450,0
419451,0
419452,0
419453,0
419454,0
419455,0
419456,0
419457,0
419458,0
419459,0
419460,0
419461,0
419462,0
419463,0
419464,0
419465,0
419466,0
419467,0
419468,0
419469,0
419470,0
419471,0
419472,0
419473,0
419474,0
419475,0
419476,0
419477,0
419478,0
419479,0
419480,0
419481,0
419482,0
419483,0
419484,0
419485,0
419486,0
419487,0
419488,0
419489,0
419490,0
419491,0
419492,0
419493,0
419494,0
419495,0
419496,0
419497,0
419498,0
419499,0
419500,0
419501,0
419502,0
419503,0
419504,0
419505,0
419506,0
419507,0
419508,0
419509,0
419510,0
419511,0
419512,0
419513,0
419514,0
419515,0
419516,0
419517,0
419518,0
419519,0
419520,0
419521,0
419522,0
419523,0
419524,0
419525,0
419526,0
419527,0
419528,0
419529,0
419530,0
419531,0
419532,0
419533,0
419534,0
419535,0
419536,0
419537,0
419538,0
419539,0
419540,0
419541,0
419542,0
419543,0
419544,0
419545,0
419546,0
419547,0
419548,0
419549,0
419550,0
419551,0
419552,0
419553,0
419554,0
419555,0
419556,0
419557,0
419558,0
419559,0
419560,0
419561,0
419562,0
419563,0
419564,0
419565,0
419566,0
419567,0
419568,0
419569,0
419570,0
419571,0
419572,0
419573,0
419574,0
419575,0
419576,0
419577,0
419578,0
419579,0
419580,0
419581,0
419582,0
419583,0
419584,0
419585,0
419586,0
419587,0
419588,0
419589,0
419590,0
419591,0
419592,0
419593,0
419594,0
419595,0
419596,0
419597,0
419598,0
419599,0
419600,0
419601,0
419602,0
419603,0
419604,0
419605,0
419606,0
419607,0
419608,0
419609,0
419610,0
419611,0
419612,0
419613,0
419614,0
419615,0
419616,0
419617,0
419618,0
419619,0
419620,0
419621,0
419622,0
419623,0
419624,0
419625,0
419626,0
419627,0
419628,0
419629,0
419630,0
419631,0
419632,0
419633,0
419634,0
419635,0
419636,0
419637,0
419638,0
419639,0
419640,0
419641,0
419642,0
419643,0
419644,0
419645,0
419646,0
419647,0
419648,0
419649,0
419650,0
419651,0
419652,0
419653,0
419654,0
419655,0
419656,0
419657,0
419658,0
419659,0
419660,0
419661,0
419662,0
419663,0
419664,0
419665,0
419666,0
419667,0
419668,0
419669,0
419670,0
419671,0
419672,0
419673,0
419674,0
419675,0
419676,0
419677,0
419678,0
419679,0
419680,0
419681,0
419682,0
419683,0
419684,0
419685,0
419686,0
419687,0
419688,0
419689,0
419690,0
419691,0
419692,0
419693,0
419694,0
419695,0
419696,0
419697,0
419698,0
419699,0
419700,0
419701,0
419702,0
419703,0
419704,0
419705,0
419706,0
419707,0
419708,0
419709,0
419710,0
419711,0
419712,0
419713,0
419714,0
419715,0
419716,0
419717,0
419718,0
419719,0
419720,0
419721,0
419722,0
419723,0
419724,0
419725,0
419726,0
419727,0
419728,0
419729,0
419730,0
419731,0
419732,0
419733,0
419734,0
419735,0
419736,0
419737,0
419738,0
419739,0
419740,0
419741,0
419742,0
419743,0
419744,0
419745,0
419746,0
419747,0
419748,0
419749,0
419750,0
419751,0
419752,0
419753,0
419754,0
419755,0
419756,0
419757,0
419758,0
419759,0
419760,0
419761,0
419762,0
419763,0
419764,0
419765,0
419766,0
419767,0
419768,0
419769,0
419770,0
419771,0
419772,0
419773,0
419774,0
419775,0
419776,0
419777,0
419778,0
419779,0
419780,0
419781,0
419782,0
419783,0
419784,0
419785,0
419786,0
419787,0
419788,0
419789,0
419790,0
419791,0
419792,0
419793,0
419794,0
419795,0
419796,0
419797,0
419798,0
419799,0
419800,0
419801,0
419802,0
419803,0
419804,0
419805,0
419806,0
419807,0
419808,0
419809,0
419810,0
419811,0
419812,0
419813,0
419814,0
419815,0
419816,0
419817,0
419818,0
419819,0
419820,0
419821,0
419822,0
419823,0
419824,0
419825,0
419826,0
419827,0
419828,0
419829,0
419830,0
419831,0
419832,0
419833,0
419834,0
419835,0
419836,0
419837,0
419838,0
419839,0
419840,0
419841,0
419842,0
419843,0
419844,0
419845,0
419846,0
419847,0
419848,0
419849,0
419850,0
419851,0
419852,0
419853,0
419854,0
419855,0
419856,0
419857,0
419858,0
419859,0
419860,0
419861,0
419862,0
419863,0
419864,0
419865,0
419866,0
419867,0
419868,0
419869,0
419870,0
419871,0
419872,0
419873,0
419874,0
419875,0
419876,0
419877,0
419878,0
419879,0
419880,0
419881,0
419882,0
419883,0
419884,0
419885,0
419886,0
419887,0
419888,0
419889,0
419890,0
419891,0
419892,0
419893,0
419894,0
419895,0
419896,0
419897,0
419898,0
419899,0
419900,0
419901,0
419902,0
419903,0
419904,0
419905,0
419906,0
419907,0
419908,0
419909,0
419910,0
419911,0
419912,0
419913,0
419914,0
419915,0
419916,0
419917,0
419918,0
419919,0
419920,0
419921,0
419922,0
419923,0
419924,0
419925,0
419926,0
419927,0
419928,0
419929,0
419930,0
419931,0
419932,0
419933,0
419934,0
419935,0
419936,0
419937,0
419938,0
419939,0
419940,0
419941,0
419942,0
419943,0
419944,0
419945,0
419946,0
419947,0
419948,0
419949,0
419950,0
419951,0
419952,0
419953,0
419954,0
419955,0
419956,0
419957,0
419958,0
419959,0
419960,0
419961,0
419962,0
419963,0
419964,0
419965,0
419966,0
419967,0
419968,0
419969,0
419970,0
419971,0
419972,0
419973,0
419974,0
419975,0
419976,0
419977,0
419978,0
419979,0
419980,0
419981,0
419982,0
419983,0
419984,0
419985,0
419986,0
419987,0
419988,0
419989,0
419990,0
419991,0
419992,0
419993,0
419994,0
419995,0
419996,0
419997,0
419998,0
419999,0
420000,0
420001,0
420002,0
420003,0
420004,0
420005,0
420006,0
420007,0
420008,0
420009,0
420010,0
420011,0
420012,0
420013,0
420014,0
420015,0
420016,0
420017,0
420018,0
420019,0
420020,0
420021,0
420022,0
420023,0
420024,0
420025,0
420026,0
420027,0
420028,0
420029,0
420030,0
420031,0
420032,0
420033,0
420034,0
420035,0
420036,0
420037,0
420038,0
420039,0
420040,0
420041,0
420042,0
420043,0
420044,0
420045,0
420046,0
420047,0
420048,0
420049,0
420050,0
420051,0
420052,0
420053,0
420054,0
420055,0
420056,0
420057,0
420058,0
420059,0
420060,0
420061,0
420062,0
420063,0
420064,0
420065,0
420066,0
420067,0
420068,0
420069,0
420070,0
420071,0
420072,0
420073,0
420074,0
420075,0
420076,0
420077,0
420078,0
420079,0
420080,0
420081,0
420082,0
420083,0
420084,0
420085,0
420086,0
420087,0
420088,0
420089,0
420090,0
420091,0
420092,0
420093,0
420094,0
420095,0
420096,0
420097,0
420098,0
420099,0
420100,0
420101,0
420102,0
420103,0
420104,0
420105,0
420106,0
420107,0
420108,0
420109,0
420110,0
420111,0
420112,0
420113,0
420114,0
420115,0
420116,0
420117,0
420118,0
420119,0
420120,0
420121,0
420122,0
420123,0
420124,0
420125,0
420126,0
420127,0
420128,0
420129,0
420130,0
420131,0
420132,0
420133,0
420134,0
420135,0
420136,0
420137,0
420138,0
420139,0
420140,0
420141,0
420142,0
420143,0
420144,0
420145,0
420146,0
420147,0
420148,0
420149,0
420150,0
420151,0
420152,0
420153,0
420154,0
420155,0
420156,0
420157,0
420158,0
420159,0
420160,0
420161,0
420162,0
420163,0
420164,0
420165,0
420166,0
420167,0
420168,0
420169,0
420170,0
420171,0
420172,0
420173,0
420174,0
420175,0
420176,0
420177,0
420178,0
420179,0
420180,0
420181,0
420182,0
420183,0
420184,0
420185,0
420186,0
420187,0
420188,0
420189,0
420190,0
420191,0
420192,0
420193,0
420194,0
420195,0
420196,0
420197,0
420198,0
420199,0
420200,0
420201,0
420202,0
420203,0
420204,0
420205,0
420206,0
420207,0
420208,0
420209,0
420210,0
420211,0
420212,0
420213,0
420214,0
420215,0
420216,0
420217,0
420218,0
420219,0
420220,0
420221,0
420222,0
420223,0
420224,0
420225,0
420226,0
420227,0
420228,0
420229,0
420230,0
420231,0
420232,0
420233,0
420234,0
420235,0
420236,0
420237,0
420238,0
420239,0
420240,0
420241,0
420242,0
420243,0
420244,0
420245,0
420246,0
420247,0
420248,0
420249,0
420250,0
420251,0
420252,0
420253,0
420254,0
420255,0
420256,0
420257,0
420258,0
420259,0
420260,0
420261,0
420262,0
420263,0
420264,0
420265,0
420266,0
420267,0
420268,0
420269,0
420270,0
420271,0
420272,0
420273,0
420274,0
420275,0
420276,0
420277,0
420278,0
420279,0
420280,0
420281,0
420282,0
420283,0
420284,0
420285,0
420286,0
420287,0
420288,0
420289,0
420290,0
420291,0
420292,0
420293,0
420294,0
420295,0
420296,0
420297,0
420298,0
420299,0
420300,0
420301,0
420302,0
420303,0
420304,0
420305,0
420306,0
420307,0
420308,0
420309,0
420310,0
420311,0
420312,0
420313,0
420314,0
420315,0
420316,0
420317,0
420318,0
420319,0
420320,0
420321,0
420322,0
420323,0
420324,0
420325,0
420326,0
420327,0
420328,0
420329,0
420330,0
420331,0
420332,0
420333,0
420334,0
420335,0
420336,0
420337,0
420338,0
420339,0
420340,0
420341,0
420342,0
420343,0
420344,0
420345,0
420346,0
420347,0
420348,0
420349,0
420350,0
420351,0
420352,0
420353,0
420354,0
420355,0
420356,0
420357,0
420358,0
420359,0
420360,0
420361,0
420362,0
420363,0
420364,0
420365,0
420366,0
420367,0
420368,0
420369,0
420370,0
420371,0
420372,0
420373,0
420374,0
420375,0
420376,0
420377,0
420378,0
420379,0
420380,0
420381,0
420382,0
420383,0
420384,0
420385,0
420386,0
420387,0
420388,0
420389,0
420390,0
420391,0
420392,0
420393,0
420394,0
420395,0
420396,0
420397,0
420398,0
420399,0
420400,0
420401,0
420402,0
420403,0
420404,0
420405,0
420406,0
420407,0
420408,0
420409,0
420410,0
420411,0
420412,0
420413,0
420414,0
420415,0
420416,0
420417,0
420418,0
420419,0
420420,0
420421,0
420422,0
420423,0
420424,0
420425,0
420426,0
420427,0
420428,0
420429,0
420430,0
420431,0
420432,0
420433,0
420434,0
420435,0
420436,0
420437,0
420438,0
420439,0
420440,0
420441,0
420442,0
420443,0
420444,0
420445,0
420446,0
420447,0
420448,0
420449,0
420450,0
420451,0
420452,0
420453,0
420454,0
420455,0
420456,0
420457,0
420458,0
420459,0
420460,0
420461,0
420462,0
420463,0
420464,0
420465,0
420466,0
420467,0
420468,0
420469,0
420470,0
420471,0
420472,0
420473,0
420474,0
420475,0
420476,0
420477,0
420478,0
420479,0
420480,0
420481,0
420482,0
420483,0
420484,0
420485,0
420486,0
420487,0
420488,0
420489,0
420490,0
420491,0
420492,0
420493,0
420494,0
420495,0
420496,0
420497,0
420498,0
420499,0
420500,0
420501,0
420502,0
420503,0
420504,0
420505,0
420506,0
420507,0
420508,0
420509,0
420510,0
420511,0
420512,0
420513,0
420514,0
420515,0
420516,0
420517,0
420518,0
420519,0
420520,0
420521,0
420522,0
420523,0
420524,0
420525,0
420526,0
420527,0
420528,0
420529,0
420530,0
420531,0
420532,0
420533,0
420534,0
420535,0
420536,0
420537,0
420538,0
420539,0
420540,0
420541,0
420542,0
420543,0
420544,0
420545,0
420546,0
420547,0
420548,0
420549,0
420550,0
420551,0
420552,0
420553,0
420554,0
420555,0
420556,0
420557,0
420558,0
420559,0
420560,0
420561,0
420562,0
420563,0
420564,0
420565,0
420566,0
420567,0
420568,0
420569,0
420570,0
420571,0
420572,0
420573,0
420574,0
420575,0
420576,0
420577,0
420578,0
420579,0
420580,0
420581,0
420582,0
420583,0
420584,0
420585,0
420586,0
420587,0
420588,0
420589,0
420590,0
420591,0
420592,0
420593,0
420594,0
420595,0
420596,0
420597,0
420598,0
420599,0
420600,0
420601,0
420602,0
420603,0
420604,0
420605,0
420606,0
420607,0
420608,0
420609,0
420610,0
420611,0
420612,0
420613,0
420614,0
420615,0
420616,0
420617,0
420618,0
420619,0
420620,0
420621,0
420622,0
420623,0
420624,0
420625,0
420626,0
420627,0
420628,0
420629,0
420630,0
420631,0
420632,0
420633,0
420634,0
420635,0
420636,0
420637,0
420638,0
420639,0
420640,0
420641,0
420642,0
420643,0
420644,0
420645,0
420646,0
420647,0
420648,0
420649,0
420650,0
420651,0
420652,0
420653,0
420654,0
420655,0
420656,0
420657,0
420658,0
420659,0
420660,0
420661,0
420662,0
420663,0
420664,0
420665,0
420666,0
420667,0
420668,0
420669,0
420670,0
420671,0
420672,0
420673,0
420674,0
420675,0
420676,0
420677,0
420678,0
420679,0
420680,0
420681,0
420682,0
420683,0
420684,0
420685,0
420686,0
420687,0
420688,0
420689,0
420690,0
420691,0
420692,0
420693,0
420694,0
420695,0
420696,0
420697,0
420698,0
420699,0
420700,0
420701,0
420702,0
420703,0
420704,0
420705,0
420706,0
420707,0
420708,0
420709,0
420710,0
420711,0
420712,0
420713,0
420714,0
420715,0
420716,0
420717,0
420718,0
420719,0
420720,0
420721,0
420722,0
420723,0
420724,0
420725,0
420726,0
420727,0
420728,0
420729,0
420730,0
420731,0
420732,0
420733,0
420734,0
420735,0
420736,0
420737,0
420738,0
420739,0
420740,0
420741,0
420742,0
420743,0
420744,0
420745,0
420746,0
420747,0
420748,0
420749,0
420750,0
420751,0
420752,0
420753,0
420754,0
420755,0
420756,0
420757,0
420758,0
420759,0
420760,0
420761,0
420762,0
420763,0
420764,0
420765,0
420766,0
420767,0
420768,0
420769,0
420770,0
420771,0
420772,0
420773,0
420774,0
420775,0
420776,0
420777,0
420778,0
420779,0
420780,0
420781,0
420782,0
420783,0
420784,0
420785,0
420786,0
420787,0
420788,0
420789,0
420790,0
420791,0
420792,0
420793,0
420794,0
420795,0
420796,0
420797,0
420798,0
420799,0
420800,0
420801,0
420802,0
420803,0
420804,0
420805,0
420806,0
420807,0
420808,0
420809,0
420810,0
420811,0
420812,0
420813,0
420814,0
420815,0
420816,0
420817,0
420818,0
420819,0
420820,0
420821,0
420822,0
420823,0
420824,0
420825,0
420826,0
420827,0
420828,0
420829,0
420830,0
420831,0
420832,0
420833,0
420834,0
420835,0
420836,0
420837,0
420838,0
420839,0
420840,0
420841,0
420842,0
420843,0
420844,0
420845,0
420846,0
420847,0
420848,0
420849,0
420850,0
420851,0
420852,0
420853,0
420854,0
420855,0
420856,0
420857,0
420858,0
420859,0
420860,0
420861,0
420862,0
420863,0
420864,0
420865,0
420866,0
420867,0
420868,0
420869,0
420870,0
420871,0
420872,0
420873,0
420874,0
420875,0
420876,0
420877,0
420878,0
420879,0
420880,0
420881,0
420882,0
420883,0
420884,0
420885,0
420886,0
420887,0
420888,0
420889,0
420890,0
420891,0
420892,0
420893,0
420894,0
420895,0
420896,0
420897,0
420898,0
420899,0
420900,0
420901,0
420902,0
420903,0
420904,0
420905,0
420906,0
420907,0
420908,0
420909,0
420910,0
420911,0
420912,0
420913,0
420914,0
420915,0
420916,0
420917,0
420918,0
420919,0
420920,0
420921,0
420922,0
420923,0
420924,0
420925,0
420926,0
420927,0
420928,0
420929,0
420930,0
420931,0
420932,0
420933,0
420934,0
420935,0
420936,0
420937,0
420938,0
420939,0
420940,0
420941,0
420942,0
420943,0
420944,0
420945,0
420946,0
420947,0
420948,0
420949,0
420950,0
420951,0
420952,0
420953,0
420954,0
420955,0
420956,0
420957,0
420958,0
420959,0
420960,0
420961,0
420962,0
420963,0
420964,0
420965,0
420966,0
420967,0
420968,0
420969,0
420970,0
420971,0
420972,0
420973,0
420974,0
420975,0
420976,0
420977,0
420978,0
420979,0
420980,0
420981,0
420982,0
420983,0
420984,0
420985,0
420986,0
420987,0
420988,0
420989,0
420990,0
420991,0
420992,0
420993,0
420994,0
420995,0
420996,0
420997,0
420998,0
420999,0
421000,0
421001,0
421002,0
421003,0
421004,0
421005,0
421006,0
421007,0
421008,0
421009,0
421010,0
421011,0
421012,0
421013,0
421014,0
421015,0
421016,0
421017,0
421018,0
421019,0
421020,0
421021,0
421022,0
421023,0
421024,0
421025,0
421026,0
421027,0
421028,0
421029,0
421030,0
421031,0
421032,0
421033,0
421034,0
421035,0
421036,0
421037,0
421038,0
421039,0
421040,0
421041,0
421042,0
421043,0
421044,0
421045,0
421046,0
421047,0
421048,0
421049,0
421050,0
421051,0
421052,0
421053,0
421054,0
421055,0
421056,0
421057,0
421058,0
421059,0
421060,0
421061,0
421062,0
421063,0
421064,0
421065,0
421066,0
421067,0
421068,0
421069,0
421070,0
421071,0
421072,0
421073,0
421074,0
421075,0
421076,0
421077,0
421078,0
421079,0
421080,0
421081,0
421082,0
421083,0
421084,0
421085,0
421086,0
421087,0
421088,0
421089,0
421090,0
421091,0
421092,0
421093,0
421094,0
421095,0
421096,0
421097,0
421098,0
421099,0
421100,0
421101,0
421102,0
421103,0
421104,0
421105,0
421106,0
421107,0
421108,0
421109,0
421110,0
421111,0
421112,0
421113,0
421114,0
421115,0
421116,0
421117,0
421118,0
421119,0
421120,0
421121,0
421122,0
421123,0
421124,0
421125,0
421126,0
421127,0
421128,0
421129,0
421130,0
421131,0
421132,0
421133,0
421134,0
421135,0
421136,0
421137,0
421138,0
421139,0
421140,0
421141,0
421142,0
421143,0
421144,0
421145,0
421146,0
421147,0
421148,0
421149,0
421150,0
421151,0
421152,0
421153,0
421154,0
421155,0
421156,0
421157,0
421158,0
421159,0
421160,0
421161,0
421162,0
421163,0
421164,0
421165,0
421166,0
421167,0
421168,0
421169,0
421170,0
421171,0
421172,0
421173,0
421174,0
421175,0
421176,0
421177,0
421178,0
421179,0
421180,0
421181,0
421182,0
421183,0
421184,0
421185,0
421186,0
421187,0
421188,0
421189,0
421190,0
421191,0
421192,0
421193,0
421194,0
421195,0
421196,0
421197,0
421198,0
421199,0
421200,0
421201,0
421202,0
421203,0
421204,0
421205,0
421206,0
421207,0
421208,0
421209,0
421210,0
421211,0
421212,0
421213,0
421214,0
421215,0
421216,0
421217,0
421218,0
421219,0
421220,0
421221,0
421222,0
421223,0
421224,0
421225,0
421226,0
421227,0
421228,0
421229,0
421230,0
421231,0
421232,0
421233,0
421234,0
421235,0
421236,0
421237,0
421238,0
421239,0
421240,0
421241,0
421242,0
421243,0
421244,0
421245,0
421246,0
421247,0
421248,0
421249,0
421250,0
421251,0
421252,0
421253,0
421254,0
421255,0
421256,0
421257,0
421258,0
421259,0
421260,0
421261,0
421262,0
421263,0
421264,0
421265,0
421266,0
421267,0
421268,0
421269,0
421270,0
421271,0
421272,0
421273,0
421274,0
421275,0
421276,0
421277,0
421278,0
421279,0
421280,0
421281,0
421282,0
421283,0
421284,0
421285,0
421286,0
421287,0
421288,0
421289,0
421290,0
421291,0
421292,0
421293,0
421294,0
421295,0
421296,0
421297,0
421298,0
421299,0
421300,0
421301,0
421302,0
421303,0
421304,0
421305,0
421306,0
421307,0
421308,0
421309,0
421310,0
421311,0
421312,0
421313,0
421314,0
421315,0
421316,0
421317,0
421318,0
421319,0
421320,0
421321,0
421322,0
421323,0
421324,0
421325,0
421326,0
421327,0
421328,0
421329,0
421330,0
421331,0
421332,0
421333,0
421334,0
421335,0
421336,0
421337,0
421338,0
421339,0
421340,0
421341,0
421342,0
421343,0
421344,0
421345,0
421346,0
421347,0
421348,0
421349,0
421350,0
421351,0
421352,0
421353,0
421354,0
421355,0
421356,0
421357,0
421358,0
421359,0
421360,0
421361,0
421362,0
421363,0
421364,0
421365,0
421366,0
421367,0
421368,0
421369,0
421370,0
421371,0
421372,0
421373,0
421374,0
421375,0
421376,0
421377,0
421378,0
421379,0
421380,0
421381,0
421382,0
421383,0
421384,0
421385,0
421386,0
421387,0
421388,0
421389,0
421390,0
421391,0
421392,0
421393,0
421394,0
421395,0
421396,0
421397,0
421398,0
421399,0
421400,0
421401,0
421402,0
421403,0
421404,0
421405,0
421406,0
421407,0
421408,0
421409,0
421410,0
421411,0
421412,0
421413,0
421414,0
421415,0
421416,0
421417,0
421418,0
421419,0
421420,0
421421,0
421422,0
421423,0
421424,0
421425,0
421426,0
421427,0
421428,0
421429,0
421430,0
421431,0
421432,0
421433,0
421434,0
421435,0
421436,0
421437,0
421438,0
421439,0
421440,0
421441,0
421442,0
421443,0
421444,0
421445,0
421446,0
421447,0
421448,0
421449,0
421450,0
421451,0
421452,0
421453,0
421454,0
421455,0
421456,0
421457,0
421458,0
421459,0
421460,0
421461,0
421462,0
421463,0
421464,0
421465,0
421466,0
421467,0
421468,0
421469,0
421470,0
421471,0
421472,0
421473,0
421474,0
421475,0
421476,0
421477,0
421478,0
421479,0
421480,0
421481,0
421482,0
421483,0
421484,0
421485,0
421486,0
421487,0
421488,0
421489,0
421490,0
421491,0
421492,0
421493,0
421494,0
421495,0
421496,0
421497,0
421498,0
421499,0
421500,0
421501,0
421502,0
421503,0
421504,0
421505,0
421506,0
421507,0
421508,0
421509,0
421510,0
421511,0
421512,0
421513,0
421514,0
421515,0
421516,0
421517,0
421518,0
421519,0
421520,0
421521,0
421522,0
421523,0
421524,0
421525,0
421526,0
421527,0
421528,0
421529,0
421530,0
421531,0
421532,0
421533,0
421534,0
421535,0
421536,0
421537,0
421538,0
421539,0
421540,0
421541,0
421542,0
421543,0
421544,0
421545,0
421546,0
421547,0
421548,0
421549,0
421550,0
421551,0
421552,0
421553,0
421554,0
421555,0
421556,0
421557,0
421558,0
421559,0
421560,0
421561,0
421562,0
421563,0
421564,0
421565,0
421566,0
421567,0
421568,0
421569,0
421570,0
421571,0
421572,0
421573,0
421574,0
421575,0
421576,0
421577,0
421578,0
421579,0
421580,0
421581,0
421582,0
421583,0
421584,0
421585,0
421586,0
421587,0
421588,0
421589,0
421590,0
421591,0
421592,0
421593,0
421594,0
421595,0
421596,0
421597,0
421598,0
421599,0
421600,0
421601,0
421602,0
421603,0
421604,0
421605,0
421606,0
421607,0
421608,0
421609,0
421610,0
421611,0
421612,0
421613,0
421614,0
421615,0
421616,0
421617,0
421618,0
421619,0
421620,0
421621,0
421622,0
421623,0
421624,0
421625,0
421626,0
421627,0
421628,0
421629,0
421630,0
421631,0
421632,0
421633,0
421634,0
421635,0
421636,0
421637,0
421638,0
421639,0
421640,0
421641,0
421642,0
421643,0
421644,0
421645,0
421646,0
421647,0
421648,0
421649,0
421650,0
421651,0
421652,0
421653,0
421654,0
421655,0
421656,0
421657,0
421658,0
421659,0
421660,0
421661,0
421662,0
421663,0
421664,0
421665,0
421666,0
421667,0
421668,0
421669,0
421670,0
421671,0
421672,0
421673,0
421674,0
421675,0
421676,0
421677,0
421678,0
421679,0
421680,0
421681,0
421682,0
421683,0
421684,0
421685,0
421686,0
421687,0
421688,0
421689,0
421690,0
421691,0
421692,0
421693,0
421694,0
421695,0
421696,0
421697,0
421698,0
421699,0
421700,0
421701,0
421702,0
421703,0
421704,0
421705,0
421706,0
421707,0
421708,0
421709,0
421710,0
421711,0
421712,0
421713,0
421714,0
421715,0
421716,0
421717,0
421718,0
421719,0
421720,0
421721,0
421722,0
421723,0
421724,0
421725,0
421726,0
421727,0
421728,0
421729,0
421730,0
421731,0
421732,0
421733,0
421734,0
421735,0
421736,0
421737,0
421738,0
421739,0
421740,0
421741,0
421742,0
421743,0
421744,0
421745,0
421746,0
421747,0
421748,0
421749,0
421750,0
421751,0
421752,0
421753,0
421754,0
421755,0
421756,0
421757,0
421758,0
421759,0
421760,0
421761,0
421762,0
421763,0
421764,0
421765,0
421766,0
421767,0
421768,0
421769,0
421770,0
421771,0
421772,0
421773,0
421774,0
421775,0
421776,0
421777,0
421778,0
421779,0
421780,0
421781,0
421782,0
421783,0
421784,0
421785,0
421786,0
421787,0
421788,0
421789,0
421790,0
421791,0
421792,0
421793,0
421794,0
421795,0
421796,0
421797,0
421798,0
421799,0
421800,0
421801,0
421802,0
421803,0
421804,0
421805,0
421806,0
421807,0
421808,0
421809,0
421810,0
421811,0
421812,0
421813,0
421814,0
421815,0
421816,0
421817,0
421818,0
421819,0
421820,0
421821,0
421822,0
421823,0
421824,0
421825,0
421826,0
421827,0
421828,0
421829,0
421830,0
421831,0
421832,0
421833,0
421834,0
421835,0
421836,0
421837,0
421838,0
421839,0
421840,0
421841,0
421842,0
421843,0
421844,0
421845,0
421846,0
421847,0
421848,0
421849,0
421850,0
421851,0
421852,0
421853,0
421854,0
421855,0
421856,0
421857,0
421858,0
421859,0
421860,0
421861,0
421862,0
421863,0
421864,0
421865,0
421866,0
421867,0
421868,0
421869,0
421870,0
421871,0
421872,0
421873,0
421874,0
421875,0
421876,0
421877,0
421878,0
421879,0
421880,0
421881,0
421882,0
421883,0
421884,0
421885,0
421886,0
421887,0
421888,0
421889,0
421890,0
421891,0
421892,0
421893,0
421894,0
421895,0
421896,0
421897,0
421898,0
421899,0
421900,0
421901,0
421902,0
421903,0
421904,0
421905,0
421906,0
421907,0
421908,0
421909,0
421910,0
421911,0
421912,0
421913,0
421914,0
421915,0
421916,0
421917,0
421918,0
421919,0
421920,0
421921,0
421922,0
421923,0
421924,0
421925,0
421926,0
421927,0
421928,0
421929,0
421930,0
421931,0
421932,0
421933,0
421934,0
421935,0
421936,0
421937,0
421938,0
421939,0
421940,0
421941,0
421942,0
421943,0
421944,0
421945,0
421946,0
421947,0
421948,0
421949,0
421950,0
421951,0
421952,0
421953,0
421954,0
421955,0
421956,0
421957,0
421958,0
421959,0
421960,0
421961,0
421962,0
421963,0
421964,0
421965,0
421966,0
421967,0
421968,0
421969,0
421970,0
421971,0
421972,0
421973,0
421974,0
421975,0
421976,0
421977,0
421978,0
421979,0
421980,0
421981,0
421982,0
421983,0
421984,0
421985,0
421986,0
421987,0
421988,0
421989,0
421990,0
421991,0
421992,0
421993,0
421994,0
421995,0
421996,0
421997,0
421998,0
421999,0
422000,0
422001,0
422002,0
422003,0
422004,0
422005,0
422006,0
422007,0
422008,0
422009,0
422010,0
422011,0
422012,0
422013,0
422014,0
422015,0
422016,0
422017,0
422018,0
422019,0
422020,0
422021,0
422022,0
422023,0
422024,0
422025,0
422026,0
422027,0
422028,0
422029,0
422030,0
422031,0
422032,0
422033,0
422034,0
422035,0
422036,0
422037,0
422038,0
422039,0
422040,0
422041,0
422042,0
422043,0
422044,0
422045,0
422046,0
422047,0
422048,0
422049,0
422050,0
422051,0
422052,0
422053,0
422054,0
422055,0
422056,0
422057,0
422058,0
422059,0
422060,0
422061,0
422062,0
422063,0
422064,0
422065,0
422066,0
422067,0
422068,0
422069,0
422070,0
422071,0
422072,0
422073,0
422074,0
422075,0
422076,0
422077,0
422078,0
422079,0
422080,0
422081,0
422082,0
422083,0
422084,0
422085,0
422086,0
422087,0
422088,0
422089,0
422090,0
422091,0
422092,0
422093,0
422094,0
422095,0
422096,0
422097,0
422098,0
422099,0
422100,0
422101,0
422102,0
422103,0
422104,0
422105,0
422106,0
422107,0
422108,0
422109,0
422110,0
422111,0
422112,0
422113,0
422114,0
422115,0
422116,0
422117,0
422118,0
422119,0
422120,0
422121,0
422122,0
422123,0
422124,0
422125,0
422126,0
422127,0
422128,0
422129,0
422130,0
422131,0
422132,0
422133,0
422134,0
422135,0
422136,0
422137,0
422138,0
422139,0
422140,0
422141,0
422142,0
422143,0
422144,0
422145,0
422146,0
422147,0
422148,0
422149,0
422150,0
422151,0
422152,0
422153,0
422154,0
422155,0
422156,0
422157,0
422158,0
422159,0
422160,0
422161,0
422162,0
422163,0
422164,0
422165,0
422166,0
422167,0
422168,0
422169,0
422170,0
422171,0
422172,0
422173,0
422174,0
422175,0
422176,0
422177,0
422178,0
422179,0
422180,0
422181,0
422182,0
422183,0
422184,0
422185,0
422186,0
422187,0
422188,0
422189,0
422190,0
422191,0
422192,0
422193,0
422194,0
422195,0
422196,0
422197,0
422198,0
422199,0
422200,0
422201,0
422202,0
422203,0
422204,0
422205,0
422206,0
422207,0
422208,0
422209,0
422210,0
422211,0
422212,0
422213,0
422214,0
422215,0
422216,0
422217,0
422218,0
422219,0
422220,0
422221,0
422222,0
422223,0
422224,0
422225,0
422226,0
422227,0
422228,0
422229,0
422230,0
422231,0
422232,0
422233,0
422234,0
422235,0
422236,0
422237,0
422238,0
422239,0
422240,0
422241,0
422242,0
422243,0
422244,0
422245,0
422246,0
422247,0
422248,0
422249,0
422250,0
422251,0
422252,0
422253,0
422254,0
422255,0
422256,0
422257,0
422258,0
422259,0
422260,0
422261,0
422262,0
422263,0
422264,0
422265,0
422266,0
422267,0
422268,0
422269,0
422270,0
422271,0
422272,0
422273,0
422274,0
422275,0
422276,0
422277,0
422278,0
422279,0
422280,0
422281,0
422282,0
422283,0
422284,0
422285,0
422286,0
422287,0
422288,0
422289,0
422290,0
422291,0
422292,0
422293,0
422294,0
422295,0
422296,0
422297,0
422298,0
422299,0
422300,0
422301,0
422302,0
422303,0
422304,0
422305,0
422306,0
422307,0
422308,0
422309,0
422310,0
422311,0
422312,0
422313,0
422314,0
422315,0
422316,0
422317,0
422318,0
422319,0
422320,0
422321,0
422322,0
422323,0
422324,0
422325,0
422326,0
422327,0
422328,0
422329,0
422330,0
422331,0
422332,0
422333,0
422334,0
422335,0
422336,0
422337,0
422338,0
422339,0
422340,0
422341,0
422342,0
422343,0
422344,0
422345,0
422346,0
422347,0
422348,0
422349,0
422350,0
422351,0
422352,0
422353,0
422354,0
422355,0
422356,0
422357,0
422358,0
422359,0
422360,0
422361,0
422362,0
422363,0
422364,0
422365,0
422366,0
422367,0
422368,0
422369,0
422370,0
422371,0
422372,0
422373,0
422374,0
422375,0
422376,0
422377,0
422378,0
422379,0
422380,0
422381,0
422382,0
422383,0
422384,0
422385,0
422386,0
422387,0
422388,0
422389,0
422390,0
422391,0
422392,0
422393,0
422394,0
422395,0
422396,0
422397,0
422398,0
422399,0
422400,0
422401,0
422402,0
422403,0
422404,0
422405,0
422406,0
422407,0
422408,0
422409,0
422410,0
422411,0
422412,0
422413,0
422414,0
422415,0
422416,0
422417,0
422418,0
422419,0
422420,0
422421,0
422422,0
422423,0
422424,0
422425,0
422426,0
422427,0
422428,0
422429,0
422430,0
422431,0
422432,0
422433,0
422434,0
422435,0
422436,0
422437,0
422438,0
422439,0
422440,0
422441,0
422442,0
422443,0
422444,0
422445,0
422446,0
422447,0
422448,0
422449,0
422450,0
422451,0
422452,0
422453,0
422454,0
422455,0
422456,0
422457,0
422458,0
422459,0
422460,0
422461,0
422462,0
422463,0
422464,0
422465,0
422466,0
422467,0
422468,0
422469,0
422470,0
422471,0
422472,0
422473,0
422474,0
422475,0
422476,0
422477,0
422478,0
422479,0
422480,0
422481,0
422482,0
422483,0
422484,0
422485,0
422486,0
422487,0
422488,0
422489,0
422490,0
422491,0
422492,0
422493,0
422494,0
422495,0
422496,0
422497,0
422498,0
422499,0
422500,0
422501,0
422502,0
422503,0
422504,0
422505,0
422506,0
422507,0
422508,0
422509,0
422510,0
422511,0
422512,0
422513,0
422514,0
422515,0
422516,0
422517,0
422518,0
422519,0
422520,0
422521,0
422522,0
422523,0
422524,0
422525,0
422526,0
422527,0
422528,0
422529,0
422530,0
422531,0
422532,0
422533,0
422534,0
422535,0
422536,0
422537,0
422538,0
422539,0
422540,0
422541,0
422542,0
422543,0
422544,0
422545,0
422546,0
422547,0
422548,0
422549,0
422550,0
422551,0
422552,0
422553,0
422554,0
422555,0
422556,0
422557,0
422558,0
422559,0
422560,0
422561,0
422562,0
422563,0
422564,0
422565,0
422566,0
422567,0
422568,0
422569,0
422570,0
422571,0
422572,0
422573,0
422574,0
422575,0
422576,0
422577,0
422578,0
422579,0
422580,0
422581,0
422582,0
422583,0
422584,0
422585,0
422586,0
422587,0
422588,0
422589,0
422590,0
422591,0
422592,0
422593,0
422594,0
422595,0
422596,0
422597,0
422598,0
422599,0
422600,0
422601,0
422602,0
422603,0
422604,0
422605,0
422606,0
422607,0
422608,0
422609,0
422610,0
422611,0
422612,0
422613,0
422614,0
422615,0
422616,0
422617,0
422618,0
422619,0
422620,0
422621,0
422622,0
422623,0
422624,0
422625,0
422626,0
422627,0
422628,0
422629,0
422630,0
422631,0
422632,0
422633,0
422634,0
422635,0
422636,0
422637,0
422638,0
422639,0
422640,0
422641,0
422642,0
422643,0
422644,0
422645,0
422646,0
422647,0
422648,0
422649,0
422650,0
422651,0
422652,0
422653,0
422654,0
422655,0
422656,0
422657,0
422658,0
422659,0
422660,0
422661,0
422662,0
422663,0
422664,0
422665,0
422666,0
422667,0
422668,0
422669,0
422670,0
422671,0
422672,0
422673,0
422674,0
422675,0
422676,0
422677,0
422678,0
422679,0
422680,0
422681,0
422682,0
422683,0
422684,0
422685,0
422686,0
422687,0
422688,0
422689,0
422690,0
422691,0
422692,0
422693,0
422694,0
422695,0
422696,0
422697,0
422698,0
422699,0
422700,0
422701,0
422702,0
422703,0
422704,0
422705,0
422706,0
422707,0
422708,0
422709,0
422710,0
422711,0
422712,0
422713,0
422714,0
422715,0
422716,0
422717,0
422718,0
422719,0
422720,0
422721,0
422722,0
422723,0
422724,0
422725,0
422726,0
422727,0
422728,0
422729,0
422730,0
422731,0
422732,0
422733,0
422734,0
422735,0
422736,0
422737,0
422738,0
422739,0
422740,0
422741,0
422742,0
422743,0
422744,0
422745,0
422746,0
422747,0
422748,0
422749,0
422750,0
422751,0
422752,0
422753,0
422754,0
422755,0
422756,0
422757,0
422758,0
422759,0
422760,0
422761,0
422762,0
422763,0
422764,0
422765,0
422766,0
422767,0
422768,0
422769,0
422770,0
422771,0
422772,0
422773,0
422774,0
422775,0
422776,0
422777,0
422778,0
422779,0
422780,0
422781,0
422782,0
422783,0
422784,0
422785,0
422786,0
422787,0
422788,0
422789,0
422790,0
422791,0
422792,0
422793,0
422794,0
422795,0
422796,0
422797,0
422798,0
422799,0
422800,0
422801,0
422802,0
422803,0
422804,0
422805,0
422806,0
422807,0
422808,0
422809,0
422810,0
422811,0
422812,0
422813,0
422814,0
422815,0
422816,0
422817,0
422818,0
422819,0
422820,0
422821,0
422822,0
422823,0
422824,0
422825,0
422826,0
422827,0
422828,0
422829,0
422830,0
422831,0
422832,0
422833,0
422834,0
422835,0
422836,0
422837,0
422838,0
422839,0
422840,0
422841,0
422842,0
422843,0
422844,0
422845,0
422846,0
422847,0
422848,0
422849,0
422850,0
422851,0
422852,0
422853,0
422854,0
422855,0
422856,0
422857,0
422858,0
422859,0
422860,0
422861,0
422862,0
422863,0
422864,0
422865,0
422866,0
422867,0
422868,0
422869,0
422870,0
422871,0
422872,0
422873,0
422874,0
422875,0
422876,0
422877,0
422878,0
422879,0
422880,0
422881,0
422882,0
422883,0
422884,0
422885,0
422886,0
422887,0
422888,0
422889,0
422890,0
422891,0
422892,0
422893,0
422894,0
422895,0
422896,0
422897,0
422898,0
422899,0
422900,0
422901,0
422902,0
422903,0
422904,0
422905,0
422906,0
422907,0
422908,0
422909,0
422910,0
422911,0
422912,0
422913,0
422914,0
422915,0
422916,0
422917,0
422918,0
422919,0
422920,0
422921,0
422922,0
422923,0
422924,0
422925,0
422926,0
422927,0
422928,0
422929,0
422930,0
422931,0
422932,0
422933,0
422934,0
422935,0
422936,0
422937,0
422938,0
422939,0
422940,0
422941,0
422942,0
422943,0
422944,0
422945,0
422946,0
422947,0
422948,0
422949,0
422950,0
422951,0
422952,0
422953,0
422954,0
422955,0
422956,0
422957,0
422958,0
422959,0
422960,0
422961,0
422962,0
422963,0
422964,0
422965,0
422966,0
422967,0
422968,0
422969,0
422970,0
422971,0
422972,0
422973,0
422974,0
422975,0
422976,0
422977,0
422978,0
422979,0
422980,0
422981,0
422982,0
422983,0
422984,0
422985,0
422986,0
422987,0
422988,0
422989,0
422990,0
422991,0
422992,0
422993,0
422994,0
422995,0
422996,0
422997,0
422998,0
422999,0
423000,0
423001,0
423002,0
423003,0
423004,0
423005,0
423006,0
423007,0
423008,0
423009,0
423010,0
423011,0
423012,0
423013,0
423014,0
423015,0
423016,0
423017,0
423018,0
423019,0
423020,0
423021,0
423022,0
423023,0
423024,0
423025,0
423026,0
423027,0
423028,0
423029,0
423030,0
423031,0
423032,0
423033,0
423034,0
423035,0
423036,0
423037,0
423038,0
423039,0
423040,0
423041,0
423042,0
423043,0
423044,0
423045,0
423046,0
423047,0
423048,0
423049,0
423050,0
423051,0
423052,0
423053,0
423054,0
423055,0
423056,0
423057,0
423058,0
423059,0
423060,0
423061,0
423062,0
423063,0
423064,0
423065,0
423066,0
423067,0
423068,0
423069,0
423070,0
423071,0
423072,0
423073,0
423074,0
423075,0
423076,0
423077,0
423078,0
423079,0
423080,0
423081,0
423082,0
423083,0
423084,0
423085,0
423086,0
423087,0
423088,0
423089,0
423090,0
423091,0
423092,0
423093,0
423094,0
423095,0
423096,0
423097,0
423098,0
423099,0
423100,0
423101,0
423102,0
423103,0
423104,0
423105,0
423106,0
423107,0
423108,0
423109,0
423110,0
423111,0
423112,0
423113,0
423114,0
423115,0
423116,0
423117,0
423118,0
423119,0
423120,0
423121,0
423122,0
423123,0
423124,0
423125,0
423126,0
423127,0
423128,0
423129,0
423130,0
423131,0
423132,0
423133,0
423134,0
423135,0
423136,0
423137,0
423138,0
423139,0
423140,0
423141,0
423142,0
423143,0
423144,0
423145,0
423146,0
423147,0
423148,0
423149,0
423150,0
423151,0
423152,0
423153,0
423154,0
423155,0
423156,0
423157,0
423158,0
423159,0
423160,0
423161,0
423162,0
423163,0
423164,0
423165,0
423166,0
423167,0
423168,0
423169,0
423170,0
423171,0
423172,0
423173,0
423174,0
423175,0
423176,0
423177,0
423178,0
423179,0
423180,0
423181,0
423182,0
423183,0
423184,0
423185,0
423186,0
423187,0
423188,0
423189,0
423190,0
423191,0
423192,0
423193,0
423194,0
423195,0
423196,0
423197,0
423198,0
423199,0
423200,0
423201,0
423202,0
423203,0
423204,0
423205,0
423206,0
423207,0
423208,0
423209,0
423210,0
423211,0
423212,0
423213,0
423214,0
423215,0
423216,0
423217,0
423218,0
423219,0
423220,0
423221,0
423222,0
423223,0
423224,0
423225,0
423226,0
423227,0
423228,0
423229,0
423230,0
423231,0
423232,0
423233,0
423234,0
423235,0
423236,0
423237,0
423238,0
423239,0
423240,0
423241,0
423242,0
423243,0
423244,0
423245,0
423246,0
423247,0
423248,0
423249,0
423250,0
423251,0
423252,0
423253,0
423254,0
423255,0
423256,0
423257,0
423258,0
423259,0
423260,0
423261,0
423262,0
423263,0
423264,0
423265,0
423266,0
423267,0
423268,0
423269,0
423270,0
423271,0
423272,0
423273,0
423274,0
423275,0
423276,0
423277,0
423278,0
423279,0
423280,0
423281,0
423282,0
423283,0
423284,0
423285,0
423286,0
423287,0
423288,0
423289,0
423290,0
423291,0
423292,0
423293,0
423294,0
423295,0
423296,0
423297,0
423298,0
423299,0
423300,0
423301,0
423302,0
423303,0
423304,0
423305,0
423306,0
423307,0
423308,0
423309,0
423310,0
423311,0
423312,0
423313,0
423314,0
423315,0
423316,0
423317,0
423318,0
423319,0
423320,0
423321,0
423322,0
423323,0
423324,0
423325,0
423326,0
423327,0
423328,0
423329,0
423330,0
423331,0
423332,0
423333,0
423334,0
423335,0
423336,0
423337,0
423338,0
423339,0
423340,0
423341,0
423342,0
423343,0
423344,0
423345,0
423346,0
423347,0
423348,0
423349,0
423350,0
423351,0
423352,0
423353,0
423354,0
423355,0
423356,0
423357,0
423358,0
423359,0
423360,0
423361,0
423362,0
423363,0
423364,0
423365,0
423366,0
423367,0
423368,0
423369,0
423370,0
423371,0
423372,0
423373,0
423374,0
423375,0
423376,0
423377,0
423378,0
423379,0
423380,0
423381,0
423382,0
423383,0
423384,0
423385,0
423386,0
423387,0
423388,0
423389,0
423390,0
423391,0
423392,0
423393,0
423394,0
423395,0
423396,0
423397,0
423398,0
423399,0
423400,0
423401,0
423402,0
423403,0
423404,0
423405,0
423406,0
423407,0
423408,0
423409,0
423410,0
423411,0
423412,0
423413,0
423414,0
423415,0
423416,0
423417,0
423418,0
423419,0
423420,0
423421,0
423422,0
423423,0
423424,0
423425,0
423426,0
423427,0
423428,0
423429,0
423430,0
423431,0
423432,0
423433,0
423434,0
423435,0
423436,0
423437,0
423438,0
423439,0
423440,0
423441,0
423442,0
423443,0
423444,0
423445,0
423446,0
423447,0
423448,0
423449,0
423450,0
423451,0
423452,0
423453,0
423454,0
423455,0
423456,0
423457,0
423458,0
423459,0
423460,0
423461,0
423462,0
423463,0
423464,0
423465,0
423466,0
423467,0
423468,0
423469,0
423470,0
423471,0
423472,0
423473,0
423474,0
423475,0
423476,0
423477,0
423478,0
423479,0
423480,0
423481,0
423482,0
423483,0
423484,0
423485,0
423486,0
423487,0
423488,0
423489,0
423490,0
423491,0
423492,0
423493,0
423494,0
423495,0
423496,0
423497,0
423498,0
423499,0
423500,0
423501,0
423502,0
423503,0
423504,0
423505,0
423506,0
423507,0
423508,0
423509,0
423510,0
423511,0
423512,0
423513,0
423514,0
423515,0
423516,0
423517,0
423518,0
423519,0
423520,0
423521,0
423522,0
423523,0
423524,0
423525,0
423526,0
423527,0
423528,0
423529,0
423530,0
423531,0
423532,0
423533,0
423534,0
423535,0
423536,0
423537,0
423538,0
423539,0
423540,0
423541,0
423542,0
423543,0
423544,0
423545,0
423546,0
423547,0
423548,0
423549,0
423550,0
423551,0
423552,0
423553,0
423554,0
423555,0
423556,0
423557,0
423558,0
423559,0
423560,0
423561,0
423562,0
423563,0
423564,0
423565,0
423566,0
423567,0
423568,0
423569,0
423570,0
423571,0
423572,0
423573,0
423574,0
423575,0
423576,0
423577,0
423578,0
423579,0
423580,0
423581,0
423582,0
423583,0
423584,0
423585,0
423586,0
423587,0
423588,0
423589,0
423590,0
423591,0
423592,0
423593,0
423594,0
423595,0
423596,0
423597,0
423598,0
423599,0
423600,0
423601,0
423602,0
423603,0
423604,0
423605,0
423606,0
423607,0
423608,0
423609,0
423610,0
423611,0
423612,0
423613,0
423614,0
423615,0
423616,0
423617,0
423618,0
423619,0
423620,0
423621,0
423622,0
423623,0
423624,0
423625,0
423626,0
423627,0
423628,0
423629,0
423630,0
423631,0
423632,0
423633,0
423634,0
423635,0
423636,0
423637,0
423638,0
423639,0
423640,0
423641,0
423642,0
423643,0
423644,0
423645,0
423646,0
423647,0
423648,0
423649,0
423650,0
423651,0
423652,0
423653,0
423654,0
423655,0
423656,0
423657,0
423658,0
423659,0
423660,0
423661,0
423662,0
423663,0
423664,0
423665,0
423666,0
423667,0
423668,0
423669,0
423670,0
423671,0
423672,0
423673,0
423674,0
423675,0
423676,0
423677,0
423678,0
423679,0
423680,0
423681,0
423682,0
423683,0
423684,0
423685,0
423686,0
423687,0
423688,0
423689,0
423690,0
423691,0
423692,0
423693,0
423694,0
423695,0
423696,0
423697,0
423698,0
423699,0
423700,0
423701,0
423702,0
423703,0
423704,0
423705,0
423706,0
423707,0
423708,0
423709,0
423710,0
423711,0
423712,0
423713,0
423714,0
423715,0
423716,0
423717,0
423718,0
423719,0
423720,0
423721,0
423722,0
423723,0
423724,0
423725,0
423726,0
423727,0
423728,0
423729,0
423730,0
423731,0
423732,0
423733,0
423734,0
423735,0
423736,0
423737,0
423738,0
423739,0
423740,0
423741,0
423742,0
423743,0
423744,0
423745,0
423746,0
423747,0
423748,0
423749,0
423750,0
423751,0
423752,0
423753,0
423754,0
423755,0
423756,0
423757,0
423758,0
423759,0
423760,0
423761,0
423762,0
423763,0
423764,0
423765,0
423766,0
423767,0
423768,0
423769,0
423770,0
423771,0
423772,0
423773,0
423774,0
423775,0
423776,0
423777,0
423778,0
423779,0
423780,0
423781,0
423782,0
423783,0
423784,0
423785,0
423786,0
423787,0
423788,0
423789,0
423790,0
423791,0
423792,0
423793,0
423794,0
423795,0
423796,0
423797,0
423798,0
423799,0
423800,0
423801,0
423802,0
423803,0
423804,0
423805,0
423806,0
423807,0
423808,0
423809,0
423810,0
423811,0
423812,0
423813,0
423814,0
423815,0
423816,0
423817,0
423818,0
423819,0
423820,0
423821,0
423822,0
423823,0
423824,0
423825,0
423826,0
423827,0
423828,0
423829,0
423830,0
423831,0
423832,0
423833,0
423834,0
423835,0
423836,0
423837,0
423838,0
423839,0
423840,0
423841,0
423842,0
423843,0
423844,0
423845,0
423846,0
423847,0
423848,0
423849,0
423850,0
423851,0
423852,0
423853,0
423854,0
423855,0
423856,0
423857,0
423858,0
423859,0
423860,0
423861,0
423862,0
423863,0
423864,0
423865,0
423866,0
423867,0
423868,0
423869,0
423870,0
423871,0
423872,0
423873,0
423874,0
423875,0
423876,0
423877,0
423878,0
423879,0
423880,0
423881,0
423882,0
423883,0
423884,0
423885,0
423886,0
423887,0
423888,0
423889,0
423890,0
423891,0
423892,0
423893,0
423894,0
423895,0
423896,0
423897,0
423898,0
423899,0
423900,0
423901,0
423902,0
423903,0
423904,0
423905,0
423906,0
423907,0
423908,0
423909,0
423910,0
423911,0
423912,0
423913,0
423914,0
423915,0
423916,0
423917,0
423918,0
423919,0
423920,0
423921,0
423922,0
423923,0
423924,0
423925,0
423926,0
423927,0
423928,0
423929,0
423930,0
423931,0
423932,0
423933,0
423934,0
423935,0
423936,0
423937,0
423938,0
423939,0
423940,0
423941,0
423942,0
423943,0
423944,0
423945,0
423946,0
423947,0
423948,0
423949,0
423950,0
423951,0
423952,0
423953,0
423954,0
423955,0
423956,0
423957,0
423958,0
423959,0
423960,0
423961,0
423962,0
423963,0
423964,0
423965,0
423966,0
423967,0
423968,0
423969,0
423970,0
423971,0
423972,0
423973,0
423974,0
423975,0
423976,0
423977,0
423978,0
423979,0
423980,0
423981,0
423982,0
423983,0
423984,0
423985,0
423986,0
423987,0
423988,0
423989,0
423990,0
423991,0
423992,0
423993,0
423994,0
423995,0
423996,0
423997,0
423998,0
423999,0
424000,0
424001,0
424002,0
424003,0
424004,0
424005,0
424006,0
424007,0
424008,0
424009,0
424010,0
424011,0
424012,0
424013,0
424014,0
424015,0
424016,0
424017,0
424018,0
424019,0
424020,0
424021,0
424022,0
424023,0
424024,0
424025,0
424026,0
424027,0
424028,0
424029,0
424030,0
424031,0
424032,0
424033,0
424034,0
424035,0
424036,0
424037,0
424038,0
424039,0
424040,0
424041,0
424042,0
424043,0
424044,0
424045,0
424046,0
424047,0
424048,0
424049,0
424050,0
424051,0
424052,0
424053,0
424054,0
424055,0
424056,0
424057,0
424058,0
424059,0
424060,0
424061,0
424062,0
424063,0
424064,0
424065,0
424066,0
424067,0
424068,0
424069,0
424070,0
424071,0
424072,0
424073,0
424074,0
424075,0
424076,0
424077,0
424078,0
424079,0
424080,0
424081,0
424082,0
424083,0
424084,0
424085,0
424086,0
424087,0
424088,0
424089,0
424090,0
424091,0
424092,0
424093,0
424094,0
424095,0
424096,0
424097,0
424098,0
424099,0
424100,0
424101,0
424102,0
424103,0
424104,0
424105,0
424106,0
424107,0
424108,0
424109,0
424110,0
424111,0
424112,0
424113,0
424114,0
424115,0
424116,0
424117,0
424118,0
424119,0
424120,0
424121,0
424122,0
424123,0
424124,0
424125,0
424126,0
424127,0
424128,0
424129,0
424130,0
424131,0
424132,0
424133,0
424134,0
424135,0
424136,0
424137,0
424138,0
424139,0
424140,0
424141,0
424142,0
424143,0
424144,0
424145,0
424146,0
424147,0
424148,0
424149,0
424150,0
424151,0
424152,0
424153,0
424154,0
424155,0
424156,0
424157,0
424158,0
424159,0
424160,0
424161,0
424162,0
424163,0
424164,0
424165,0
424166,0
424167,0
424168,0
424169,0
424170,0
424171,0
424172,0
424173,0
424174,0
424175,0
424176,0
424177,0
424178,0
424179,0
424180,0
424181,0
424182,0
424183,0
424184,0
424185,0
424186,0
424187,0
424188,0
424189,0
424190,0
424191,0
424192,0
424193,0
424194,0
424195,0
424196,0
424197,0
424198,0
424199,0
424200,0
424201,0
424202,0
424203,0
424204,0
424205,0
424206,0
424207,0
424208,0
424209,0
424210,0
424211,0
424212,0
424213,0
424214,0
424215,0
424216,0
424217,0
424218,0
424219,0
424220,0
424221,0
424222,0
424223,0
424224,0
424225,0
424226,0
424227,0
424228,0
424229,0
424230,0
424231,0
424232,0
424233,0
424234,0
424235,0
424236,0
424237,0
424238,0
424239,0
424240,0
424241,0
424242,0
424243,0
424244,0
424245,0
424246,0
424247,0
424248,0
424249,0
424250,0
424251,0
424252,0
424253,0
424254,0
424255,0
424256,0
424257,0
424258,0
424259,0
424260,0
424261,0
424262,0
424263,0
424264,0
424265,0
424266,0
424267,0
424268,0
424269,0
424270,0
424271,0
424272,0
424273,0
424274,0
424275,0
424276,0
424277,0
424278,0
424279,0
424280,0
424281,0
424282,0
424283,0
424284,0
424285,0
424286,0
424287,0
424288,0
424289,0
424290,0
424291,0
424292,0
424293,0
424294,0
424295,0
424296,0
424297,0
424298,0
424299,0
424300,0
424301,0
424302,0
424303,0
424304,0
424305,0
424306,0
424307,0
424308,0
424309,0
424310,0
424311,0
424312,0
424313,0
424314,0
424315,0
424316,0
424317,0
424318,0
424319,0
424320,0
424321,0
424322,0
424323,0
424324,0
424325,0
424326,0
424327,0
424328,0
424329,0
424330,0
424331,0
424332,0
424333,0
424334,0
424335,0
424336,0
424337,0
424338,0
424339,0
424340,0
424341,0
424342,0
424343,0
424344,0
424345,0
424346,0
424347,0
424348,0
424349,0
424350,0
424351,0
424352,0
424353,0
424354,0
424355,0
424356,0
424357,0
424358,0
424359,0
424360,0
424361,0
424362,0
424363,0
424364,0
424365,0
424366,0
424367,0
424368,0
424369,0
424370,0
424371,0
424372,0
424373,0
424374,0
424375,0
424376,0
424377,0
424378,0
424379,0
424380,0
424381,0
424382,0
424383,0
424384,0
424385,0
424386,0
424387,0
424388,0
424389,0
424390,0
424391,0
424392,0
424393,0
424394,0
424395,0
424396,0
424397,0
424398,0
424399,0
424400,0
424401,0
424402,0
424403,0
424404,0
424405,0
424406,0
424407,0
424408,0
424409,0
424410,0
424411,0
424412,0
424413,0
424414,0
424415,0
424416,0
424417,0
424418,0
424419,0
424420,0
424421,0
424422,0
424423,0
424424,0
424425,0
424426,0
424427,0
424428,0
424429,0
424430,0
424431,0
424432,0
424433,0
424434,0
424435,0
424436,0
424437,0
424438,0
424439,0
424440,0
424441,0
424442,0
424443,0
424444,0
424445,0
424446,0
424447,0
424448,0
424449,0
424450,0
424451,0
424452,0
424453,0
424454,0
424455,0
424456,0
424457,0
424458,0
424459,0
424460,0
424461,0
424462,0
424463,0
424464,0
424465,0
424466,0
424467,0
424468,0
424469,0
424470,0
424471,0
424472,0
424473,0
424474,0
424475,0
424476,0
424477,0
424478,0
424479,0
424480,0
424481,0
424482,0
424483,0
424484,0
424485,0
424486,0
424487,0
424488,0
424489,0
424490,0
424491,0
424492,0
424493,0
424494,0
424495,0
424496,0
424497,0
424498,0
424499,0
424500,0
424501,0
424502,0
424503,0
424504,0
424505,0
424506,0
424507,0
424508,0
424509,0
424510,0
424511,0
424512,0
424513,0
424514,0
424515,0
424516,0
424517,0
424518,0
424519,0
424520,0
424521,0
424522,0
424523,0
424524,0
424525,0
424526,0
424527,0
424528,0
424529,0
424530,0
424531,0
424532,0
424533,0
424534,0
424535,0
424536,0
424537,0
424538,0
424539,0
424540,0
424541,0
424542,0
424543,0
424544,0
424545,0
424546,0
424547,0
424548,0
424549,0
424550,0
424551,0
424552,0
424553,0
424554,0
424555,0
424556,0
424557,0
424558,0
424559,0
424560,0
424561,0
424562,0
424563,0
424564,0
424565,0
424566,0
424567,0
424568,0
424569,0
424570,0
424571,0
424572,0
424573,0
424574,0
424575,0
424576,0
424577,0
424578,0
424579,0
424580,0
424581,0
424582,0
424583,0
424584,0
424585,0
424586,0
424587,0
424588,0
424589,0
424590,0
424591,0
424592,0
424593,0
424594,0
424595,0
424596,0
424597,0
424598,0
424599,0
424600,0
424601,0
424602,0
424603,0
424604,0
424605,0
424606,0
424607,0
424608,0
424609,0
424610,0
424611,0
424612,0
424613,0
424614,0
424615,0
424616,0
424617,0
424618,0
424619,0
424620,0
424621,0
424622,0
424623,0
424624,0
424625,0
424626,0
424627,0
424628,0
424629,0
424630,0
424631,0
424632,0
424633,0
424634,0
424635,0
424636,0
424637,0
424638,0
424639,0
424640,0
424641,0
424642,0
424643,0
424644,0
424645,0
424646,0
424647,0
424648,0
424649,0
424650,0
424651,0
424652,0
424653,0
424654,0
424655,0
424656,0
424657,0
424658,0
424659,0
424660,0
424661,0
424662,0
424663,0
424664,0
424665,0
424666,0
424667,0
424668,0
424669,0
424670,0
424671,0
424672,0
424673,0
424674,0
424675,0
424676,0
424677,0
424678,0
424679,0
424680,0
424681,0
424682,0
424683,0
424684,0
424685,0
424686,0
424687,0
424688,0
424689,0
424690,0
424691,0
424692,0
424693,0
424694,0
424695,0
424696,0
424697,0
424698,0
424699,0
424700,0
424701,0
424702,0
424703,0
424704,0
424705,0
424706,0
424707,0
424708,0
424709,0
424710,0
424711,0
424712,0
424713,0
424714,0
424715,0
424716,0
424717,0
424718,0
424719,0
424720,0
424721,0
424722,0
424723,0
424724,0
424725,0
424726,0
424727,0
424728,0
424729,0
424730,0
424731,0
424732,0
424733,0
424734,0
424735,0
424736,0
424737,0
424738,0
424739,0
424740,0
424741,0
424742,0
424743,0
424744,0
424745,0
424746,0
424747,0
424748,0
424749,0
424750,0
424751,0
424752,0
424753,0
424754,0
424755,0
424756,0
424757,0
424758,0
424759,0
424760,0
424761,0
424762,0
424763,0
424764,0
424765,0
424766,0
424767,0
424768,0
424769,0
424770,0
424771,0
424772,0
424773,0
424774,0
424775,0
424776,0
424777,0
424778,0
424779,0
424780,0
424781,0
424782,0
424783,0
424784,0
424785,0
424786,0
424787,0
424788,0
424789,0
424790,0
424791,0
424792,0
424793,0
424794,0
424795,0
424796,0
424797,0
424798,0
424799,0
424800,0
424801,0
424802,0
424803,0
424804,0
424805,0
424806,0
424807,0
424808,0
424809,0
424810,0
424811,0
424812,0
424813,0
424814,0
424815,0
424816,0
424817,0
424818,0
424819,0
424820,0
424821,0
424822,0
424823,0
424824,0
424825,0
424826,0
424827,0
424828,0
424829,0
424830,0
424831,0
424832,0
424833,0
424834,0
424835,0
424836,0
424837,0
424838,0
424839,0
424840,0
424841,0
424842,0
424843,0
424844,0
424845,0
424846,0
424847,0
424848,0
424849,0
424850,0
424851,0
424852,0
424853,0
424854,0
424855,0
424856,0
424857,0
424858,0
424859,0
424860,0
424861,0
424862,0
424863,0
424864,0
424865,0
424866,0
424867,0
424868,0
424869,0
424870,0
424871,0
424872,0
424873,0
424874,0
424875,0
424876,0
424877,0
424878,0
424879,0
424880,0
424881,0
424882,0
424883,0
424884,0
424885,0
424886,0
424887,0
424888,0
424889,0
424890,0
424891,0
424892,0
424893,0
424894,0
424895,0
424896,0
424897,0
424898,0
424899,0
424900,0
424901,0
424902,0
424903,0
424904,0
424905,0
424906,0
424907,0
424908,0
424909,0
424910,0
424911,0
424912,0
424913,0
424914,0
424915,0
424916,0
424917,0
424918,0
424919,0
424920,0
424921,0
424922,0
424923,0
424924,0
424925,0
424926,0
424927,0
424928,0
424929,0
424930,0
424931,0
424932,0
424933,0
424934,0
424935,0
424936,0
424937,0
424938,0
424939,0
424940,0
424941,0
424942,0
424943,0
424944,0
424945,0
424946,0
424947,0
424948,0
424949,0
424950,0
424951,0
424952,0
424953,0
424954,0
424955,0
424956,0
424957,0
424958,0
424959,0
424960,0
424961,0
424962,0
424963,0
424964,0
424965,0
424966,0
424967,0
424968,0
424969,0
424970,0
424971,0
424972,0
424973,0
424974,0
424975,0
424976,0
424977,0
424978,0
424979,0
424980,0
424981,0
424982,0
424983,0
424984,0
424985,0
424986,0
424987,0
424988,0
424989,0
424990,0
424991,0
424992,0
424993,0
424994,0
424995,0
424996,0
424997,0
424998,0
424999,0
425000,0
425001,0
425002,0
425003,0
425004,0
425005,0
425006,0
425007,0
425008,0
425009,0
425010,0
425011,0
425012,0
425013,0
425014,0
425015,0
425016,0
425017,0
425018,0
425019,0
425020,0
425021,0
425022,0
425023,0
425024,0
425025,0
425026,0
425027,0
425028,0
425029,0
425030,0
425031,0
425032,0
425033,0
425034,0
425035,0
425036,0
425037,0
425038,0
425039,0
425040,0
425041,0
425042,0
425043,0
425044,0
425045,0
425046,0
425047,0
425048,0
425049,0
425050,0
425051,0
425052,0
425053,0
425054,0
425055,0
425056,0
425057,0
425058,0
425059,0
425060,0
425061,0
425062,0
425063,0
425064,0
425065,0
425066,0
425067,0
425068,0
425069,0
425070,0
425071,0
425072,0
425073,0
425074,0
425075,0
425076,0
425077,0
425078,0
425079,0
425080,0
425081,0
425082,0
425083,0
425084,0
425085,0
425086,0
425087,0
425088,0
425089,0
425090,0
425091,0
425092,0
425093,0
425094,0
425095,0
425096,0
425097,0
425098,0
425099,0
425100,0
425101,0
425102,0
425103,0
425104,0
425105,0
425106,0
425107,0
425108,0
425109,0
425110,0
425111,0
425112,0
425113,0
425114,0
425115,0
425116,0
425117,0
425118,0
425119,0
425120,0
425121,0
425122,0
425123,0
425124,0
425125,0
425126,0
425127,0
425128,0
425129,0
425130,0
425131,0
425132,0
425133,0
425134,0
425135,0
425136,0
425137,0
425138,0
425139,0
425140,0
425141,0
425142,0
425143,0
425144,0
425145,0
425146,0
425147,0
425148,0
425149,0
425150,0
425151,0
425152,0
425153,0
425154,0
425155,0
425156,0
425157,0
425158,0
425159,0
425160,0
425161,0
425162,0
425163,0
425164,0
425165,0
425166,0
425167,0
425168,0
425169,0
425170,0
425171,0
425172,0
425173,0
425174,0
425175,0
425176,0
425177,0
425178,0
425179,0
425180,0
425181,0
425182,0
425183,0
425184,0
425185,0
425186,0
425187,0
425188,0
425189,0
425190,0
425191,0
425192,0
425193,0
425194,0
425195,0
425196,0
425197,0
425198,0
425199,0
425200,0
425201,0
425202,0
425203,0
425204,0
425205,0
425206,0
425207,0
425208,0
425209,0
425210,0
425211,0
425212,0
425213,0
425214,0
425215,0
425216,0
425217,0
425218,0
425219,0
425220,0
425221,0
425222,0
425223,0
425224,0
425225,0
425226,0
425227,0
425228,0
425229,0
425230,0
425231,0
425232,0
425233,0
425234,0
425235,0
425236,0
425237,0
425238,0
425239,0
425240,0
425241,0
425242,0
425243,0
425244,0
425245,0
425246,0
425247,0
425248,0
425249,0
425250,0
425251,0
425252,0
425253,0
425254,0
425255,0
425256,0
425257,0
425258,0
425259,0
425260,0
425261,0
425262,0
425263,0
425264,0
425265,0
425266,0
425267,0
425268,0
425269,0
425270,0
425271,0
425272,0
425273,0
425274,0
425275,0
425276,0
425277,0
425278,0
425279,0
425280,0
425281,0
425282,0
425283,0
425284,0
425285,0
425286,0
425287,0
425288,0
425289,0
425290,0
425291,0
425292,0
425293,0
425294,0
425295,0
425296,0
425297,0
425298,0
425299,0
425300,0
425301,0
425302,0
425303,0
425304,0
425305,0
425306,0
425307,0
425308,0
425309,0
425310,0
425311,0
425312,0
425313,0
425314,0
425315,0
425316,0
425317,0
425318,0
425319,0
425320,0
425321,0
425322,0
425323,0
425324,0
425325,0
425326,0
425327,0
425328,0
425329,0
425330,0
425331,0
425332,0
425333,0
425334,0
425335,0
425336,0
425337,0
425338,0
425339,0
425340,0
425341,0
425342,0
425343,0
425344,0
425345,0
425346,0
425347,0
425348,0
425349,0
425350,0
425351,0
425352,0
425353,0
425354,0
425355,0
425356,0
425357,0
425358,0
425359,0
425360,0
425361,0
425362,0
425363,0
425364,0
425365,0
425366,0
425367,0
425368,0
425369,0
425370,0
425371,0
425372,0
425373,0
425374,0
425375,0
425376,0
425377,0
425378,0
425379,0
425380,0
425381,0
425382,0
425383,0
425384,0
425385,0
425386,0
425387,0
425388,0
425389,0
425390,0
425391,0
425392,0
425393,0
425394,0
425395,0
425396,0
425397,0
425398,0
425399,0
425400,0
425401,0
425402,0
425403,0
425404,0
425405,0
425406,0
425407,0
425408,0
425409,0
425410,0
425411,0
425412,0
425413,0
425414,0
425415,0
425416,0
425417,0
425418,0
425419,0
425420,0
425421,0
425422,0
425423,0
425424,0
425425,0
425426,0
425427,0
425428,0
425429,0
425430,0
425431,0
425432,0
425433,0
425434,0
425435,0
425436,0
425437,0
425438,0
425439,0
425440,0
425441,0
425442,0
425443,0
425444,0
425445,0
425446,0
425447,0
425448,0
425449,0
425450,0
425451,0
425452,0
425453,0
425454,0
425455,0
425456,0
425457,0
425458,0
425459,0
425460,0
425461,0
425462,0
425463,0
425464,0
425465,0
425466,0
425467,0
425468,0
425469,0
425470,0
425471,0
425472,0
425473,0
425474,0
425475,0
425476,0
425477,0
425478,0
425479,0
425480,0
425481,0
425482,0
425483,0
425484,0
425485,0
425486,0
425487,0
425488,0
425489,0
425490,0
425491,0
425492,0
425493,0
425494,0
425495,0
425496,0
425497,0
425498,0
425499,0
425500,0
425501,0
425502,0
425503,0
425504,0
425505,0
425506,0
425507,0
425508,0
425509,0
425510,0
425511,0
425512,0
425513,0
425514,0
425515,0
425516,0
425517,0
425518,0
425519,0
425520,0
425521,0
425522,0
425523,0
425524,0
425525,0
425526,0
425527,0
425528,0
425529,0
425530,0
425531,0
425532,0
425533,0
425534,0
425535,0
425536,0
425537,0
425538,0
425539,0
425540,0
425541,0
425542,0
425543,0
425544,0
425545,0
425546,0
425547,0
425548,0
425549,0
425550,0
425551,0
425552,0
425553,0
425554,0
425555,0
425556,0
425557,0
425558,0
425559,0
425560,0
425561,0
425562,0
425563,0
425564,0
425565,0
425566,0
425567,0
425568,0
425569,0
425570,0
425571,0
425572,0
425573,0
425574,0
425575,0
425576,0
425577,0
425578,0
425579,0
425580,0
425581,0
425582,0
425583,0
425584,0
425585,0
425586,0
425587,0
425588,0
425589,0
425590,0
425591,0
425592,0
425593,0
425594,0
425595,0
425596,0
425597,0
425598,0
425599,0
425600,0
425601,0
425602,0
425603,0
425604,0
425605,0
425606,0
425607,0
425608,0
425609,0
425610,0
425611,0
425612,0
425613,0
425614,0
425615,0
425616,0
425617,0
425618,0
425619,0
425620,0
425621,0
425622,0
425623,0
425624,0
425625,0
425626,0
425627,0
425628,0
425629,0
425630,0
425631,0
425632,0
425633,0
425634,0
425635,0
425636,0
425637,0
425638,0
425639,0
425640,0
425641,0
425642,0
425643,0
425644,0
425645,0
425646,0
425647,0
425648,0
425649,0
425650,0
425651,0
425652,0
425653,0
425654,0
425655,0
425656,0
425657,0
425658,0
425659,0
425660,0
425661,0
425662,0
425663,0
425664,0
425665,0
425666,0
425667,0
425668,0
425669,0
425670,0
425671,0
425672,0
425673,0
425674,0
425675,0
425676,0
425677,0
425678,0
425679,0
425680,0
425681,0
425682,0
425683,0
425684,0
425685,0
425686,0
425687,0
425688,0
425689,0
425690,0
425691,0
425692,0
425693,0
425694,0
425695,0
425696,0
425697,0
425698,0
425699,0
425700,0
425701,0
425702,0
425703,0
425704,0
425705,0
425706,0
425707,0
425708,0
425709,0
425710,0
425711,0
425712,0
425713,0
425714,0
425715,0
425716,0
425717,0
425718,0
425719,0
425720,0
425721,0
425722,0
425723,0
425724,0
425725,0
425726,0
425727,0
425728,0
425729,0
425730,0
425731,0
425732,0
425733,0
425734,0
425735,0
425736,0
425737,0
425738,0
425739,0
425740,0
425741,0
425742,0
425743,0
425744,0
425745,0
425746,0
425747,0
425748,0
425749,0
425750,0
425751,0
425752,0
425753,0
425754,0
425755,0
425756,0
425757,0
425758,0
425759,0
425760,0
425761,0
425762,0
425763,0
425764,0
425765,0
425766,0
425767,0
425768,0
425769,0
425770,0
425771,0
425772,0
425773,0
425774,0
425775,0
425776,0
425777,0
425778,0
425779,0
425780,0
425781,0
425782,0
425783,0
425784,0
425785,0
425786,0
425787,0
425788,0
425789,0
425790,0
425791,0
425792,0
425793,0
425794,0
425795,0
425796,0
425797,0
425798,0
425799,0
425800,0
425801,0
425802,0
425803,0
425804,0
425805,0
425806,0
425807,0
425808,0
425809,0
425810,0
425811,0
425812,0
425813,0
425814,0
425815,0
425816,0
425817,0
425818,0
425819,0
425820,0
425821,0
425822,0
425823,0
425824,0
425825,0
425826,0
425827,0
425828,0
425829,0
425830,0
425831,0
425832,0
425833,0
425834,0
425835,0
425836,0
425837,0
425838,0
425839,0
425840,0
425841,0
425842,0
425843,0
425844,0
425845,0
425846,0
425847,0
425848,0
425849,0
425850,0
425851,0
425852,0
425853,0
425854,0
425855,0
425856,0
425857,0
425858,0
425859,0
425860,0
425861,0
425862,0
425863,0
425864,0
425865,0
425866,0
425867,0
425868,0
425869,0
425870,0
425871,0
425872,0
425873,0
425874,0
425875,0
425876,0
425877,0
425878,0
425879,0
425880,0
425881,0
425882,0
425883,0
425884,0
425885,0
425886,0
425887,0
425888,0
425889,0
425890,0
425891,0
425892,0
425893,0
425894,0
425895,0
425896,0
425897,0
425898,0
425899,0
425900,0
425901,0
425902,0
425903,0
425904,0
425905,0
425906,0
425907,0
425908,0
425909,0
425910,0
425911,0
425912,0
425913,0
425914,0
425915,0
425916,0
425917,0
425918,0
425919,0
425920,0
425921,0
425922,0
425923,0
425924,0
425925,0
425926,0
425927,0
425928,0
425929,0
425930,0
425931,0
425932,0
425933,0
425934,0
425935,0
425936,0
425937,0
425938,0
425939,0
425940,0
425941,0
425942,0
425943,0
425944,0
425945,0
425946,0
425947,0
425948,0
425949,0
425950,0
425951,0
425952,0
425953,0
425954,0
425955,0
425956,0
425957,0
425958,0
425959,0
425960,0
425961,0
425962,0
425963,0
425964,0
425965,0
425966,0
425967,0
425968,0
425969,0
425970,0
425971,0
425972,0
425973,0
425974,0
425975,0
425976,0
425977,0
425978,0
425979,0
425980,0
425981,0
425982,0
425983,0
425984,0
425985,0
425986,0
425987,0
425988,0
425989,0
425990,0
425991,0
425992,0
425993,0
425994,0
425995,0
425996,0
425997,0
425998,0
425999,0
426000,0
426001,0
426002,0
426003,0
426004,0
426005,0
426006,0
426007,0
426008,0
426009,0
426010,0
426011,0
426012,0
426013,0
426014,0
426015,0
426016,0
426017,0
426018,0
426019,0
426020,0
426021,0
426022,0
426023,0
426024,0
426025,0
426026,0
426027,0
426028,0
426029,0
426030,0
426031,0
426032,0
426033,0
426034,0
426035,0
426036,0
426037,0
426038,0
426039,0
426040,0
426041,0
426042,0
426043,0
426044,0
426045,0
426046,0
426047,0
426048,0
426049,0
426050,0
426051,0
426052,0
426053,0
426054,0
426055,0
426056,0
426057,0
426058,0
426059,0
426060,0
426061,0
426062,0
426063,0
426064,0
426065,0
426066,0
426067,0
426068,0
426069,0
426070,0
426071,0
426072,0
426073,0
426074,0
426075,0
426076,0
426077,0
426078,0
426079,0
426080,0
426081,0
426082,0
426083,0
426084,0
426085,0
426086,0
426087,0
426088,0
426089,0
426090,0
426091,0
426092,0
426093,0
426094,0
426095,0
426096,0
426097,0
426098,0
426099,0
426100,0
426101,0
426102,0
426103,0
426104,0
426105,0
426106,0
426107,0
426108,0
426109,0
426110,0
426111,0
426112,0
426113,0
426114,0
426115,0
426116,0
426117,0
426118,0
426119,0
426120,0
426121,0
426122,0
426123,0
426124,0
426125,0
426126,0
426127,0
426128,0
426129,0
426130,0
426131,0
426132,0
426133,0
426134,0
426135,0
426136,0
426137,0
426138,0
426139,0
426140,0
426141,0
426142,0
426143,0
426144,0
426145,0
426146,0
426147,0
426148,0
426149,0
426150,0
426151,0
426152,0
426153,0
426154,0
426155,0
426156,0
426157,0
426158,0
426159,0
426160,0
426161,0
426162,0
426163,0
426164,0
426165,0
426166,0
426167,0
426168,0
426169,0
426170,0
426171,0
426172,0
426173,0
426174,0
426175,0
426176,0
426177,0
426178,0
426179,0
426180,0
426181,0
426182,0
426183,0
426184,0
426185,0
426186,0
426187,0
426188,0
426189,0
426190,0
426191,0
426192,0
426193,0
426194,0
426195,0
426196,0
426197,0
426198,0
426199,0
426200,0
426201,0
426202,0
426203,0
426204,0
426205,0
426206,0
426207,0
426208,0
426209,0
426210,0
426211,0
426212,0
426213,0
426214,0
426215,0
426216,0
426217,0
426218,0
426219,0
426220,0
426221,0
426222,0
426223,0
426224,0
426225,0
426226,0
426227,0
426228,0
426229,0
426230,0
426231,0
426232,0
426233,0
426234,0
426235,0
426236,0
426237,0
426238,0
426239,0
426240,0
426241,0
426242,0
426243,0
426244,0
426245,0
426246,0
426247,0
426248,0
426249,0
426250,0
426251,0
426252,0
426253,0
426254,0
426255,0
426256,0
426257,0
426258,0
426259,0
426260,0
426261,0
426262,0
426263,0
426264,0
426265,0
426266,0
426267,0
426268,0
426269,0
426270,0
426271,0
426272,0
426273,0
426274,0
426275,0
426276,0
426277,0
426278,0
426279,0
426280,0
426281,0
426282,0
426283,0
426284,0
426285,0
426286,0
426287,0
426288,0
426289,0
426290,0
426291,0
426292,0
426293,0
426294,0
426295,0
426296,0
426297,0
426298,0
426299,0
426300,0
426301,0
426302,0
426303,0
426304,0
426305,0
426306,0
426307,0
426308,0
426309,0
426310,0
426311,0
426312,0
426313,0
426314,0
426315,0
426316,0
426317,0
426318,0
426319,0
426320,0
426321,0
426322,0
426323,0
426324,0
426325,0
426326,0
426327,0
426328,0
426329,0
426330,0
426331,0
426332,0
426333,0
426334,0
426335,0
426336,0
426337,0
426338,0
426339,0
426340,0
426341,0
426342,0
426343,0
426344,0
426345,0
426346,0
426347,0
426348,0
426349,0
426350,0
426351,0
426352,0
426353,0
426354,0
426355,0
426356,0
426357,0
426358,0
426359,0
426360,0
426361,0
426362,0
426363,0
426364,0
426365,0
426366,0
426367,0
426368,0
426369,0
426370,0
426371,0
426372,0
426373,0
426374,0
426375,0
426376,0
426377,0
426378,0
426379,0
426380,0
426381,0
426382,0
426383,0
426384,0
426385,0
426386,0
426387,0
426388,0
426389,0
426390,0
426391,0
426392,0
426393,0
426394,0
426395,0
426396,0
426397,0
426398,0
426399,0
426400,0
426401,0
426402,0
426403,0
426404,0
426405,0
426406,0
426407,0
426408,0
426409,0
426410,0
426411,0
426412,0
426413,0
426414,0
426415,0
426416,0
426417,0
426418,0
426419,0
426420,0
426421,0
426422,0
426423,0
426424,0
426425,0
426426,0
426427,0
426428,0
426429,0
426430,0
426431,0
426432,0
426433,0
426434,0
426435,0
426436,0
426437,0
426438,0
426439,0
426440,0
426441,0
426442,0
426443,0
426444,0
426445,0
426446,0
426447,0
426448,0
426449,0
426450,0
426451,0
426452,0
426453,0
426454,0
426455,0
426456,0
426457,0
426458,0
426459,0
426460,0
426461,0
426462,0
426463,0
426464,0
426465,0
426466,0
426467,0
426468,0
426469,0
426470,0
426471,0
426472,0
426473,0
426474,0
426475,0
426476,0
426477,0
426478,0
426479,0
426480,0
426481,0
426482,0
426483,0
426484,0
426485,0
426486,0
426487,0
426488,0
426489,0
426490,0
426491,0
426492,0
426493,0
426494,0
426495,0
426496,0
426497,0
426498,0
426499,0
426500,0
426501,0
426502,0
426503,0
426504,0
426505,0
426506,0
426507,0
426508,0
426509,0
426510,0
426511,0
426512,0
426513,0
426514,0
426515,0
426516,0
426517,0
426518,0
426519,0
426520,0
426521,0
426522,0
426523,0
426524,0
426525,0
426526,0
426527,0
426528,0
426529,0
426530,0
426531,0
426532,0
426533,0
426534,0
426535,0
426536,0
426537,0
426538,0
426539,0
426540,0
426541,0
426542,0
426543,0
426544,0
426545,0
426546,0
426547,0
426548,0
426549,0
426550,0
426551,0
426552,0
426553,0
426554,0
426555,0
426556,0
426557,0
426558,0
426559,0
426560,0
426561,0
426562,0
426563,0
426564,0
426565,0
426566,0
426567,0
426568,0
426569,0
426570,0
426571,0
426572,0
426573,0
426574,0
426575,0
426576,0
426577,0
426578,0
426579,0
426580,0
426581,0
426582,0
426583,0
426584,0
426585,0
426586,0
426587,0
426588,0
426589,0
426590,0
426591,0
426592,0
426593,0
426594,0
426595,0
426596,0
426597,0
426598,0
426599,0
426600,0
426601,0
426602,0
426603,0
426604,0
426605,0
426606,0
426607,0
426608,0
426609,0
426610,0
426611,0
426612,0
426613,0
426614,0
426615,0
426616,0
426617,0
426618,0
426619,0
426620,0
426621,0
426622,0
426623,0
426624,0
426625,0
426626,0
426627,0
426628,0
426629,0
426630,0
426631,0
426632,0
426633,0
426634,0
426635,0
426636,0
426637,0
426638,0
426639,0
426640,0
426641,0
426642,0
426643,0
426644,0
426645,0
426646,0
426647,0
426648,0
426649,0
426650,0
426651,0
426652,0
426653,0
426654,0
426655,0
426656,0
426657,0
426658,0
426659,0
426660,0
426661,0
426662,0
426663,0
426664,0
426665,0
426666,0
426667,0
426668,0
426669,0
426670,0
426671,0
426672,0
426673,0
426674,0
426675,0
426676,0
426677,0
426678,0
426679,0
426680,0
426681,0
426682,0
426683,0
426684,0
426685,0
426686,0
426687,0
426688,0
426689,0
426690,0
426691,0
426692,0
426693,0
426694,0
426695,0
426696,0
426697,0
426698,0
426699,0
426700,0
426701,0
426702,0
426703,0
426704,0
426705,0
426706,0
426707,0
426708,0
426709,0
426710,0
426711,0
426712,0
426713,0
426714,0
426715,0
426716,0
426717,0
426718,0
426719,0
426720,0
426721,0
426722,0
426723,0
426724,0
426725,0
426726,0
426727,0
426728,0
426729,0
426730,0
426731,0
426732,0
426733,0
426734,0
426735,0
426736,0
426737,0
426738,0
426739,0
426740,0
426741,0
426742,0
426743,0
426744,0
426745,0
426746,0
426747,0
426748,0
426749,0
426750,0
426751,0
426752,0
426753,0
426754,0
426755,0
426756,0
426757,0
426758,0
426759,0
426760,0
426761,0
426762,0
426763,0
426764,0
426765,0
426766,0
426767,0
426768,0
426769,0
426770,0
426771,0
426772,0
426773,0
426774,0
426775,0
426776,0
426777,0
426778,0
426779,0
426780,0
426781,0
426782,0
426783,0
426784,0
426785,0
426786,0
426787,0
426788,0
426789,0
426790,0
426791,0
426792,0
426793,0
426794,0
426795,0
426796,0
426797,0
426798,0
426799,0
426800,0
426801,0
426802,0
426803,0
426804,0
426805,0
426806,0
426807,0
426808,0
426809,0
426810,0
426811,0
426812,0
426813,0
426814,0
426815,0
426816,0
426817,0
426818,0
426819,0
426820,0
426821,0
426822,0
426823,0
426824,0
426825,0
426826,0
426827,0
426828,0
426829,0
426830,0
426831,0
426832,0
426833,0
426834,0
426835,0
426836,0
426837,0
426838,0
426839,0
426840,0
426841,0
426842,0
426843,0
426844,0
426845,0
426846,0
426847,0
426848,0
426849,0
426850,0
426851,0
426852,0
426853,0
426854,0
426855,0
426856,0
426857,0
426858,0
426859,0
426860,0
426861,0
426862,0
426863,0
426864,0
426865,0
426866,0
426867,0
426868,0
426869,0
426870,0
426871,0
426872,0
426873,0
426874,0
426875,0
426876,0
426877,0
426878,0
426879,0
426880,0
426881,0
426882,0
426883,0
426884,0
426885,0
426886,0
426887,0
426888,0
426889,0
426890,0
426891,0
426892,0
426893,0
426894,0
426895,0
426896,0
426897,0
426898,0
426899,0
426900,0
426901,0
426902,0
426903,0
426904,0
426905,0
426906,0
426907,0
426908,0
426909,0
426910,0
426911,0
426912,0
426913,0
426914,0
426915,0
426916,0
426917,0
426918,0
426919,0
426920,0
426921,0
426922,0
426923,0
426924,0
426925,0
426926,0
426927,0
426928,0
426929,0
426930,0
426931,0
426932,0
426933,0
426934,0
426935,0
426936,0
426937,0
426938,0
426939,0
426940,0
426941,0
426942,0
426943,0
426944,0
426945,0
426946,0
426947,0
426948,0
426949,0
426950,0
426951,0
426952,0
426953,0
426954,0
426955,0
426956,0
426957,0
426958,0
426959,0
426960,0
426961,0
426962,0
426963,0
426964,0
426965,0
426966,0
426967,0
426968,0
426969,0
426970,0
426971,0
426972,0
426973,0
426974,0
426975,0
426976,0
426977,0
426978,0
426979,0
426980,0
426981,0
426982,0
426983,0
426984,0
426985,0
426986,0
426987,0
426988,0
426989,0
426990,0
426991,0
426992,0
426993,0
426994,0
426995,0
426996,0
426997,0
426998,0
426999,0
427000,0
427001,0
427002,0
427003,0
427004,0
427005,0
427006,0
427007,0
427008,0
427009,0
427010,0
427011,0
427012,0
427013,0
427014,0
427015,0
427016,0
427017,0
427018,0
427019,0
427020,0
427021,0
427022,0
427023,0
427024,0
427025,0
427026,0
427027,0
427028,0
427029,0
427030,0
427031,0
427032,0
427033,0
427034,0
427035,0
427036,0
427037,0
427038,0
427039,0
427040,0
427041,0
427042,0
427043,0
427044,0
427045,0
427046,0
427047,0
427048,0
427049,0
427050,0
427051,0
427052,0
427053,0
427054,0
427055,0
427056,0
427057,0
427058,0
427059,0
427060,0
427061,0
427062,0
427063,0
427064,0
427065,0
427066,0
427067,0
427068,0
427069,0
427070,0
427071,0
427072,0
427073,0
427074,0
427075,0
427076,0
427077,0
427078,0
427079,0
427080,0
427081,0
427082,0
427083,0
427084,0
427085,0
427086,0
427087,0
427088,0
427089,0
427090,0
427091,0
427092,0
427093,0
427094,0
427095,0
427096,0
427097,0
427098,0
427099,0
427100,0
427101,0
427102,0
427103,0
427104,0
427105,0
427106,0
427107,0
427108,0
427109,0
427110,0
427111,0
427112,0
427113,0
427114,0
427115,0
427116,0
427117,0
427118,0
427119,0
427120,0
427121,0
427122,0
427123,0
427124,0
427125,0
427126,0
427127,0
427128,0
427129,0
427130,0
427131,0
427132,0
427133,0
427134,0
427135,0
427136,0
427137,0
427138,0
427139,0
427140,0
427141,0
427142,0
427143,0
427144,0
427145,0
427146,0
427147,0
427148,0
427149,0
427150,0
427151,0
427152,0
427153,0
427154,0
427155,0
427156,0
427157,0
427158,0
427159,0
427160,0
427161,0
427162,0
427163,0
427164,0
427165,0
427166,0
427167,0
427168,0
427169,0
427170,0
427171,0
427172,0
427173,0
427174,0
427175,0
427176,0
427177,0
427178,0
427179,0
427180,0
427181,0
427182,0
427183,0
427184,0
427185,0
427186,0
427187,0
427188,0
427189,0
427190,0
427191,0
427192,0
427193,0
427194,0
427195,0
427196,0
427197,0
427198,0
427199,0
427200,0
427201,0
427202,0
427203,0
427204,0
427205,0
427206,0
427207,0
427208,0
427209,0
427210,0
427211,0
427212,0
427213,0
427214,0
427215,0
427216,0
427217,0
427218,0
427219,0
427220,0
427221,0
427222,0
427223,0
427224,0
427225,0
427226,0
427227,0
427228,0
427229,0
427230,0
427231,0
427232,0
427233,0
427234,0
427235,0
427236,0
427237,0
427238,0
427239,0
427240,0
427241,0
427242,0
427243,0
427244,0
427245,0
427246,0
427247,0
427248,0
427249,0
427250,0
427251,0
427252,0
427253,0
427254,0
427255,0
427256,0
427257,0
427258,0
427259,0
427260,0
427261,0
427262,0
427263,0
427264,0
427265,0
427266,0
427267,0
427268,0
427269,0
427270,0
427271,0
427272,0
427273,0
427274,0
427275,0
427276,0
427277,0
427278,0
427279,0
427280,0
427281,0
427282,0
427283,0
427284,0
427285,0
427286,0
427287,0
427288,0
427289,0
427290,0
427291,0
427292,0
427293,0
427294,0
427295,0
427296,0
427297,0
427298,0
427299,0
427300,0
427301,0
427302,0
427303,0
427304,0
427305,0
427306,0
427307,0
427308,0
427309,0
427310,0
427311,0
427312,0
427313,0
427314,0
427315,0
427316,0
427317,0
427318,0
427319,0
427320,0
427321,0
427322,0
427323,0
427324,0
427325,0
427326,0
427327,0
427328,0
427329,0
427330,0
427331,0
427332,0
427333,0
427334,0
427335,0
427336,0
427337,0
427338,0
427339,0
427340,0
427341,0
427342,0
427343,0
427344,0
427345,0
427346,0
427347,0
427348,0
427349,0
427350,0
427351,0
427352,0
427353,0
427354,0
427355,0
427356,0
427357,0
427358,0
427359,0
427360,0
427361,0
427362,0
427363,0
427364,0
427365,0
427366,0
427367,0
427368,0
427369,0
427370,0
427371,0
427372,0
427373,0
427374,0
427375,0
427376,0
427377,0
427378,0
427379,0
427380,0
427381,0
427382,0
427383,0
427384,0
427385,0
427386,0
427387,0
427388,0
427389,0
427390,0
427391,0
427392,0
427393,0
427394,0
427395,0
427396,0
427397,0
427398,0
427399,0
427400,0
427401,0
427402,0
427403,0
427404,0
427405,0
427406,0
427407,0
427408,0
427409,0
427410,0
427411,0
427412,0
427413,0
427414,0
427415,0
427416,0
427417,0
427418,0
427419,0
427420,0
427421,0
427422,0
427423,0
427424,0
427425,0
427426,0
427427,0
427428,0
427429,0
427430,0
427431,0
427432,0
427433,0
427434,0
427435,0
427436,0
427437,0
427438,0
427439,0
427440,0
427441,0
427442,0
427443,0
427444,0
427445,0
427446,0
427447,0
427448,0
427449,0
427450,0
427451,0
427452,0
427453,0
427454,0
427455,0
427456,0
427457,0
427458,0
427459,0
427460,0
427461,0
427462,0
427463,0
427464,0
427465,0
427466,0
427467,0
427468,0
427469,0
427470,0
427471,0
427472,0
427473,0
427474,0
427475,0
427476,0
427477,0
427478,0
427479,0
427480,0
427481,0
427482,0
427483,0
427484,0
427485,0
427486,0
427487,0
427488,0
427489,0
427490,0
427491,0
427492,0
427493,0
427494,0
427495,0
427496,0
427497,0
427498,0
427499,0
427500,0
427501,0
427502,0
427503,0
427504,0
427505,0
427506,0
427507,0
427508,0
427509,0
427510,0
427511,0
427512,0
427513,0
427514,0
427515,0
427516,0
427517,0
427518,0
427519,0
427520,0
427521,0
427522,0
427523,0
427524,0
427525,0
427526,0
427527,0
427528,0
427529,0
427530,0
427531,0
427532,0
427533,0
427534,0
427535,0
427536,0
427537,0
427538,0
427539,0
427540,0
427541,0
427542,0
427543,0
427544,0
427545,0
427546,0
427547,0
427548,0
427549,0
427550,0
427551,0
427552,0
427553,0
427554,0
427555,0
427556,0
427557,0
427558,0
427559,0
427560,0
427561,0
427562,0
427563,0
427564,0
427565,0
427566,0
427567,0
427568,0
427569,0
427570,0
427571,0
427572,0
427573,0
427574,0
427575,0
427576,0
427577,0
427578,0
427579,0
427580,0
427581,0
427582,0
427583,0
427584,0
427585,0
427586,0
427587,0
427588,0
427589,0
427590,0
427591,0
427592,0
427593,0
427594,0
427595,0
427596,0
427597,0
427598,0
427599,0
427600,0
427601,0
427602,0
427603,0
427604,0
427605,0
427606,0
427607,0
427608,0
427609,0
427610,0
427611,0
427612,0
427613,0
427614,0
427615,0
427616,0
427617,0
427618,0
427619,0
427620,0
427621,0
427622,0
427623,0
427624,0
427625,0
427626,0
427627,0
427628,0
427629,0
427630,0
427631,0
427632,0
427633,0
427634,0
427635,0
427636,0
427637,0
427638,0
427639,0
427640,0
427641,0
427642,0
427643,0
427644,0
427645,0
427646,0
427647,0
427648,0
427649,0
427650,0
427651,0
427652,0
427653,0
427654,0
427655,0
427656,0
427657,0
427658,0
427659,0
427660,0
427661,0
427662,0
427663,0
427664,0
427665,0
427666,0
427667,0
427668,0
427669,0
427670,0
427671,0
427672,0
427673,0
427674,0
427675,0
427676,0
427677,0
427678,0
427679,0
427680,0
427681,0
427682,0
427683,0
427684,0
427685,0
427686,0
427687,0
427688,0
427689,0
427690,0
427691,0
427692,0
427693,0
427694,0
427695,0
427696,0
427697,0
427698,0
427699,0
427700,0
427701,0
427702,0
427703,0
427704,0
427705,0
427706,0
427707,0
427708,0
427709,0
427710,0
427711,0
427712,0
427713,0
427714,0
427715,0
427716,0
427717,0
427718,0
427719,0
427720,0
427721,0
427722,0
427723,0
427724,0
427725,0
427726,0
427727,0
427728,0
427729,0
427730,0
427731,0
427732,0
427733,0
427734,0
427735,0
427736,0
427737,0
427738,0
427739,0
427740,0
427741,0
427742,0
427743,0
427744,0
427745,0
427746,0
427747,0
427748,0
427749,0
427750,0
427751,0
427752,0
427753,0
427754,0
427755,0
427756,0
427757,0
427758,0
427759,0
427760,0
427761,0
427762,0
427763,0
427764,0
427765,0
427766,0
427767,0
427768,0
427769,0
427770,0
427771,0
427772,0
427773,0
427774,0
427775,0
427776,0
427777,0
427778,0
427779,0
427780,0
427781,0
427782,0
427783,0
427784,0
427785,0
427786,0
427787,0
427788,0
427789,0
427790,0
427791,0
427792,0
427793,0
427794,0
427795,0
427796,0
427797,0
427798,0
427799,0
427800,0
427801,0
427802,0
427803,0
427804,0
427805,0
427806,0
427807,0
427808,0
427809,0
427810,0
427811,0
427812,0
427813,0
427814,0
427815,0
427816,0
427817,0
427818,0
427819,0
427820,0
427821,0
427822,0
427823,0
427824,0
427825,0
427826,0
427827,0
427828,0
427829,0
427830,0
427831,0
427832,0
427833,0
427834,0
427835,0
427836,0
427837,0
427838,0
427839,0
427840,0
427841,0
427842,0
427843,0
427844,0
427845,0
427846,0
427847,0
427848,0
427849,0
427850,0
427851,0
427852,0
427853,0
427854,0
427855,0
427856,0
427857,0
427858,0
427859,0
427860,0
427861,0
427862,0
427863,0
427864,0
427865,0
427866,0
427867,0
427868,0
427869,0
427870,0
427871,0
427872,0
427873,0
427874,0
427875,0
427876,0
427877,0
427878,0
427879,0
427880,0
427881,0
427882,0
427883,0
427884,0
427885,0
427886,0
427887,0
427888,0
427889,0
427890,0
427891,0
427892,0
427893,0
427894,0
427895,0
427896,0
427897,0
427898,0
427899,0
427900,0
427901,0
427902,0
427903,0
427904,0
427905,0
427906,0
427907,0
427908,0
427909,0
427910,0
427911,0
427912,0
427913,0
427914,0
427915,0
427916,0
427917,0
427918,0
427919,0
427920,0
427921,0
427922,0
427923,0
427924,0
427925,0
427926,0
427927,0
427928,0
427929,0
427930,0
427931,0
427932,0
427933,0
427934,0
427935,0
427936,0
427937,0
427938,0
427939,0
427940,0
427941,0
427942,0
427943,0
427944,0
427945,0
427946,0
427947,0
427948,0
427949,0
427950,0
427951,0
427952,0
427953,0
427954,0
427955,0
427956,0
427957,0
427958,0
427959,0
427960,0
427961,0
427962,0
427963,0
427964,0
427965,0
427966,0
427967,0
427968,0
427969,0
427970,0
427971,0
427972,0
427973,0
427974,0
427975,0
427976,0
427977,0
427978,0
427979,0
427980,0
427981,0
427982,0
427983,0
427984,0
427985,0
427986,0
427987,0
427988,0
427989,0
427990,0
427991,0
427992,0
427993,0
427994,0
427995,0
427996,0
427997,0
427998,0
427999,0
428000,0
428001,0
428002,0
428003,0
428004,0
428005,0
428006,0
428007,0
428008,0
428009,0
428010,0
428011,0
428012,0
428013,0
428014,0
428015,0
428016,0
428017,0
428018,0
428019,0
428020,0
428021,0
428022,0
428023,0
428024,0
428025,0
428026,0
428027,0
428028,0
428029,0
428030,0
428031,0
428032,0
428033,0
428034,0
428035,0
428036,0
428037,0
428038,0
428039,0
428040,0
428041,0
428042,0
428043,0
428044,0
428045,0
428046,0
428047,0
428048,0
428049,0
428050,0
428051,0
428052,0
428053,0
428054,0
428055,0
428056,0
428057,0
428058,0
428059,0
428060,0
428061,0
428062,0
428063,0
428064,0
428065,0
428066,0
428067,0
428068,0
428069,0
428070,0
428071,0
428072,0
428073,0
428074,0
428075,0
428076,0
428077,0
428078,0
428079,0
428080,0
428081,0
428082,0
428083,0
428084,0
428085,0
428086,0
428087,0
428088,0
428089,0
428090,0
428091,0
428092,0
428093,0
428094,0
428095,0
428096,0
428097,0
428098,0
428099,0
428100,0
428101,0
428102,0
428103,0
428104,0
428105,0
428106,0
428107,0
428108,0
428109,0
428110,0
428111,0
428112,0
428113,0
428114,0
428115,0
428116,0
428117,0
428118,0
428119,0
428120,0
428121,0
428122,0
428123,0
428124,0
428125,0
428126,0
428127,0
428128,0
428129,0
428130,0
428131,0
428132,0
428133,0
428134,0
428135,0
428136,0
428137,0
428138,0
428139,0
428140,0
428141,0
428142,0
428143,0
428144,0
428145,0
428146,0
428147,0
428148,0
428149,0
428150,0
428151,0
428152,0
428153,0
428154,0
428155,0
428156,0
428157,0
428158,0
428159,0
428160,0
428161,0
428162,0
428163,0
428164,0
428165,0
428166,0
428167,0
428168,0
428169,0
428170,0
428171,0
428172,0
428173,0
428174,0
428175,0
428176,0
428177,0
428178,0
428179,0
428180,0
428181,0
428182,0
428183,0
428184,0
428185,0
428186,0
428187,0
428188,0
428189,0
428190,0
428191,0
428192,0
428193,0
428194,0
428195,0
428196,0
428197,0
428198,0
428199,0
428200,0
428201,0
428202,0
428203,0
428204,0
428205,0
428206,0
428207,0
428208,0
428209,0
428210,0
428211,0
428212,0
428213,0
428214,0
428215,0
428216,0
428217,0
428218,0
428219,0
428220,0
428221,0
428222,0
428223,0
428224,0
428225,0
428226,0
428227,0
428228,0
428229,0
428230,0
428231,0
428232,0
428233,0
428234,0
428235,0
428236,0
428237,0
428238,0
428239,0
428240,0
428241,0
428242,0
428243,0
428244,0
428245,0
428246,0
428247,0
428248,0
428249,0
428250,0
428251,0
428252,0
428253,0
428254,0
428255,0
428256,0
428257,0
428258,0
428259,0
428260,0
428261,0
428262,0
428263,0
428264,0
428265,0
428266,0
428267,0
428268,0
428269,0
428270,0
428271,0
428272,0
428273,0
428274,0
428275,0
428276,0
428277,0
428278,0
428279,0
428280,0
428281,0
428282,0
428283,0
428284,0
428285,0
428286,0
428287,0
428288,0
428289,0
428290,0
428291,0
428292,0
428293,0
428294,0
428295,0
428296,0
428297,0
428298,0
428299,0
428300,0
428301,0
428302,0
428303,0
428304,0
428305,0
428306,0
428307,0
428308,0
428309,0
428310,0
428311,0
428312,0
428313,0
428314,0
428315,0
428316,0
428317,0
428318,0
428319,0
428320,0
428321,0
428322,0
428323,0
428324,0
428325,0
428326,0
428327,0
428328,0
428329,0
428330,0
428331,0
428332,0
428333,0
428334,0
428335,0
428336,0
428337,0
428338,0
428339,0
428340,0
428341,0
428342,0
428343,0
428344,0
428345,0
428346,0
428347,0
428348,0
428349,0
428350,0
428351,0
428352,0
428353,0
428354,0
428355,0
428356,0
428357,0
428358,0
428359,0
428360,0
428361,0
428362,0
428363,0
428364,0
428365,0
428366,0
428367,0
428368,0
428369,0
428370,0
428371,0
428372,0
428373,0
428374,0
428375,0
428376,0
428377,0
428378,0
428379,0
428380,0
428381,0
428382,0
428383,0
428384,0
428385,0
428386,0
428387,0
428388,0
428389,0
428390,0
428391,0
428392,0
428393,0
428394,0
428395,0
428396,0
428397,0
428398,0
428399,0
428400,0
428401,0
428402,0
428403,0
428404,0
428405,0
428406,0
428407,0
428408,0
428409,0
428410,0
428411,0
428412,0
428413,0
428414,0
428415,0
428416,0
428417,0
428418,0
428419,0
428420,0
428421,0
428422,0
428423,0
428424,0
428425,0
428426,0
428427,0
428428,0
428429,0
428430,0
428431,0
428432,0
428433,0
428434,0
428435,0
428436,0
428437,0
428438,0
428439,0
428440,0
428441,0
428442,0
428443,0
428444,0
428445,0
428446,0
428447,0
428448,0
428449,0
428450,0
428451,0
428452,0
428453,0
428454,0
428455,0
428456,0
428457,0
428458,0
428459,0
428460,0
428461,0
428462,0
428463,0
428464,0
428465,0
428466,0
428467,0
428468,0
428469,0
428470,0
428471,0
428472,0
428473,0
428474,0
428475,0
428476,0
428477,0
428478,0
428479,0
428480,0
428481,0
428482,0
428483,0
428484,0
428485,0
428486,0
428487,0
428488,0
428489,0
428490,0
428491,0
428492,0
428493,0
428494,0
428495,0
428496,0
428497,0
428498,0
428499,0
428500,0
428501,0
428502,0
428503,0
428504,0
428505,0
428506,0
428507,0
428508,0
428509,0
428510,0
428511,0
428512,0
428513,0
428514,0
428515,0
428516,0
428517,0
428518,0
428519,0
428520,0
428521,0
428522,0
428523,0
428524,0
428525,0
428526,0
428527,0
428528,0
428529,0
428530,0
428531,0
428532,0
428533,0
428534,0
428535,0
428536,0
428537,0
428538,0
428539,0
428540,0
428541,0
428542,0
428543,0
428544,0
428545,0
428546,0
428547,0
428548,0
428549,0
428550,0
428551,0
428552,0
428553,0
428554,0
428555,0
428556,0
428557,0
428558,0
428559,0
428560,0
428561,0
428562,0
428563,0
428564,0
428565,0
428566,0
428567,0
428568,0
428569,0
428570,0
428571,0
428572,0
428573,0
428574,0
428575,0
428576,0
428577,0
428578,0
428579,0
428580,0
428581,0
428582,0
428583,0
428584,0
428585,0
428586,0
428587,0
428588,0
428589,0
428590,0
428591,0
428592,0
428593,0
428594,0
428595,0
428596,0
428597,0
428598,0
428599,0
428600,0
428601,0
428602,0
428603,0
428604,0
428605,0
428606,0
428607,0
428608,0
428609,0
428610,0
428611,0
428612,0
428613,0
428614,0
428615,0
428616,0
428617,0
428618,0
428619,0
428620,0
428621,0
428622,0
428623,0
428624,0
428625,0
428626,0
428627,0
428628,0
428629,0
428630,0
428631,0
428632,0
428633,0
428634,0
428635,0
428636,0
428637,0
428638,0
428639,0
428640,0
428641,0
428642,0
428643,0
428644,0
428645,0
428646,0
428647,0
428648,0
428649,0
428650,0
428651,0
428652,0
428653,0
428654,0
428655,0
428656,0
428657,0
428658,0
428659,0
428660,0
428661,0
428662,0
428663,0
428664,0
428665,0
428666,0
428667,0
428668,0
428669,0
428670,0
428671,0
428672,0
428673,0
428674,0
428675,0
428676,0
428677,0
428678,0
428679,0
428680,0
428681,0
428682,0
428683,0
428684,0
428685,0
428686,0
428687,0
428688,0
428689,0
428690,0
428691,0
428692,0
428693,0
428694,0
428695,0
428696,0
428697,0
428698,0
428699,0
428700,0
428701,0
428702,0
428703,0
428704,0
428705,0
428706,0
428707,0
428708,0
428709,0
428710,0
428711,0
428712,0
428713,0
428714,0
428715,0
428716,0
428717,0
428718,0
428719,0
428720,0
428721,0
428722,0
428723,0
428724,0
428725,0
428726,0
428727,0
428728,0
428729,0
428730,0
428731,0
428732,0
428733,0
428734,0
428735,0
428736,0
428737,0
428738,0
428739,0
428740,0
428741,0
428742,0
428743,0
428744,0
428745,0
428746,0
428747,0
428748,0
428749,0
428750,0
428751,0
428752,0
428753,0
428754,0
428755,0
428756,0
428757,0
428758,0
428759,0
428760,0
428761,0
428762,0
428763,0
428764,0
428765,0
428766,0
428767,0
428768,0
428769,0
428770,0
428771,0
428772,0
428773,0
428774,0
428775,0
428776,0
428777,0
428778,0
428779,0
428780,0
428781,0
428782,0
428783,0
428784,0
428785,0
428786,0
428787,0
428788,0
428789,0
428790,0
428791,0
428792,0
428793,0
428794,0
428795,0
428796,0
428797,0
428798,0
428799,0
428800,0
428801,0
428802,0
428803,0
428804,0
428805,0
428806,0
428807,0
428808,0
428809,0
428810,0
428811,0
428812,0
428813,0
428814,0
428815,0
428816,0
428817,0
428818,0
428819,0
428820,0
428821,0
428822,0
428823,0
428824,0
428825,0
428826,0
428827,0
428828,0
428829,0
428830,0
428831,0
428832,0
428833,0
428834,0
428835,0
428836,0
428837,0
428838,0
428839,0
428840,0
428841,0
428842,0
428843,0
428844,0
428845,0
428846,0
428847,0
428848,0
428849,0
428850,0
428851,0
428852,0
428853,0
428854,0
428855,0
428856,0
428857,0
428858,0
428859,0
428860,0
428861,0
428862,0
428863,0
428864,0
428865,0
428866,0
428867,0
428868,0
428869,0
428870,0
428871,0
428872,0
428873,0
428874,0
428875,0
428876,0
428877,0
428878,0
428879,0
428880,0
428881,0
428882,0
428883,0
428884,0
428885,0
428886,0
428887,0
428888,0
428889,0
428890,0
428891,0
428892,0
428893,0
428894,0
428895,0
428896,0
428897,0
428898,0
428899,0
428900,0
428901,0
428902,0
428903,0
428904,0
428905,0
428906,0
428907,0
428908,0
428909,0
428910,0
428911,0
428912,0
428913,0
428914,0
428915,0
428916,0
428917,0
428918,0
428919,0
428920,0
428921,0
428922,0
428923,0
428924,0
428925,0
428926,0
428927,0
428928,0
428929,0
428930,0
428931,0
428932,0
428933,0
428934,0
428935,0
428936,0
428937,0
428938,0
428939,0
428940,0
428941,0
428942,0
428943,0
428944,0
428945,0
428946,0
428947,0
428948,0
428949,0
428950,0
428951,0
428952,0
428953,0
428954,0
428955,0
428956,0
428957,0
428958,0
428959,0
428960,0
428961,0
428962,0
428963,0
428964,0
428965,0
428966,0
428967,0
428968,0
428969,0
428970,0
428971,0
428972,0
428973,0
428974,0
428975,0
428976,0
428977,0
428978,0
428979,0
428980,0
428981,0
428982,0
428983,0
428984,0
428985,0
428986,0
428987,0
428988,0
428989,0
428990,0
428991,0
428992,0
428993,0
428994,0
428995,0
428996,0
428997,0
428998,0
428999,0
429000,0
429001,0
429002,0
429003,0
429004,0
429005,0
429006,0
429007,0
429008,0
429009,0
429010,0
429011,0
429012,0
429013,0
429014,0
429015,0
429016,0
429017,0
429018,0
429019,0
429020,0
429021,0
429022,0
429023,0
429024,0
429025,0
429026,0
429027,0
429028,0
429029,0
429030,0
429031,0
429032,0
429033,0
429034,0
429035,0
429036,0
429037,0
429038,0
429039,0
429040,0
429041,0
429042,0
429043,0
429044,0
429045,0
429046,0
429047,0
429048,0
429049,0
429050,0
429051,0
429052,0
429053,0
429054,0
429055,0
429056,0
429057,0
429058,0
429059,0
429060,0
429061,0
429062,0
429063,0
429064,0
429065,0
429066,0
429067,0
429068,0
429069,0
429070,0
429071,0
429072,0
429073,0
429074,0
429075,0
429076,0
429077,0
429078,0
429079,0
429080,0
429081,0
429082,0
429083,0
429084,0
429085,0
429086,0
429087,0
429088,0
429089,0
429090,0
429091,0
429092,0
429093,0
429094,0
429095,0
429096,0
429097,0
429098,0
429099,0
429100,0
429101,0
429102,0
429103,0
429104,0
429105,0
429106,0
429107,0
429108,0
429109,0
429110,0
429111,0
429112,0
429113,0
429114,0
429115,0
429116,0
429117,0
429118,0
429119,0
429120,0
429121,0
429122,0
429123,0
429124,0
429125,0
429126,0
429127,0
429128,0
429129,0
429130,0
429131,0
429132,0
429133,0
429134,0
429135,0
429136,0
429137,0
429138,0
429139,0
429140,0
429141,0
429142,0
429143,0
429144,0
429145,0
429146,0
429147,0
429148,0
429149,0
429150,0
429151,0
429152,0
429153,0
429154,0
429155,0
429156,0
429157,0
429158,0
429159,0
429160,0
429161,0
429162,0
429163,0
429164,0
429165,0
429166,0
429167,0
429168,0
429169,0
429170,0
429171,0
429172,0
429173,0
429174,0
429175,0
429176,0
429177,0
429178,0
429179,0
429180,0
429181,0
429182,0
429183,0
429184,0
429185,0
429186,0
429187,0
429188,0
429189,0
429190,0
429191,0
429192,0
429193,0
429194,0
429195,0
429196,0
429197,0
429198,0
429199,0
429200,0
429201,0
429202,0
429203,0
429204,0
429205,0
429206,0
429207,0
429208,0
429209,0
429210,0
429211,0
429212,0
429213,0
429214,0
429215,0
429216,0
429217,0
429218,0
429219,0
429220,0
429221,0
429222,0
429223,0
429224,0
429225,0
429226,0
429227,0
429228,0
429229,0
429230,0
429231,0
429232,0
429233,0
429234,0
429235,0
429236,0
429237,0
429238,0
429239,0
429240,0
429241,0
429242,0
429243,0
429244,0
429245,0
429246,0
429247,0
429248,0
429249,0
429250,0
429251,0
429252,0
429253,0
429254,0
429255,0
429256,0
429257,0
429258,0
429259,0
429260,0
429261,0
429262,0
429263,0
429264,0
429265,0
429266,0
429267,0
429268,0
429269,0
429270,0
429271,0
429272,0
429273,0
429274,0
429275,0
429276,0
429277,0
429278,0
429279,0
429280,0
429281,0
429282,0
429283,0
429284,0
429285,0
429286,0
429287,0
429288,0
429289,0
429290,0
429291,0
429292,0
429293,0
429294,0
429295,0
429296,0
429297,0
429298,0
429299,0
429300,0
429301,0
429302,0
429303,0
429304,0
429305,0
429306,0
429307,0
429308,0
429309,0
429310,0
429311,0
429312,0
429313,0
429314,0
429315,0
429316,0
429317,0
429318,0
429319,0
429320,0
429321,0
429322,0
429323,0
429324,0
429325,0
429326,0
429327,0
429328,0
429329,0
429330,0
429331,0
429332,0
429333,0
429334,0
429335,0
429336,0
429337,0
429338,0
429339,0
429340,0
429341,0
429342,0
429343,0
429344,0
429345,0
429346,0
429347,0
429348,0
429349,0
429350,0
429351,0
429352,0
429353,0
429354,0
429355,0
429356,0
429357,0
429358,0
429359,0
429360,0
429361,0
429362,0
429363,0
429364,0
429365,0
429366,0
429367,0
429368,0
429369,0
429370,0
429371,0
429372,0
429373,0
429374,0
429375,0
429376,0
429377,0
429378,0
429379,0
429380,0
429381,0
429382,0
429383,0
429384,0
429385,0
429386,0
429387,0
429388,0
429389,0
429390,0
429391,0
429392,0
429393,0
429394,0
429395,0
429396,0
429397,0
429398,0
429399,0
429400,0
429401,0
429402,0
429403,0
429404,0
429405,0
429406,0
429407,0
429408,0
429409,0
429410,0
429411,0
429412,0
429413,0
429414,0
429415,0
429416,0
429417,0
429418,0
429419,0
429420,0
429421,0
429422,0
429423,0
429424,0
429425,0
429426,0
429427,0
429428,0
429429,0
429430,0
429431,0
429432,0
429433,0
429434,0
429435,0
429436,0
429437,0
429438,0
429439,0
429440,0
429441,0
429442,0
429443,0
429444,0
429445,0
429446,0
429447,0
429448,0
429449,0
429450,0
429451,0
429452,0
429453,0
429454,0
429455,0
429456,0
429457,0
429458,0
429459,0
429460,0
429461,0
429462,0
429463,0
429464,0
429465,0
429466,0
429467,0
429468,0
429469,0
429470,0
429471,0
429472,0
429473,0
429474,0
429475,0
429476,0
429477,0
429478,0
429479,0
429480,0
429481,0
429482,0
429483,0
429484,0
429485,0
429486,0
429487,0
429488,0
429489,0
429490,0
429491,0
429492,0
429493,0
429494,0
429495,0
429496,0
429497,0
429498,0
429499,0
429500,0
429501,0
429502,0
429503,0
429504,0
429505,0
429506,0
429507,0
429508,0
429509,0
429510,0
429511,0
429512,0
429513,0
429514,0
429515,0
429516,0
429517,0
429518,0
429519,0
429520,0
429521,0
429522,0
429523,0
429524,0
429525,0
429526,0
429527,0
429528,0
429529,0
429530,0
429531,0
429532,0
429533,0
429534,0
429535,0
429536,0
429537,0
429538,0
429539,0
429540,0
429541,0
429542,0
429543,0
429544,0
429545,0
429546,0
429547,0
429548,0
429549,0
429550,0
429551,0
429552,0
429553,0
429554,0
429555,0
429556,0
429557,0
429558,0
429559,0
429560,0
429561,0
429562,0
429563,0
429564,0
429565,0
429566,0
429567,0
429568,0
429569,0
429570,0
429571,0
429572,0
429573,0
429574,0
429575,0
429576,0
429577,0
429578,0
429579,0
429580,0
429581,0
429582,0
429583,0
429584,0
429585,0
429586,0
429587,0
429588,0
429589,0
429590,0
429591,0
429592,0
429593,0
429594,0
429595,0
429596,0
429597,0
429598,0
429599,0
429600,0
429601,0
429602,0
429603,0
429604,0
429605,0
429606,0
429607,0
429608,0
429609,0
429610,0
429611,0
429612,0
429613,0
429614,0
429615,0
429616,0
429617,0
429618,0
429619,0
429620,0
429621,0
429622,0
429623,0
429624,0
429625,0
429626,0
429627,0
429628,0
429629,0
429630,0
429631,0
429632,0
429633,0
429634,0
429635,0
429636,0
429637,0
429638,0
429639,0
429640,0
429641,0
429642,0
429643,0
429644,0
429645,0
429646,0
429647,0
429648,0
429649,0
429650,0
429651,0
429652,0
429653,0
429654,0
429655,0
429656,0
429657,0
429658,0
429659,0
429660,0
429661,0
429662,0
429663,0
429664,0
429665,0
429666,0
429667,0
429668,0
429669,0
429670,0
429671,0
429672,0
429673,0
429674,0
429675,0
429676,0
429677,0
429678,0
429679,0
429680,0
429681,0
429682,0
429683,0
429684,0
429685,0
429686,0
429687,0
429688,0
429689,0
429690,0
429691,0
429692,0
429693,0
429694,0
429695,0
429696,0
429697,0
429698,0
429699,0
429700,0
429701,0
429702,0
429703,0
429704,0
429705,0
429706,0
429707,0
429708,0
429709,0
429710,0
429711,0
429712,0
429713,0
429714,0
429715,0
429716,0
429717,0
429718,0
429719,0
429720,0
429721,0
429722,0
429723,0
429724,0
429725,0
429726,0
429727,0
429728,0
429729,0
429730,0
429731,0
429732,0
429733,0
429734,0
429735,0
429736,0
429737,0
429738,0
429739,0
429740,0
429741,0
429742,0
429743,0
429744,0
429745,0
429746,0
429747,0
429748,0
429749,0
429750,0
429751,0
429752,0
429753,0
429754,0
429755,0
429756,0
429757,0
429758,0
429759,0
429760,0
429761,0
429762,0
429763,0
429764,0
429765,0
429766,0
429767,0
429768,0
429769,0
429770,0
429771,0
429772,0
429773,0
429774,0
429775,0
429776,0
429777,0
429778,0
429779,0
429780,0
429781,0
429782,0
429783,0
429784,0
429785,0
429786,0
429787,0
429788,0
429789,0
429790,0
429791,0
429792,0
429793,0
429794,0
429795,0
429796,0
429797,0
429798,0
429799,0
429800,0
429801,0
429802,0
429803,0
429804,0
429805,0
429806,0
429807,0
429808,0
429809,0
429810,0
429811,0
429812,0
429813,0
429814,0
429815,0
429816,0
429817,0
429818,0
429819,0
429820,0
429821,0
429822,0
429823,0
429824,0
429825,0
429826,0
429827,0
429828,0
429829,0
429830,0
429831,0
429832,0
429833,0
429834,0
429835,0
429836,0
429837,0
429838,0
429839,0
429840,0
429841,0
429842,0
429843,0
429844,0
429845,0
429846,0
429847,0
429848,0
429849,0
429850,0
429851,0
429852,0
429853,0
429854,0
429855,0
429856,0
429857,0
429858,0
429859,0
429860,0
429861,0
429862,0
429863,0
429864,0
429865,0
429866,0
429867,0
429868,0
429869,0
429870,0
429871,0
429872,0
429873,0
429874,0
429875,0
429876,0
429877,0
429878,0
429879,0
429880,0
429881,0
429882,0
429883,0
429884,0
429885,0
429886,0
429887,0
429888,0
429889,0
429890,0
429891,0
429892,0
429893,0
429894,0
429895,0
429896,0
429897,0
429898,0
429899,0
429900,0
429901,0
429902,0
429903,0
429904,0
429905,0
429906,0
429907,0
429908,0
429909,0
429910,0
429911,0
429912,0
429913,0
429914,0
429915,0
429916,0
429917,0
429918,0
429919,0
429920,0
429921,0
429922,0
429923,0
429924,0
429925,0
429926,0
429927,0
429928,0
429929,0
429930,0
429931,0
429932,0
429933,0
429934,0
429935,0
429936,0
429937,0
429938,0
429939,0
429940,0
429941,0
429942,0
429943,0
429944,0
429945,0
429946,0
429947,0
429948,0
429949,0
429950,0
429951,0
429952,0
429953,0
429954,0
429955,0
429956,0
429957,0
429958,0
429959,0
429960,0
429961,0
429962,0
429963,0
429964,0
429965,0
429966,0
429967,0
429968,0
429969,0
429970,0
429971,0
429972,0
429973,0
429974,0
429975,0
429976,0
429977,0
429978,0
429979,0
429980,0
429981,0
429982,0
429983,0
429984,0
429985,0
429986,0
429987,0
429988,0
429989,0
429990,0
429991,0
429992,0
429993,0
429994,0
429995,0
429996,0
429997,0
429998,0
429999,0
430000,0
430001,0
430002,0
430003,0
430004,0
430005,0
430006,0
430007,0
430008,0
430009,0
430010,0
430011,0
430012,0
430013,0
430014,0
430015,0
430016,0
430017,0
430018,0
430019,0
430020,0
430021,0
430022,0
430023,0
430024,0
430025,0
430026,0
430027,0
430028,0
430029,0
430030,0
430031,0
430032,0
430033,0
430034,0
430035,0
430036,0
430037,0
430038,0
430039,0
430040,0
430041,0
430042,0
430043,0
430044,0
430045,0
430046,0
430047,0
430048,0
430049,0
430050,0
430051,0
430052,0
430053,0
430054,0
430055,0
430056,0
430057,0
430058,0
430059,0
430060,0
430061,0
430062,0
430063,0
430064,0
430065,0
430066,0
430067,0
430068,0
430069,0
430070,0
430071,0
430072,0
430073,0
430074,0
430075,0
430076,0
430077,0
430078,0
430079,0
430080,0
430081,0
430082,0
430083,0
430084,0
430085,0
430086,0
430087,0
430088,0
430089,0
430090,0
430091,0
430092,0
430093,0
430094,0
430095,0
430096,0
430097,0
430098,0
430099,0
430100,0
430101,0
430102,0
430103,0
430104,0
430105,0
430106,0
430107,0
430108,0
430109,0
430110,0
430111,0
430112,0
430113,0
430114,0
430115,0
430116,0
430117,0
430118,0
430119,0
430120,0
430121,0
430122,0
430123,0
430124,0
430125,0
430126,0
430127,0
430128,0
430129,0
430130,0
430131,0
430132,0
430133,0
430134,0
430135,0
430136,0
430137,0
430138,0
430139,0
430140,0
430141,0
430142,0
430143,0
430144,0
430145,0
430146,0
430147,0
430148,0
430149,0
430150,0
430151,0
430152,0
430153,0
430154,0
430155,0
430156,0
430157,0
430158,0
430159,0
430160,0
430161,0
430162,0
430163,0
430164,0
430165,0
430166,0
430167,0
430168,0
430169,0
430170,0
430171,0
430172,0
430173,0
430174,0
430175,0
430176,0
430177,0
430178,0
430179,0
430180,0
430181,0
430182,0
430183,0
430184,0
430185,0
430186,0
430187,0
430188,0
430189,0
430190,0
430191,0
430192,0
430193,0
430194,0
430195,0
430196,0
430197,0
430198,0
430199,0
430200,0
430201,0
430202,0
430203,0
430204,0
430205,0
430206,0
430207,0
430208,0
430209,0
430210,0
430211,0
430212,0
430213,0
430214,0
430215,0
430216,0
430217,0
430218,0
430219,0
430220,0
430221,0
430222,0
430223,0
430224,0
430225,0
430226,0
430227,0
430228,0
430229,0
430230,0
430231,0
430232,0
430233,0
430234,0
430235,0
430236,0
430237,0
430238,0
430239,0
430240,0
430241,0
430242,0
430243,0
430244,0
430245,0
430246,0
430247,0
430248,0
430249,0
430250,0
430251,0
430252,0
430253,0
430254,0
430255,0
430256,0
430257,0
430258,0
430259,0
430260,0
430261,0
430262,0
430263,0
430264,0
430265,0
430266,0
430267,0
430268,0
430269,0
430270,0
430271,0
430272,0
430273,0
430274,0
430275,0
430276,0
430277,0
430278,0
430279,0
430280,0
430281,0
430282,0
430283,0
430284,0
430285,0
430286,0
430287,0
430288,0
430289,0
430290,0
430291,0
430292,0
430293,0
430294,0
430295,0
430296,0
430297,0
430298,0
430299,0
430300,0
430301,0
430302,0
430303,0
430304,0
430305,0
430306,0
430307,0
430308,0
430309,0
430310,0
430311,0
430312,0
430313,0
430314,0
430315,0
430316,0
430317,0
430318,0
430319,0
430320,0
430321,0
430322,0
430323,0
430324,0
430325,0
430326,0
430327,0
430328,0
430329,0
430330,0
430331,0
430332,0
430333,0
430334,0
430335,0
430336,0
430337,0
430338,0
430339,0
430340,0
430341,0
430342,0
430343,0
430344,0
430345,0
430346,0
430347,0
430348,0
430349,0
430350,0
430351,0
430352,0
430353,0
430354,0
430355,0
430356,0
430357,0
430358,0
430359,0
430360,0
430361,0
430362,0
430363,0
430364,0
430365,0
430366,0
430367,0
430368,0
430369,0
430370,0
430371,0
430372,0
430373,0
430374,0
430375,0
430376,0
430377,0
430378,0
430379,0
430380,0
430381,0
430382,0
430383,0
430384,0
430385,0
430386,0
430387,0
430388,0
430389,0
430390,0
430391,0
430392,0
430393,0
430394,0
430395,0
430396,0
430397,0
430398,0
430399,0
430400,0
430401,0
430402,0
430403,0
430404,0
430405,0
430406,0
430407,0
430408,0
430409,0
430410,0
430411,0
430412,0
430413,0
430414,0
430415,0
430416,0
430417,0
430418,0
430419,0
430420,0
430421,0
430422,0
430423,0
430424,0
430425,0
430426,0
430427,0
430428,0
430429,0
430430,0
430431,0
430432,0
430433,0
430434,0
430435,0
430436,0
430437,0
430438,0
430439,0
430440,0
430441,0
430442,0
430443,0
430444,0
430445,0
430446,0
430447,0
430448,0
430449,0
430450,0
430451,0
430452,0
430453,0
430454,0
430455,0
430456,0
430457,0
430458,0
430459,0
430460,0
430461,0
430462,0
430463,0
430464,0
430465,0
430466,0
430467,0
430468,0
430469,0
430470,0
430471,0
430472,0
430473,0
430474,0
430475,0
430476,0
430477,0
430478,0
430479,0
430480,0
430481,0
430482,0
430483,0
430484,0
430485,0
430486,0
430487,0
430488,0
430489,0
430490,0
430491,0
430492,0
430493,0
430494,0
430495,0
430496,0
430497,0
430498,0
430499,0
430500,0
430501,0
430502,0
430503,0
430504,0
430505,0
430506,0
430507,0
430508,0
430509,0
430510,0
430511,0
430512,0
430513,0
430514,0
430515,0
430516,0
430517,0
430518,0
430519,0
430520,0
430521,0
430522,0
430523,0
430524,0
430525,0
430526,0
430527,0
430528,0
430529,0
430530,0
430531,0
430532,0
430533,0
430534,0
430535,0
430536,0
430537,0
430538,0
430539,0
430540,0
430541,0
430542,0
430543,0
430544,0
430545,0
430546,0
430547,0
430548,0
430549,0
430550,0
430551,0
430552,0
430553,0
430554,0
430555,0
430556,0
430557,0
430558,0
430559,0
430560,0
430561,0
430562,0
430563,0
430564,0
430565,0
430566,0
430567,0
430568,0
430569,0
430570,0
430571,0
430572,0
430573,0
430574,0
430575,0
430576,0
430577,0
430578,0
430579,0
430580,0
430581,0
430582,0
430583,0
430584,0
430585,0
430586,0
430587,0
430588,0
430589,0
430590,0
430591,0
430592,0
430593,0
430594,0
430595,0
430596,0
430597,0
430598,0
430599,0
430600,0
430601,0
430602,0
430603,0
430604,0
430605,0
430606,0
430607,0
430608,0
430609,0
430610,0
430611,0
430612,0
430613,0
430614,0
430615,0
430616,0
430617,0
430618,0
430619,0
430620,0
430621,0
430622,0
430623,0
430624,0
430625,0
430626,0
430627,0
430628,0
430629,0
430630,0
430631,0
430632,0
430633,0
430634,0
430635,0
430636,0
430637,0
430638,0
430639,0
430640,0
430641,0
430642,0
430643,0
430644,0
430645,0
430646,0
430647,0
430648,0
430649,0
430650,0
430651,0
430652,0
430653,0
430654,0
430655,0
430656,0
430657,0
430658,0
430659,0
430660,0
430661,0
430662,0
430663,0
430664,0
430665,0
430666,0
430667,0
430668,0
430669,0
430670,0
430671,0
430672,0
430673,0
430674,0
430675,0
430676,0
430677,0
430678,0
430679,0
430680,0
430681,0
430682,0
430683,0
430684,0
430685,0
430686,0
430687,0
430688,0
430689,0
430690,0
430691,0
430692,0
430693,0
430694,0
430695,0
430696,0
430697,0
430698,0
430699,0
430700,0
430701,0
430702,0
430703,0
430704,0
430705,0
430706,0
430707,0
430708,0
430709,0
430710,0
430711,0
430712,0
430713,0
430714,0
430715,0
430716,0
430717,0
430718,0
430719,0
430720,0
430721,0
430722,0
430723,0
430724,0
430725,0
430726,0
430727,0
430728,0
430729,0
430730,0
430731,0
430732,0
430733,0
430734,0
430735,0
430736,0
430737,0
430738,0
430739,0
430740,0
430741,0
430742,0
430743,0
430744,0
430745,0
430746,0
430747,0
430748,0
430749,0
430750,0
430751,0
430752,0
430753,0
430754,0
430755,0
430756,0
430757,0
430758,0
430759,0
430760,0
430761,0
430762,0
430763,0
430764,0
430765,0
430766,0
430767,0
430768,0
430769,0
430770,0
430771,0
430772,0
430773,0
430774,0
430775,0
430776,0
430777,0
430778,0
430779,0
430780,0
430781,0
430782,0
430783,0
430784,0
430785,0
430786,0
430787,0
430788,0
430789,0
430790,0
430791,0
430792,0
430793,0
430794,0
430795,0
430796,0
430797,0
430798,0
430799,0
430800,0
430801,0
430802,0
430803,0
430804,0
430805,0
430806,0
430807,0
430808,0
430809,0
430810,0
430811,0
430812,0
430813,0
430814,0
430815,0
430816,0
430817,0
430818,0
430819,0
430820,0
430821,0
430822,0
430823,0
430824,0
430825,0
430826,0
430827,0
430828,0
430829,0
430830,0
430831,0
430832,0
430833,0
430834,0
430835,0
430836,0
430837,0
430838,0
430839,0
430840,0
430841,0
430842,0
430843,0
430844,0
430845,0
430846,0
430847,0
430848,0
430849,0
430850,0
430851,0
430852,0
430853,0
430854,0
430855,0
430856,0
430857,0
430858,0
430859,0
430860,0
430861,0
430862,0
430863,0
430864,0
430865,0
430866,0
430867,0
430868,0
430869,0
430870,0
430871,0
430872,0
430873,0
430874,0
430875,0
430876,0
430877,0
430878,0
430879,0
430880,0
430881,0
430882,0
430883,0
430884,0
430885,0
430886,0
430887,0
430888,0
430889,0
430890,0
430891,0
430892,0
430893,0
430894,0
430895,0
430896,0
430897,0
430898,0
430899,0
430900,0
430901,0
430902,0
430903,0
430904,0
430905,0
430906,0
430907,0
430908,0
430909,0
430910,0
430911,0
430912,0
430913,0
430914,0
430915,0
430916,0
430917,0
430918,0
430919,0
430920,0
430921,0
430922,0
430923,0
430924,0
430925,0
430926,0
430927,0
430928,0
430929,0
430930,0
430931,0
430932,0
430933,0
430934,0
430935,0
430936,0
430937,0
430938,0
430939,0
430940,0
430941,0
430942,0
430943,0
430944,0
430945,0
430946,0
430947,0
430948,0
430949,0
430950,0
430951,0
430952,0
430953,0
430954,0
430955,0
430956,0
430957,0
430958,0
430959,0
430960,0
430961,0
430962,0
430963,0
430964,0
430965,0
430966,0
430967,0
430968,0
430969,0
430970,0
430971,0
430972,0
430973,0
430974,0
430975,0
430976,0
430977,0
430978,0
430979,0
430980,0
430981,0
430982,0
430983,0
430984,0
430985,0
430986,0
430987,0
430988,0
430989,0
430990,0
430991,0
430992,0
430993,0
430994,0
430995,0
430996,0
430997,0
430998,0
430999,0
431000,0
431001,0
431002,0
431003,0
431004,0
431005,0
431006,0
431007,0
431008,0
431009,0
431010,0
431011,0
431012,0
431013,0
431014,0
431015,0
431016,0
431017,0
431018,0
431019,0
431020,0
431021,0
431022,0
431023,0
431024,0
431025,0
431026,0
431027,0
431028,0
431029,0
431030,0
431031,0
431032,0
431033,0
431034,0
431035,0
431036,0
431037,0
431038,0
431039,0
431040,0
431041,0
431042,0
431043,0
431044,0
431045,0
431046,0
431047,0
431048,0
431049,0
431050,0
431051,0
431052,0
431053,0
431054,0
431055,0
431056,0
431057,0
431058,0
431059,0
431060,0
431061,0
431062,0
431063,0
431064,0
431065,0
431066,0
431067,0
431068,0
431069,0
431070,0
431071,0
431072,0
431073,0
431074,0
431075,0
431076,0
431077,0
431078,0
431079,0
431080,0
431081,0
431082,0
431083,0
431084,0
431085,0
431086,0
431087,0
431088,0
431089,0
431090,0
431091,0
431092,0
431093,0
431094,0
431095,0
431096,0
431097,0
431098,0
431099,0
431100,0
431101,0
431102,0
431103,0
431104,0
431105,0
431106,0
431107,0
431108,0
431109,0
431110,0
431111,0
431112,0
431113,0
431114,0
431115,0
431116,0
431117,0
431118,0
431119,0
431120,0
431121,0
431122,0
431123,0
431124,0
431125,0
431126,0
431127,0
431128,0
431129,0
431130,0
431131,0
431132,0
431133,0
431134,0
431135,0
431136,0
431137,0
431138,0
431139,0
431140,0
431141,0
431142,0
431143,0
431144,0
431145,0
431146,0
431147,0
431148,0
431149,0
431150,0
431151,0
431152,0
431153,0
431154,0
431155,0
431156,0
431157,0
431158,0
431159,0
431160,0
431161,0
431162,0
431163,0
431164,0
431165,0
431166,0
431167,0
431168,0
431169,0
431170,0
431171,0
431172,0
431173,0
431174,0
431175,0
431176,0
431177,0
431178,0
431179,0
431180,0
431181,0
431182,0
431183,0
431184,0
431185,0
431186,0
431187,0
431188,0
431189,0
431190,0
431191,0
431192,0
431193,0
431194,0
431195,0
431196,0
431197,0
431198,0
431199,0
431200,0
431201,0
431202,0
431203,0
431204,0
431205,0
431206,0
431207,0
431208,0
431209,0
431210,0
431211,0
431212,0
431213,0
431214,0
431215,0
431216,0
431217,0
431218,0
431219,0
431220,0
431221,0
431222,0
431223,0
431224,0
431225,0
431226,0
431227,0
431228,0
431229,0
431230,0
431231,0
431232,0
431233,0
431234,0
431235,0
431236,0
431237,0
431238,0
431239,0
431240,0
431241,0
431242,0
431243,0
431244,0
431245,0
431246,0
431247,0
431248,0
431249,0
431250,0
431251,0
431252,0
431253,0
431254,0
431255,0
431256,0
431257,0
431258,0
431259,0
431260,0
431261,0
431262,0
431263,0
431264,0
431265,0
431266,0
431267,0
431268,0
431269,0
431270,0
431271,0
431272,0
431273,0
431274,0
431275,0
431276,0
431277,0
431278,0
431279,0
431280,0
431281,0
431282,0
431283,0
431284,0
431285,0
431286,0
431287,0
431288,0
431289,0
431290,0
431291,0
431292,0
431293,0
431294,0
431295,0
431296,0
431297,0
431298,0
431299,0
431300,0
431301,0
431302,0
431303,0
431304,0
431305,0
431306,0
431307,0
431308,0
431309,0
431310,0
431311,0
431312,0
431313,0
431314,0
431315,0
431316,0
431317,0
431318,0
431319,0
431320,0
431321,0
431322,0
431323,0
431324,0
431325,0
431326,0
431327,0
431328,0
431329,0
431330,0
431331,0
431332,0
431333,0
431334,0
431335,0
431336,0
431337,0
431338,0
431339,0
431340,0
431341,0
431342,0
431343,0
431344,0
431345,0
431346,0
431347,0
431348,0
431349,0
431350,0
431351,0
431352,0
431353,0
431354,0
431355,0
431356,0
431357,0
431358,0
431359,0
431360,0
431361,0
431362,0
431363,0
431364,0
431365,0
431366,0
431367,0
431368,0
431369,0
431370,0
431371,0
431372,0
431373,0
431374,0
431375,0
431376,0
431377,0
431378,0
431379,0
431380,0
431381,0
431382,0
431383,0
431384,0
431385,0
431386,0
431387,0
431388,0
431389,0
431390,0
431391,0
431392,0
431393,0
431394,0
431395,0
431396,0
431397,0
431398,0
431399,0
431400,0
431401,0
431402,0
431403,0
431404,0
431405,0
431406,0
431407,0
431408,0
431409,0
431410,0
431411,0
431412,0
431413,0
431414,0
431415,0
431416,0
431417,0
431418,0
431419,0
431420,0
431421,0
431422,0
431423,0
431424,0
431425,0
431426,0
431427,0
431428,0
431429,0
431430,0
431431,0
431432,0
431433,0
431434,0
431435,0
431436,0
431437,0
431438,0
431439,0
431440,0
431441,0
431442,0
431443,0
431444,0
431445,0
431446,0
431447,0
431448,0
431449,0
431450,0
431451,0
431452,0
431453,0
431454,0
431455,0
431456,0
431457,0
431458,0
431459,0
431460,0
431461,0
431462,0
431463,0
431464,0
431465,0
431466,0
431467,0
431468,0
431469,0
431470,0
431471,0
431472,0
431473,0
431474,0
431475,0
431476,0
431477,0
431478,0
431479,0
431480,0
431481,0
431482,0
431483,0
431484,0
431485,0
431486,0
431487,0
431488,0
431489,0
431490,0
431491,0
431492,0
431493,0
431494,0
431495,0
431496,0
431497,0
431498,0
431499,0
431500,0
431501,0
431502,0
431503,0
431504,0
431505,0
431506,0
431507,0
431508,0
431509,0
431510,0
431511,0
431512,0
431513,0
431514,0
431515,0
431516,0
431517,0
431518,0
431519,0
431520,0
431521,0
431522,0
431523,0
431524,0
431525,0
431526,0
431527,0
431528,0
431529,0
431530,0
431531,0
431532,0
431533,0
431534,0
431535,0
431536,0
431537,0
431538,0
431539,0
431540,0
431541,0
431542,0
431543,0
431544,0
431545,0
431546,0
431547,0
431548,0
431549,0
431550,0
431551,0
431552,0
431553,0
431554,0
431555,0
431556,0
431557,0
431558,0
431559,0
431560,0
431561,0
431562,0
431563,0
431564,0
431565,0
431566,0
431567,0
431568,0
431569,0
431570,0
431571,0
431572,0
431573,0
431574,0
431575,0
431576,0
431577,0
431578,0
431579,0
431580,0
431581,0
431582,0
431583,0
431584,0
431585,0
431586,0
431587,0
431588,0
431589,0
431590,0
431591,0
431592,0
431593,0
431594,0
431595,0
431596,0
431597,0
431598,0
431599,0
431600,0
431601,0
431602,0
431603,0
431604,0
431605,0
431606,0
431607,0
431608,0
431609,0
431610,0
431611,0
431612,0
431613,0
431614,0
431615,0
431616,0
431617,0
431618,0
431619,0
431620,0
431621,0
431622,0
431623,0
431624,0
431625,0
431626,0
431627,0
431628,0
431629,0
431630,0
431631,0
431632,0
431633,0
431634,0
431635,0
431636,0
431637,0
431638,0
431639,0
431640,0
431641,0
431642,0
431643,0
431644,0
431645,0
431646,0
431647,0
431648,0
431649,0
431650,0
431651,0
431652,0
431653,0
431654,0
431655,0
431656,0
431657,0
431658,0
431659,0
431660,0
431661,0
431662,0
431663,0
431664,0
431665,0
431666,0
431667,0
431668,0
431669,0
431670,0
431671,0
431672,0
431673,0
431674,0
431675,0
431676,0
431677,0
431678,0
431679,0
431680,0
431681,0
431682,0
431683,0
431684,0
431685,0
431686,0
431687,0
431688,0
431689,0
431690,0
431691,0
431692,0
431693,0
431694,0
431695,0
431696,0
431697,0
431698,0
431699,0
431700,0
431701,0
431702,0
431703,0
431704,0
431705,0
431706,0
431707,0
431708,0
431709,0
431710,0
431711,0
431712,0
431713,0
431714,0
431715,0
431716,0
431717,0
431718,0
431719,0
431720,0
431721,0
431722,0
431723,0
431724,0
431725,0
431726,0
431727,0
431728,0
431729,0
431730,0
431731,0
431732,0
431733,0
431734,0
431735,0
431736,0
431737,0
431738,0
431739,0
431740,0
431741,0
431742,0
431743,0
431744,0
431745,0
431746,0
431747,0
431748,0
431749,0
431750,0
431751,0
431752,0
431753,0
431754,0
431755,0
431756,0
431757,0
431758,0
431759,0
431760,0
431761,0
431762,0
431763,0
431764,0
431765,0
431766,0
431767,0
431768,0
431769,0
431770,0
431771,0
431772,0
431773,0
431774,0
431775,0
431776,0
431777,0
431778,0
431779,0
431780,0
431781,0
431782,0
431783,0
431784,0
431785,0
431786,0
431787,0
431788,0
431789,0
431790,0
431791,0
431792,0
431793,0
431794,0
431795,0
431796,0
431797,0
431798,0
431799,0
431800,0
431801,0
431802,0
431803,0
431804,0
431805,0
431806,0
431807,0
431808,0
431809,0
431810,0
431811,0
431812,0
431813,0
431814,0
431815,0
431816,0
431817,0
431818,0
431819,0
431820,0
431821,0
431822,0
431823,0
431824,0
431825,0
431826,0
431827,0
431828,0
431829,0
431830,0
431831,0
431832,0
431833,0
431834,0
431835,0
431836,0
431837,0
431838,0
431839,0
431840,0
431841,0
431842,0
431843,0
431844,0
431845,0
431846,0
431847,0
431848,0
431849,0
431850,0
431851,0
431852,0
431853,0
431854,0
431855,0
431856,0
431857,0
431858,0
431859,0
431860,0
431861,0
431862,0
431863,0
431864,0
431865,0
431866,0
431867,0
431868,0
431869,0
431870,0
431871,0
431872,0
431873,0
431874,0
431875,0
431876,0
431877,0
431878,0
431879,0
431880,0
431881,0
431882,0
431883,0
431884,0
431885,0
431886,0
431887,0
431888,0
431889,0
431890,0
431891,0
431892,0
431893,0
431894,0
431895,0
431896,0
431897,0
431898,0
431899,0
431900,0
431901,0
431902,0
431903,0
431904,0
431905,0
431906,0
431907,0
431908,0
431909,0
431910,0
431911,0
431912,0
431913,0
431914,0
431915,0
431916,0
431917,0
431918,0
431919,0
431920,0
431921,0
431922,0
431923,0
431924,0
431925,0
431926,0
431927,0
431928,0
431929,0
431930,0
431931,0
431932,0
431933,0
431934,0
431935,0
431936,0
431937,0
431938,0
431939,0
431940,0
431941,0
431942,0
431943,0
431944,0
431945,0
431946,0
431947,0
431948,0
431949,0
431950,0
431951,0
431952,0
431953,0
431954,0
431955,0
431956,0
431957,0
431958,0
431959,0
431960,0
431961,0
431962,0
431963,0
431964,0
431965,0
431966,0
431967,0
431968,0
431969,0
431970,0
431971,0
431972,0
431973,0
431974,0
431975,0
431976,0
431977,0
431978,0
431979,0
431980,0
431981,0
431982,0
431983,0
431984,0
431985,0
431986,0
431987,0
431988,0
431989,0
431990,0
431991,0
431992,0
431993,0
431994,0
431995,0
431996,0
431997,0
431998,0
431999,0
432000,0
432001,0
432002,0
432003,0
432004,0
432005,0
432006,0
432007,0
432008,0
432009,0
432010,0
432011,0
432012,0
432013,0
432014,0
432015,0
432016,0
432017,0
432018,0
432019,0
432020,0
432021,0
432022,0
432023,0
432024,0
432025,0
432026,0
432027,0
432028,0
432029,0
432030,0
432031,0
432032,0
432033,0
432034,0
432035,0
432036,0
432037,0
432038,0
432039,0
432040,0
432041,0
432042,0
432043,0
432044,0
432045,0
432046,0
432047,0
432048,0
432049,0
432050,0
432051,0
432052,0
432053,0
432054,0
432055,0
432056,0
432057,0
432058,0
432059,0
432060,0
432061,0
432062,0
432063,0
432064,0
432065,0
432066,0
432067,0
432068,0
432069,0
432070,0
432071,0
432072,0
432073,0
432074,0
432075,0
432076,0
432077,0
432078,0
432079,0
432080,0
432081,0
432082,0
432083,0
432084,0
432085,0
432086,0
432087,0
432088,0
432089,0
432090,0
432091,0
432092,0
432093,0
432094,0
432095,0
432096,0
432097,0
432098,0
432099,0
432100,0
432101,0
432102,0
432103,0
432104,0
432105,0
432106,0
432107,0
432108,0
432109,0
432110,0
432111,0
432112,0
432113,0
432114,0
432115,0
432116,0
432117,0
432118,0
432119,0
432120,0
432121,0
432122,0
432123,0
432124,0
432125,0
432126,0
432127,0
432128,0
432129,0
432130,0
432131,0
432132,0
432133,0
432134,0
432135,0
432136,0
432137,0
432138,0
432139,0
432140,0
432141,0
432142,0
432143,0
432144,0
432145,0
432146,0
432147,0
432148,0
432149,0
432150,0
432151,0
432152,0
432153,0
432154,0
432155,0
432156,0
432157,0
432158,0
432159,0
432160,0
432161,0
432162,0
432163,0
432164,0
432165,0
432166,0
432167,0
432168,0
432169,0
432170,0
432171,0
432172,0
432173,0
432174,0
432175,0
432176,0
432177,0
432178,0
432179,0
432180,0
432181,0
432182,0
432183,0
432184,0
432185,0
432186,0
432187,0
432188,0
432189,0
432190,0
432191,0
432192,0
432193,0
432194,0
432195,0
432196,0
432197,0
432198,0
432199,0
432200,0
432201,0
432202,0
432203,0
432204,0
432205,0
432206,0
432207,0
432208,0
432209,0
432210,0
432211,0
432212,0
432213,0
432214,0
432215,0
432216,0
432217,0
432218,0
432219,0
432220,0
432221,0
432222,0
432223,0
432224,0
432225,0
432226,0
432227,0
432228,0
432229,0
432230,0
432231,0
432232,0
432233,0
432234,0
432235,0
432236,0
432237,0
432238,0
432239,0
432240,0
432241,0
432242,0
432243,0
432244,0
432245,0
432246,0
432247,0
432248,0
432249,0
432250,0
432251,0
432252,0
432253,0
432254,0
432255,0
432256,0
432257,0
432258,0
432259,0
432260,0
432261,0
432262,0
432263,0
432264,0
432265,0
432266,0
432267,0
432268,0
432269,0
432270,0
432271,0
432272,0
432273,0
432274,0
432275,0
432276,0
432277,0
432278,0
432279,0
432280,0
432281,0
432282,0
432283,0
432284,0
432285,0
432286,0
432287,0
432288,0
432289,0
432290,0
432291,0
432292,0
432293,0
432294,0
432295,0
432296,0
432297,0
432298,0
432299,0
432300,0
432301,0
432302,0
432303,0
432304,0
432305,0
432306,0
432307,0
432308,0
432309,0
432310,0
432311,0
432312,0
432313,0
432314,0
432315,0
432316,0
432317,0
432318,0
432319,0
432320,0
432321,0
432322,0
432323,0
432324,0
432325,0
432326,0
432327,0
432328,0
432329,0
432330,0
432331,0
432332,0
432333,0
432334,0
432335,0
432336,0
432337,0
432338,0
432339,0
432340,0
432341,0
432342,0
432343,0
432344,0
432345,0
432346,0
432347,0
432348,0
432349,0
432350,0
432351,0
432352,0
432353,0
432354,0
432355,0
432356,0
432357,0
432358,0
432359,0
432360,0
432361,0
432362,0
432363,0
432364,0
432365,0
432366,0
432367,0
432368,0
432369,0
432370,0
432371,0
432372,0
432373,0
432374,0
432375,0
432376,0
432377,0
432378,0
432379,0
432380,0
432381,0
432382,0
432383,0
432384,0
432385,0
432386,0
432387,0
432388,0
432389,0
432390,0
432391,0
432392,0
432393,0
432394,0
432395,0
432396,0
432397,0
432398,0
432399,0
432400,0
432401,0
432402,0
432403,0
432404,0
432405,0
432406,0
432407,0
432408,0
432409,0
432410,0
432411,0
432412,0
432413,0
432414,0
432415,0
432416,0
432417,0
432418,0
432419,0
432420,0
432421,0
432422,0
432423,0
432424,0
432425,0
432426,0
432427,0
432428,0
432429,0
432430,0
432431,0
432432,0
432433,0
432434,0
432435,0
432436,0
432437,0
432438,0
432439,0
432440,0
432441,0
432442,0
432443,0
432444,0
432445,0
432446,0
432447,0
432448,0
432449,0
432450,0
432451,0
432452,0
432453,0
432454,0
432455,0
432456,0
432457,0
432458,0
432459,0
432460,0
432461,0
432462,0
432463,0
432464,0
432465,0
432466,0
432467,0
432468,0
432469,0
432470,0
432471,0
432472,0
432473,0
432474,0
432475,0
432476,0
432477,0
432478,0
432479,0
432480,0
432481,0
432482,0
432483,0
432484,0
432485,0
432486,0
432487,0
432488,0
432489,0
432490,0
432491,0
432492,0
432493,0
432494,0
432495,0
432496,0
432497,0
432498,0
432499,0
432500,0
432501,0
432502,0
432503,0
432504,0
432505,0
432506,0
432507,0
432508,0
432509,0
432510,0
432511,0
432512,0
432513,0
432514,0
432515,0
432516,0
432517,0
432518,0
432519,0
432520,0
432521,0
432522,0
432523,0
432524,0
432525,0
432526,0
432527,0
432528,0
432529,0
432530,0
432531,0
432532,0
432533,0
432534,0
432535,0
432536,0
432537,0
432538,0
432539,0
432540,0
432541,0
432542,0
432543,0
432544,0
432545,0
432546,0
432547,0
432548,0
432549,0
432550,0
432551,0
432552,0
432553,0
432554,0
432555,0
432556,0
432557,0
432558,0
432559,0
432560,0
432561,0
432562,0
432563,0
432564,0
432565,0
432566,0
432567,0
432568,0
432569,0
432570,0
432571,0
432572,0
432573,0
432574,0
432575,0
432576,0
432577,0
432578,0
432579,0
432580,0
432581,0
432582,0
432583,0
432584,0
432585,0
432586,0
432587,0
432588,0
432589,0
432590,0
432591,0
432592,0
432593,0
432594,0
432595,0
432596,0
432597,0
432598,0
432599,0
432600,0
432601,0
432602,0
432603,0
432604,0
432605,0
432606,0
432607,0
432608,0
432609,0
432610,0
432611,0
432612,0
432613,0
432614,0
432615,0
432616,0
432617,0
432618,0
432619,0
432620,0
432621,0
432622,0
432623,0
432624,0
432625,0
432626,0
432627,0
432628,0
432629,0
432630,0
432631,0
432632,0
432633,0
432634,0
432635,0
432636,0
432637,0
432638,0
432639,0
432640,0
432641,0
432642,0
432643,0
432644,0
432645,0
432646,0
432647,0
432648,0
432649,0
432650,0
432651,0
432652,0
432653,0
432654,0
432655,0
432656,0
432657,0
432658,0
432659,0
432660,0
432661,0
432662,0
432663,0
432664,0
432665,0
432666,0
432667,0
432668,0
432669,0
432670,0
432671,0
432672,0
432673,0
432674,0
432675,0
432676,0
432677,0
432678,0
432679,0
432680,0
432681,0
432682,0
432683,0
432684,0
432685,0
432686,0
432687,0
432688,0
432689,0
432690,0
432691,0
432692,0
432693,0
432694,0
432695,0
432696,0
432697,0
432698,0
432699,0
432700,0
432701,0
432702,0
432703,0
432704,0
432705,0
432706,0
432707,0
432708,0
432709,0
432710,0
432711,0
432712,0
432713,0
432714,0
432715,0
432716,0
432717,0
432718,0
432719,0
432720,0
432721,0
432722,0
432723,0
432724,0
432725,0
432726,0
432727,0
432728,0
432729,0
432730,0
432731,0
432732,0
432733,0
432734,0
432735,0
432736,0
432737,0
432738,0
432739,0
432740,0
432741,0
432742,0
432743,0
432744,0
432745,0
432746,0
432747,0
432748,0
432749,0
432750,0
432751,0
432752,0
432753,0
432754,0
432755,0
432756,0
432757,0
432758,0
432759,0
432760,0
432761,0
432762,0
432763,0
432764,0
432765,0
432766,0
432767,0
432768,0
432769,0
432770,0
432771,0
432772,0
432773,0
432774,0
432775,0
432776,0
432777,0
432778,0
432779,0
432780,0
432781,0
432782,0
432783,0
432784,0
432785,0
432786,0
432787,0
432788,0
432789,0
432790,0
432791,0
432792,0
432793,0
432794,0
432795,0
432796,0
432797,0
432798,0
432799,0
432800,0
432801,0
432802,0
432803,0
432804,0
432805,0
432806,0
432807,0
432808,0
432809,0
432810,0
432811,0
432812,0
432813,0
432814,0
432815,0
432816,0
432817,0
432818,0
432819,0
432820,0
432821,0
432822,0
432823,0
432824,0
432825,0
432826,0
432827,0
432828,0
432829,0
432830,0
432831,0
432832,0
432833,0
432834,0
432835,0
432836,0
432837,0
432838,0
432839,0
432840,0
432841,0
432842,0
432843,0
432844,0
432845,0
432846,0
432847,0
432848,0
432849,0
432850,0
432851,0
432852,0
432853,0
432854,0
432855,0
432856,0
432857,0
432858,0
432859,0
432860,0
432861,0
432862,0
432863,0
432864,0
432865,0
432866,0
432867,0
432868,0
432869,0
432870,0
432871,0
432872,0
432873,0
432874,0
432875,0
432876,0
432877,0
432878,0
432879,0
432880,0
432881,0
432882,0
432883,0
432884,0
432885,0
432886,0
432887,0
432888,0
432889,0
432890,0
432891,0
432892,0
432893,0
432894,0
432895,0
432896,0
432897,0
432898,0
432899,0
432900,0
432901,0
432902,0
432903,0
432904,0
432905,0
432906,0
432907,0
432908,0
432909,0
432910,0
432911,0
432912,0
432913,0
432914,0
432915,0
432916,0
432917,0
432918,0
432919,0
432920,0
432921,0
432922,0
432923,0
432924,0
432925,0
432926,0
432927,0
432928,0
432929,0
432930,0
432931,0
432932,0
432933,0
432934,0
432935,0
432936,0
432937,0
432938,0
432939,0
432940,0
432941,0
432942,0
432943,0
432944,0
432945,0
432946,0
432947,0
432948,0
432949,0
432950,0
432951,0
432952,0
432953,0
432954,0
432955,0
432956,0
432957,0
432958,0
432959,0
432960,0
432961,0
432962,0
432963,0
432964,0
432965,0
432966,0
432967,0
432968,0
432969,0
432970,0
432971,0
432972,0
432973,0
432974,0
432975,0
432976,0
432977,0
432978,0
432979,0
432980,0
432981,0
432982,0
432983,0
432984,0
432985,0
432986,0
432987,0
432988,0
432989,0
432990,0
432991,0
432992,0
432993,0
432994,0
432995,0
432996,0
432997,0
432998,0
432999,0
433000,0
433001,0
433002,0
433003,0
433004,0
433005,0
433006,0
433007,0
433008,0
433009,0
433010,0
433011,0
433012,0
433013,0
433014,0
433015,0
433016,0
433017,0
433018,0
433019,0
433020,0
433021,0
433022,0
433023,0
433024,0
433025,0
433026,0
433027,0
433028,0
433029,0
433030,0
433031,0
433032,0
433033,0
433034,0
433035,0
433036,0
433037,0
433038,0
433039,0
433040,0
433041,0
433042,0
433043,0
433044,0
433045,0
433046,0
433047,0
433048,0
433049,0
433050,0
433051,0
433052,0
433053,0
433054,0
433055,0
433056,0
433057,0
433058,0
433059,0
433060,0
433061,0
433062,0
433063,0
433064,0
433065,0
433066,0
433067,0
433068,0
433069,0
433070,0
433071,0
433072,0
433073,0
433074,0
433075,0
433076,0
433077,0
433078,0
433079,0
433080,0
433081,0
433082,0
433083,0
433084,0
433085,0
433086,0
433087,0
433088,0
433089,0
433090,0
433091,0
433092,0
433093,0
433094,0
433095,0
433096,0
433097,0
433098,0
433099,0
433100,0
433101,0
433102,0
433103,0
433104,0
433105,0
433106,0
433107,0
433108,0
433109,0
433110,0
433111,0
433112,0
433113,0
433114,0
433115,0
433116,0
433117,0
433118,0
433119,0
433120,0
433121,0
433122,0
433123,0
433124,0
433125,0
433126,0
433127,0
433128,0
433129,0
433130,0
433131,0
433132,0
433133,0
433134,0
433135,0
433136,0
433137,0
433138,0
433139,0
433140,0
433141,0
433142,0
433143,0
433144,0
433145,0
433146,0
433147,0
433148,0
433149,0
433150,0
433151,0
433152,0
433153,0
433154,0
433155,0
433156,0
433157,0
433158,0
433159,0
433160,0
433161,0
433162,0
433163,0
433164,0
433165,0
433166,0
433167,0
433168,0
433169,0
433170,0
433171,0
433172,0
433173,0
433174,0
433175,0
433176,0
433177,0
433178,0
433179,0
433180,0
433181,0
433182,0
433183,0
433184,0
433185,0
433186,0
433187,0
433188,0
433189,0
433190,0
433191,0
433192,0
433193,0
433194,0
433195,0
433196,0
433197,0
433198,0
433199,0
433200,0
433201,0
433202,0
433203,0
433204,0
433205,0
433206,0
433207,0
433208,0
433209,0
433210,0
433211,0
433212,0
433213,0
433214,0
433215,0
433216,0
433217,0
433218,0
433219,0
433220,0
433221,0
433222,0
433223,0
433224,0
433225,0
433226,0
433227,0
433228,0
433229,0
433230,0
433231,0
433232,0
433233,0
433234,0
433235,0
433236,0
433237,0
433238,0
433239,0
433240,0
433241,0
433242,0
433243,0
433244,0
433245,0
433246,0
433247,0
433248,0
433249,0
433250,0
433251,0
433252,0
433253,0
433254,0
433255,0
433256,0
433257,0
433258,0
433259,0
433260,0
433261,0
433262,0
433263,0
433264,0
433265,0
433266,0
433267,0
433268,0
433269,0
433270,0
433271,0
433272,0
433273,0
433274,0
433275,0
433276,0
433277,0
433278,0
433279,0
433280,0
433281,0
433282,0
433283,0
433284,0
433285,0
433286,0
433287,0
433288,0
433289,0
433290,0
433291,0
433292,0
433293,0
433294,0
433295,0
433296,0
433297,0
433298,0
433299,0
433300,0
433301,0
433302,0
433303,0
433304,0
433305,0
433306,0
433307,0
433308,0
433309,0
433310,0
433311,0
433312,0
433313,0
433314,0
433315,0
433316,0
433317,0
433318,0
433319,0
433320,0
433321,0
433322,0
433323,0
433324,0
433325,0
433326,0
433327,0
433328,0
433329,0
433330,0
433331,0
433332,0
433333,0
433334,0
433335,0
433336,0
433337,0
433338,0
433339,0
433340,0
433341,0
433342,0
433343,0
433344,0
433345,0
433346,0
433347,0
433348,0
433349,0
433350,0
433351,0
433352,0
433353,0
433354,0
433355,0
433356,0
433357,0
433358,0
433359,0
433360,0
433361,0
433362,0
433363,0
433364,0
433365,0
433366,0
433367,0
433368,0
433369,0
433370,0
433371,0
433372,0
433373,0
433374,0
433375,0
433376,0
433377,0
433378,0
433379,0
433380,0
433381,0
433382,0
433383,0
433384,0
433385,0
433386,0
433387,0
433388,0
433389,0
433390,0
433391,0
433392,0
433393,0
433394,0
433395,0
433396,0
433397,0
433398,0
433399,0
433400,0
433401,0
433402,0
433403,0
433404,0
433405,0
433406,0
433407,0
433408,0
433409,0
433410,0
433411,0
433412,0
433413,0
433414,0
433415,0
433416,0
433417,0
433418,0
433419,0
433420,0
433421,0
433422,0
433423,0
433424,0
433425,0
433426,0
433427,0
433428,0
433429,0
433430,0
433431,0
433432,0
433433,0
433434,0
433435,0
433436,0
433437,0
433438,0
433439,0
433440,0
433441,0
433442,0
433443,0
433444,0
433445,0
433446,0
433447,0
433448,0
433449,0
433450,0
433451,0
433452,0
433453,0
433454,0
433455,0
433456,0
433457,0
433458,0
433459,0
433460,0
433461,0
433462,0
433463,0
433464,0
433465,0
433466,0
433467,0
433468,0
433469,0
433470,0
433471,0
433472,0
433473,0
433474,0
433475,0
433476,0
433477,0
433478,0
433479,0
433480,0
433481,0
433482,0
433483,0
433484,0
433485,0
433486,0
433487,0
433488,0
433489,0
433490,0
433491,0
433492,0
433493,0
433494,0
433495,0
433496,0
433497,0
433498,0
433499,0
433500,0
433501,0
433502,0
433503,0
433504,0
433505,0
433506,0
433507,0
433508,0
433509,0
433510,0
433511,0
433512,0
433513,0
433514,0
433515,0
433516,0
433517,0
433518,0
433519,0
433520,0
433521,0
433522,0
433523,0
433524,0
433525,0
433526,0
433527,0
433528,0
433529,0
433530,0
433531,0
433532,0
433533,0
433534,0
433535,0
433536,0
433537,0
433538,0
433539,0
433540,0
433541,0
433542,0
433543,0
433544,0
433545,0
433546,0
433547,0
433548,0
433549,0
433550,0
433551,0
433552,0
433553,0
433554,0
433555,0
433556,0
433557,0
433558,0
433559,0
433560,0
433561,0
433562,0
433563,0
433564,0
433565,0
433566,0
433567,0
433568,0
433569,0
433570,0
433571,0
433572,0
433573,0
433574,0
433575,0
433576,0
433577,0
433578,0
433579,0
433580,0
433581,0
433582,0
433583,0
433584,0
433585,0
433586,0
433587,0
433588,0
433589,0
433590,0
433591,0
433592,0
433593,0
433594,0
433595,0
433596,0
433597,0
433598,0
433599,0
433600,0
433601,0
433602,0
433603,0
433604,0
433605,0
433606,0
433607,0
433608,0
433609,0
433610,0
433611,0
433612,0
433613,0
433614,0
433615,0
433616,0
433617,0
433618,0
433619,0
433620,0
433621,0
433622,0
433623,0
433624,0
433625,0
433626,0
433627,0
433628,0
433629,0
433630,0
433631,0
433632,0
433633,0
433634,0
433635,0
433636,0
433637,0
433638,0
433639,0
433640,0
433641,0
433642,0
433643,0
433644,0
433645,0
433646,0
433647,0
433648,0
433649,0
433650,0
433651,0
433652,0
433653,0
433654,0
433655,0
433656,0
433657,0
433658,0
433659,0
433660,0
433661,0
433662,0
433663,0
433664,0
433665,0
433666,0
433667,0
433668,0
433669,0
433670,0
433671,0
433672,0
433673,0
433674,0
433675,0
433676,0
433677,0
433678,0
433679,0
433680,0
433681,0
433682,0
433683,0
433684,0
433685,0
433686,0
433687,0
433688,0
433689,0
433690,0
433691,0
433692,0
433693,0
433694,0
433695,0
433696,0
433697,0
433698,0
433699,0
433700,0
433701,0
433702,0
433703,0
433704,0
433705,0
433706,0
433707,0
433708,0
433709,0
433710,0
433711,0
433712,0
433713,0
433714,0
433715,0
433716,0
433717,0
433718,0
433719,0
433720,0
433721,0
433722,0
433723,0
433724,0
433725,0
433726,0
433727,0
433728,0
433729,0
433730,0
433731,0
433732,0
433733,0
433734,0
433735,0
433736,0
433737,0
433738,0
433739,0
433740,0
433741,0
433742,0
433743,0
433744,0
433745,0
433746,0
433747,0
433748,0
433749,0
433750,0
433751,0
433752,0
433753,0
433754,0
433755,0
433756,0
433757,0
433758,0
433759,0
433760,0
433761,0
433762,0
433763,0
433764,0
433765,0
433766,0
433767,0
433768,0
433769,0
433770,0
433771,0
433772,0
433773,0
433774,0
433775,0
433776,0
433777,0
433778,0
433779,0
433780,0
433781,0
433782,0
433783,0
433784,0
433785,0
433786,0
433787,0
433788,0
433789,0
433790,0
433791,0
433792,0
433793,0
433794,0
433795,0
433796,0
433797,0
433798,0
433799,0
433800,0
433801,0
433802,0
433803,0
433804,0
433805,0
433806,0
433807,0
433808,0
433809,0
433810,0
433811,0
433812,0
433813,0
433814,0
433815,0
433816,0
433817,0
433818,0
433819,0
433820,0
433821,0
433822,0
433823,0
433824,0
433825,0
433826,0
433827,0
433828,0
433829,0
433830,0
433831,0
433832,0
433833,0
433834,0
433835,0
433836,0
433837,0
433838,0
433839,0
433840,0
433841,0
433842,0
433843,0
433844,0
433845,0
433846,0
433847,0
433848,0
433849,0
433850,0
433851,0
433852,0
433853,0
433854,0
433855,0
433856,0
433857,0
433858,0
433859,0
433860,0
433861,0
433862,0
433863,0
433864,0
433865,0
433866,0
433867,0
433868,0
433869,0
433870,0
433871,0
433872,0
433873,0
433874,0
433875,0
433876,0
433877,0
433878,0
433879,0
433880,0
433881,0
433882,0
433883,0
433884,0
433885,0
433886,0
433887,0
433888,0
433889,0
433890,0
433891,0
433892,0
433893,0
433894,0
433895,0
433896,0
433897,0
433898,0
433899,0
433900,0
433901,0
433902,0
433903,0
433904,0
433905,0
433906,0
433907,0
433908,0
433909,0
433910,0
433911,0
433912,0
433913,0
433914,0
433915,0
433916,0
433917,0
433918,0
433919,0
433920,0
433921,0
433922,0
433923,0
433924,0
433925,0
433926,0
433927,0
433928,0
433929,0
433930,0
433931,0
433932,0
433933,0
433934,0
433935,0
433936,0
433937,0
433938,0
433939,0
433940,0
433941,0
433942,0
433943,0
433944,0
433945,0
433946,0
433947,0
433948,0
433949,0
433950,0
433951,0
433952,0
433953,0
433954,0
433955,0
433956,0
433957,0
433958,0
433959,0
433960,0
433961,0
433962,0
433963,0
433964,0
433965,0
433966,0
433967,0
433968,0
433969,0
433970,0
433971,0
433972,0
433973,0
433974,0
433975,0
433976,0
433977,0
433978,0
433979,0
433980,0
433981,0
433982,0
433983,0
433984,0
433985,0
433986,0
433987,0
433988,0
433989,0
433990,0
433991,0
433992,0
433993,0
433994,0
433995,0
433996,0
433997,0
433998,0
433999,0
434000,0
434001,0
434002,0
434003,0
434004,0
434005,0
434006,0
434007,0
434008,0
434009,0
434010,0
434011,0
434012,0
434013,0
434014,0
434015,0
434016,0
434017,0
434018,0
434019,0
434020,0
434021,0
434022,0
434023,0
434024,0
434025,0
434026,0
434027,0
434028,0
434029,0
434030,0
434031,0
434032,0
434033,0
434034,0
434035,0
434036,0
434037,0
434038,0
434039,0
434040,0
434041,0
434042,0
434043,0
434044,0
434045,0
434046,0
434047,0
434048,0
434049,0
434050,0
434051,0
434052,0
434053,0
434054,0
434055,0
434056,0
434057,0
434058,0
434059,0
434060,0
434061,0
434062,0
434063,0
434064,0
434065,0
434066,0
434067,0
434068,0
434069,0
434070,0
434071,0
434072,0
434073,0
434074,0
434075,0
434076,0
434077,0
434078,0
434079,0
434080,0
434081,0
434082,0
434083,0
434084,0
434085,0
434086,0
434087,0
434088,0
434089,0
434090,0
434091,0
434092,0
434093,0
434094,0
434095,0
434096,0
434097,0
434098,0
434099,0
434100,0
434101,0
434102,0
434103,0
434104,0
434105,0
434106,0
434107,0
434108,0
434109,0
434110,0
434111,0
434112,0
434113,0
434114,0
434115,0
434116,0
434117,0
434118,0
434119,0
434120,0
434121,0
434122,0
434123,0
434124,0
434125,0
434126,0
434127,0
434128,0
434129,0
434130,0
434131,0
434132,0
434133,0
434134,0
434135,0
434136,0
434137,0
434138,0
434139,0
434140,0
434141,0
434142,0
434143,0
434144,0
434145,0
434146,0
434147,0
434148,0
434149,0
434150,0
434151,0
434152,0
434153,0
434154,0
434155,0
434156,0
434157,0
434158,0
434159,0
434160,0
434161,0
434162,0
434163,0
434164,0
434165,0
434166,0
434167,0
434168,0
434169,0
434170,0
434171,0
434172,0
434173,0
434174,0
434175,0
434176,0
434177,0
434178,0
434179,0
434180,0
434181,0
434182,0
434183,0
434184,0
434185,0
434186,0
434187,0
434188,0
434189,0
434190,0
434191,0
434192,0
434193,0
434194,0
434195,0
434196,0
434197,0
434198,0
434199,0
434200,0
434201,0
434202,0
434203,0
434204,0
434205,0
434206,0
434207,0
434208,0
434209,0
434210,0
434211,0
434212,0
434213,0
434214,0
434215,0
434216,0
434217,0
434218,0
434219,0
434220,0
434221,0
434222,0
434223,0
434224,0
434225,0
434226,0
434227,0
434228,0
434229,0
434230,0
434231,0
434232,0
434233,0
434234,0
434235,0
434236,0
434237,0
434238,0
434239,0
434240,0
434241,0
434242,0
434243,0
434244,0
434245,0
434246,0
434247,0
434248,0
434249,0
434250,0
434251,0
434252,0
434253,0
434254,0
434255,0
434256,0
434257,0
434258,0
434259,0
434260,0
434261,0
434262,0
434263,0
434264,0
434265,0
434266,0
434267,0
434268,0
434269,0
434270,0
434271,0
434272,0
434273,0
434274,0
434275,0
434276,0
434277,0
434278,0
434279,0
434280,0
434281,0
434282,0
434283,0
434284,0
434285,0
434286,0
434287,0
434288,0
434289,0
434290,0
434291,0
434292,0
434293,0
434294,0
434295,0
434296,0
434297,0
434298,0
434299,0
434300,0
434301,0
434302,0
434303,0
434304,0
434305,0
434306,0
434307,0
434308,0
434309,0
434310,0
434311,0
434312,0
434313,0
434314,0
434315,0
434316,0
434317,0
434318,0
434319,0
434320,0
434321,0
434322,0
434323,0
434324,0
434325,0
434326,0
434327,0
434328,0
434329,0
434330,0
434331,0
434332,0
434333,0
434334,0
434335,0
434336,0
434337,0
434338,0
434339,0
434340,0
434341,0
434342,0
434343,0
434344,0
434345,0
434346,0
434347,0
434348,0
434349,0
434350,0
434351,0
434352,0
434353,0
434354,0
434355,0
434356,0
434357,0
434358,0
434359,0
434360,0
434361,0
434362,0
434363,0
434364,0
434365,0
434366,0
434367,0
434368,0
434369,0
434370,0
434371,0
434372,0
434373,0
434374,0
434375,0
434376,0
434377,0
434378,0
434379,0
434380,0
434381,0
434382,0
434383,0
434384,0
434385,0
434386,0
434387,0
434388,0
434389,0
434390,0
434391,0
434392,0
434393,0
434394,0
434395,0
434396,0
434397,0
434398,0
434399,0
434400,0
434401,0
434402,0
434403,0
434404,0
434405,0
434406,0
434407,0
434408,0
434409,0
434410,0
434411,0
434412,0
434413,0
434414,0
434415,0
434416,0
434417,0
434418,0
434419,0
434420,0
434421,0
434422,0
434423,0
434424,0
434425,0
434426,0
434427,0
434428,0
434429,0
434430,0
434431,0
434432,0
434433,0
434434,0
434435,0
434436,0
434437,0
434438,0
434439,0
434440,0
434441,0
434442,0
434443,0
434444,0
434445,0
434446,0
434447,0
434448,0
434449,0
434450,0
434451,0
434452,0
434453,0
434454,0
434455,0
434456,0
434457,0
434458,0
434459,0
434460,0
434461,0
434462,0
434463,0
434464,0
434465,0
434466,0
434467,0
434468,0
434469,0
434470,0
434471,0
434472,0
434473,0
434474,0
434475,0
434476,0
434477,0
434478,0
434479,0
434480,0
434481,0
434482,0
434483,0
434484,0
434485,0
434486,0
434487,0
434488,0
434489,0
434490,0
434491,0
434492,0
434493,0
434494,0
434495,0
434496,0
434497,0
434498,0
434499,0
434500,0
434501,0
434502,0
434503,0
434504,0
434505,0
434506,0
434507,0
434508,0
434509,0
434510,0
434511,0
434512,0
434513,0
434514,0
434515,0
434516,0
434517,0
434518,0
434519,0
434520,0
434521,0
434522,0
434523,0
434524,0
434525,0
434526,0
434527,0
434528,0
434529,0
434530,0
434531,0
434532,0
434533,0
434534,0
434535,0
434536,0
434537,0
434538,0
434539,0
434540,0
434541,0
434542,0
434543,0
434544,0
434545,0
434546,0
434547,0
434548,0
434549,0
434550,0
434551,0
434552,0
434553,0
434554,0
434555,0
434556,0
434557,0
434558,0
434559,0
434560,0
434561,0
434562,0
434563,0
434564,0
434565,0
434566,0
434567,0
434568,0
434569,0
434570,0
434571,0
434572,0
434573,0
434574,0
434575,0
434576,0
434577,0
434578,0
434579,0
434580,0
434581,0
434582,0
434583,0
434584,0
434585,0
434586,0
434587,0
434588,0
434589,0
434590,0
434591,0
434592,0
434593,0
434594,0
434595,0
434596,0
434597,0
434598,0
434599,0
434600,0
434601,0
434602,0
434603,0
434604,0
434605,0
434606,0
434607,0
434608,0
434609,0
434610,0
434611,0
434612,0
434613,0
434614,0
434615,0
434616,0
434617,0
434618,0
434619,0
434620,0
434621,0
434622,0
434623,0
434624,0
434625,0
434626,0
434627,0
434628,0
434629,0
434630,0
434631,0
434632,0
434633,0
434634,0
434635,0
434636,0
434637,0
434638,0
434639,0
434640,0
434641,0
434642,0
434643,0
434644,0
434645,0
434646,0
434647,0
434648,0
434649,0
434650,0
434651,0
434652,0
434653,0
434654,0
434655,0
434656,0
434657,0
434658,0
434659,0
434660,0
434661,0
434662,0
434663,0
434664,0
434665,0
434666,0
434667,0
434668,0
434669,0
434670,0
434671,0
434672,0
434673,0
434674,0
434675,0
434676,0
434677,0
434678,0
434679,0
434680,0
434681,0
434682,0
434683,0
434684,0
434685,0
434686,0
434687,0
434688,0
434689,0
434690,0
434691,0
434692,0
434693,0
434694,0
434695,0
434696,0
434697,0
434698,0
434699,0
434700,0
434701,0
434702,0
434703,0
434704,0
434705,0
434706,0
434707,0
434708,0
434709,0
434710,0
434711,0
434712,0
434713,0
434714,0
434715,0
434716,0
434717,0
434718,0
434719,0
434720,0
434721,0
434722,0
434723,0
434724,0
434725,0
434726,0
434727,0
434728,0
434729,0
434730,0
434731,0
434732,0
434733,0
434734,0
434735,0
434736,0
434737,0
434738,0
434739,0
434740,0
434741,0
434742,0
434743,0
434744,0
434745,0
434746,0
434747,0
434748,0
434749,0
434750,0
434751,0
434752,0
434753,0
434754,0
434755,0
434756,0
434757,0
434758,0
434759,0
434760,0
434761,0
434762,0
434763,0
434764,0
434765,0
434766,0
434767,0
434768,0
434769,0
434770,0
434771,0
434772,0
434773,0
434774,0
434775,0
434776,0
434777,0
434778,0
434779,0
434780,0
434781,0
434782,0
434783,0
434784,0
434785,0
434786,0
434787,0
434788,0
434789,0
434790,0
434791,0
434792,0
434793,0
434794,0
434795,0
434796,0
434797,0
434798,0
434799,0
434800,0
434801,0
434802,0
434803,0
434804,0
434805,0
434806,0
434807,0
434808,0
434809,0
434810,0
434811,0
434812,0
434813,0
434814,0
434815,0
434816,0
434817,0
434818,0
434819,0
434820,0
434821,0
434822,0
434823,0
434824,0
434825,0
434826,0
434827,0
434828,0
434829,0
434830,0
434831,0
434832,0
434833,0
434834,0
434835,0
434836,0
434837,0
434838,0
434839,0
434840,0
434841,0
434842,0
434843,0
434844,0
434845,0
434846,0
434847,0
434848,0
434849,0
434850,0
434851,0
434852,0
434853,0
434854,0
434855,0
434856,0
434857,0
434858,0
434859,0
434860,0
434861,0
434862,0
434863,0
434864,0
434865,0
434866,0
434867,0
434868,0
434869,0
434870,0
434871,0
434872,0
434873,0
434874,0
434875,0
434876,0
434877,0
434878,0
434879,0
434880,0
434881,0
434882,0
434883,0
434884,0
434885,0
434886,0
434887,0
434888,0
434889,0
434890,0
434891,0
434892,0
434893,0
434894,0
434895,0
434896,0
434897,0
434898,0
434899,0
434900,0
434901,0
434902,0
434903,0
434904,0
434905,0
434906,0
434907,0
434908,0
434909,0
434910,0
434911,0
434912,0
434913,0
434914,0
434915,0
434916,0
434917,0
434918,0
434919,0
434920,0
434921,0
434922,0
434923,0
434924,0
434925,0
434926,0
434927,0
434928,0
434929,0
434930,0
434931,0
434932,0
434933,0
434934,0
434935,0
434936,0
434937,0
434938,0
434939,0
434940,0
434941,0
434942,0
434943,0
434944,0
434945,0
434946,0
434947,0
434948,0
434949,0
434950,0
434951,0
434952,0
434953,0
434954,0
434955,0
434956,0
434957,0
434958,0
434959,0
434960,0
434961,0
434962,0
434963,0
434964,0
434965,0
434966,0
434967,0
434968,0
434969,0
434970,0
434971,0
434972,0
434973,0
434974,0
434975,0
434976,0
434977,0
434978,0
434979,0
434980,0
434981,0
434982,0
434983,0
434984,0
434985,0
434986,0
434987,0
434988,0
434989,0
434990,0
434991,0
434992,0
434993,0
434994,0
434995,0
434996,0
434997,0
434998,0
434999,0
435000,0
435001,0
435002,0
435003,0
435004,0
435005,0
435006,0
435007,0
435008,0
435009,0
435010,0
435011,0
435012,0
435013,0
435014,0
435015,0
435016,0
435017,0
435018,0
435019,0
435020,0
435021,0
435022,0
435023,0
435024,0
435025,0
435026,0
435027,0
435028,0
435029,0
435030,0
435031,0
435032,0
435033,0
435034,0
435035,0
435036,0
435037,0
435038,0
435039,0
435040,0
435041,0
435042,0
435043,0
435044,0
435045,0
435046,0
435047,0
435048,0
435049,0
435050,0
435051,0
435052,0
435053,0
435054,0
435055,0
435056,0
435057,0
435058,0
435059,0
435060,0
435061,0
435062,0
435063,0
435064,0
435065,0
435066,0
435067,0
435068,0
435069,0
435070,0
435071,0
435072,0
435073,0
435074,0
435075,0
435076,0
435077,0
435078,0
435079,0
435080,0
435081,0
435082,0
435083,0
435084,0
435085,0
435086,0
435087,0
435088,0
435089,0
435090,0
435091,0
435092,0
435093,0
435094,0
435095,0
435096,0
435097,0
435098,0
435099,0
435100,0
435101,0
435102,0
435103,0
435104,0
435105,0
435106,0
435107,0
435108,0
435109,0
435110,0
435111,0
435112,0
435113,0
435114,0
435115,0
435116,0
435117,0
435118,0
435119,0
435120,0
435121,0
435122,0
435123,0
435124,0
435125,0
435126,0
435127,0
435128,0
435129,0
435130,0
435131,0
435132,0
435133,0
435134,0
435135,0
435136,0
435137,0
435138,0
435139,0
435140,0
435141,0
435142,0
435143,0
435144,0
435145,0
435146,0
435147,0
435148,0
435149,0
435150,0
435151,0
435152,0
435153,0
435154,0
435155,0
435156,0
435157,0
435158,0
435159,0
435160,0
435161,0
435162,0
435163,0
435164,0
435165,0
435166,0
435167,0
435168,0
435169,0
435170,0
435171,0
435172,0
435173,0
435174,0
435175,0
435176,0
435177,0
435178,0
435179,0
435180,0
435181,0
435182,0
435183,0
435184,0
435185,0
435186,0
435187,0
435188,0
435189,0
435190,0
435191,0
435192,0
435193,0
435194,0
435195,0
435196,0
435197,0
435198,0
435199,0
435200,0
435201,0
435202,0
435203,0
435204,0
435205,0
435206,0
435207,0
435208,0
435209,0
435210,0
435211,0
435212,0
435213,0
435214,0
435215,0
435216,0
435217,0
435218,0
435219,0
435220,0
435221,0
435222,0
435223,0
435224,0
435225,0
435226,0
435227,0
435228,0
435229,0
435230,0
435231,0
435232,0
435233,0
435234,0
435235,0
435236,0
435237,0
435238,0
435239,0
435240,0
435241,0
435242,0
435243,0
435244,0
435245,0
435246,0
435247,0
435248,0
435249,0
435250,0
435251,0
435252,0
435253,0
435254,0
435255,0
435256,0
435257,0
435258,0
435259,0
435260,0
435261,0
435262,0
435263,0
435264,0
435265,0
435266,0
435267,0
435268,0
435269,0
435270,0
435271,0
435272,0
435273,0
435274,0
435275,0
435276,0
435277,0
435278,0
435279,0
435280,0
435281,0
435282,0
435283,0
435284,0
435285,0
435286,0
435287,0
435288,0
435289,0
435290,0
435291,0
435292,0
435293,0
435294,0
435295,0
435296,0
435297,0
435298,0
435299,0
435300,0
435301,0
435302,0
435303,0
435304,0
435305,0
435306,0
435307,0
435308,0
435309,0
435310,0
435311,0
435312,0
435313,0
435314,0
435315,0
435316,0
435317,0
435318,0
435319,0
435320,0
435321,0
435322,0
435323,0
435324,0
435325,0
435326,0
435327,0
435328,0
435329,0
435330,0
435331,0
435332,0
435333,0
435334,0
435335,0
435336,0
435337,0
435338,0
435339,0
435340,0
435341,0
435342,0
435343,0
435344,0
435345,0
435346,0
435347,0
435348,0
435349,0
435350,0
435351,0
435352,0
435353,0
435354,0
435355,0
435356,0
435357,0
435358,0
435359,0
435360,0
435361,0
435362,0
435363,0
435364,0
435365,0
435366,0
435367,0
435368,0
435369,0
435370,0
435371,0
435372,0
435373,0
435374,0
435375,0
435376,0
435377,0
435378,0
435379,0
435380,0
435381,0
435382,0
435383,0
435384,0
435385,0
435386,0
435387,0
435388,0
435389,0
435390,0
435391,0
435392,0
435393,0
435394,0
435395,0
435396,0
435397,0
435398,0
435399,0
435400,0
435401,0
435402,0
435403,0
435404,0
435405,0
435406,0
435407,0
435408,0
435409,0
435410,0
435411,0
435412,0
435413,0
435414,0
435415,0
435416,0
435417,0
435418,0
435419,0
435420,0
435421,0
435422,0
435423,0
435424,0
435425,0
435426,0
435427,0
435428,0
435429,0
435430,0
435431,0
435432,0
435433,0
435434,0
435435,0
435436,0
435437,0
435438,0
435439,0
435440,0
435441,0
435442,0
435443,0
435444,0
435445,0
435446,0
435447,0
435448,0
435449,0
435450,0
435451,0
435452,0
435453,0
435454,0
435455,0
435456,0
435457,0
435458,0
435459,0
435460,0
435461,0
435462,0
435463,0
435464,0
435465,0
435466,0
435467,0
435468,0
435469,0
435470,0
435471,0
435472,0
435473,0
435474,0
435475,0
435476,0
435477,0
435478,0
435479,0
435480,0
435481,0
435482,0
435483,0
435484,0
435485,0
435486,0
435487,0
435488,0
435489,0
435490,0
435491,0
435492,0
435493,0
435494,0
435495,0
435496,0
435497,0
435498,0
435499,0
435500,0
435501,0
435502,0
435503,0
435504,0
435505,0
435506,0
435507,0
435508,0
435509,0
435510,0
435511,0
435512,0
435513,0
435514,0
435515,0
435516,0
435517,0
435518,0
435519,0
435520,0
435521,0
435522,0
435523,0
435524,0
435525,0
435526,0
435527,0
435528,0
435529,0
435530,0
435531,0
435532,0
435533,0
435534,0
435535,0
435536,0
435537,0
435538,0
435539,0
435540,0
435541,0
435542,0
435543,0
435544,0
435545,0
435546,0
435547,0
435548,0
435549,0
435550,0
435551,0
435552,0
435553,0
435554,0
435555,0
435556,0
435557,0
435558,0
435559,0
435560,0
435561,0
435562,0
435563,0
435564,0
435565,0
435566,0
435567,0
435568,0
435569,0
435570,0
435571,0
435572,0
435573,0
435574,0
435575,0
435576,0
435577,0
435578,0
435579,0
435580,0
435581,0
435582,0
435583,0
435584,0
435585,0
435586,0
435587,0
435588,0
435589,0
435590,0
435591,0
435592,0
435593,0
435594,0
435595,0
435596,0
435597,0
435598,0
435599,0
435600,0
435601,0
435602,0
435603,0
435604,0
435605,0
435606,0
435607,0
435608,0
435609,0
435610,0
435611,0
435612,0
435613,0
435614,0
435615,0
435616,0
435617,0
435618,0
435619,0
435620,0
435621,0
435622,0
435623,0
435624,0
435625,0
435626,0
435627,0
435628,0
435629,0
435630,0
435631,0
435632,0
435633,0
435634,0
435635,0
435636,0
435637,0
435638,0
435639,0
435640,0
435641,0
435642,0
435643,0
435644,0
435645,0
435646,0
435647,0
435648,0
435649,0
435650,0
435651,0
435652,0
435653,0
435654,0
435655,0
435656,0
435657,0
435658,0
435659,0
435660,0
435661,0
435662,0
435663,0
435664,0
435665,0
435666,0
435667,0
435668,0
435669,0
435670,0
435671,0
435672,0
435673,0
435674,0
435675,0
435676,0
435677,0
435678,0
435679,0
435680,0
435681,0
435682,0
435683,0
435684,0
435685,0
435686,0
435687,0
435688,0
435689,0
435690,0
435691,0
435692,0
435693,0
435694,0
435695,0
435696,0
435697,0
435698,0
435699,0
435700,0
435701,0
435702,0
435703,0
435704,0
435705,0
435706,0
435707,0
435708,0
435709,0
435710,0
435711,0
435712,0
435713,0
435714,0
435715,0
435716,0
435717,0
435718,0
435719,0
435720,0
435721,0
435722,0
435723,0
435724,0
435725,0
435726,0
435727,0
435728,0
435729,0
435730,0
435731,0
435732,0
435733,0
435734,0
435735,0
435736,0
435737,0
435738,0
435739,0
435740,0
435741,0
435742,0
435743,0
435744,0
435745,0
435746,0
435747,0
435748,0
435749,0
435750,0
435751,0
435752,0
435753,0
435754,0
435755,0
435756,0
435757,0
435758,0
435759,0
435760,0
435761,0
435762,0
435763,0
435764,0
435765,0
435766,0
435767,0
435768,0
435769,0
435770,0
435771,0
435772,0
435773,0
435774,0
435775,0
435776,0
435777,0
435778,0
435779,0
435780,0
435781,0
435782,0
435783,0
435784,0
435785,0
435786,0
435787,0
435788,0
435789,0
435790,0
435791,0
435792,0
435793,0
435794,0
435795,0
435796,0
435797,0
435798,0
435799,0
435800,0
435801,0
435802,0
435803,0
435804,0
435805,0
435806,0
435807,0
435808,0
435809,0
435810,0
435811,0
435812,0
435813,0
435814,0
435815,0
435816,0
435817,0
435818,0
435819,0
435820,0
435821,0
435822,0
435823,0
435824,0
435825,0
435826,0
435827,0
435828,0
435829,0
435830,0
435831,0
435832,0
435833,0
435834,0
435835,0
435836,0
435837,0
435838,0
435839,0
435840,0
435841,0
435842,0
435843,0
435844,0
435845,0
435846,0
435847,0
435848,0
435849,0
435850,0
435851,0
435852,0
435853,0
435854,0
435855,0
435856,0
435857,0
435858,0
435859,0
435860,0
435861,0
435862,0
435863,0
435864,0
435865,0
435866,0
435867,0
435868,0
435869,0
435870,0
435871,0
435872,0
435873,0
435874,0
435875,0
435876,0
435877,0
435878,0
435879,0
435880,0
435881,0
435882,0
435883,0
435884,0
435885,0
435886,0
435887,0
435888,0
435889,0
435890,0
435891,0
435892,0
435893,0
435894,0
435895,0
435896,0
435897,0
435898,0
435899,0
435900,0
435901,0
435902,0
435903,0
435904,0
435905,0
435906,0
435907,0
435908,0
435909,0
435910,0
435911,0
435912,0
435913,0
435914,0
435915,0
435916,0
435917,0
435918,0
435919,0
435920,0
435921,0
435922,0
435923,0
435924,0
435925,0
435926,0
435927,0
435928,0
435929,0
435930,0
435931,0
435932,0
435933,0
435934,0
435935,0
435936,0
435937,0
435938,0
435939,0
435940,0
435941,0
435942,0
435943,0
435944,0
435945,0
435946,0
435947,0
435948,0
435949,0
435950,0
435951,0
435952,0
435953,0
435954,0
435955,0
435956,0
435957,0
435958,0
435959,0
435960,0
435961,0
435962,0
435963,0
435964,0
435965,0
435966,0
435967,0
435968,0
435969,0
435970,0
435971,0
435972,0
435973,0
435974,0
435975,0
435976,0
435977,0
435978,0
435979,0
435980,0
435981,0
435982,0
435983,0
435984,0
435985,0
435986,0
435987,0
435988,0
435989,0
435990,0
435991,0
435992,0
435993,0
435994,0
435995,0
435996,0
435997,0
435998,0
435999,0
436000,0
436001,0
436002,0
436003,0
436004,0
436005,0
436006,0
436007,0
436008,0
436009,0
436010,0
436011,0
436012,0
436013,0
436014,0
436015,0
436016,0
436017,0
436018,0
436019,0
436020,0
436021,0
436022,0
436023,0
436024,0
436025,0
436026,0
436027,0
436028,0
436029,0
436030,0
436031,0
436032,0
436033,0
436034,0
436035,0
436036,0
436037,0
436038,0
436039,0
436040,0
436041,0
436042,0
436043,0
436044,0
436045,0
436046,0
436047,0
436048,0
436049,0
436050,0
436051,0
436052,0
436053,0
436054,0
436055,0
436056,0
436057,0
436058,0
436059,0
436060,0
436061,0
436062,0
436063,0
436064,0
436065,0
436066,0
436067,0
436068,0
436069,0
436070,0
436071,0
436072,0
436073,0
436074,0
436075,0
436076,0
436077,0
436078,0
436079,0
436080,0
436081,0
436082,0
436083,0
436084,0
436085,0
436086,0
436087,0
436088,0
436089,0
436090,0
436091,0
436092,0
436093,0
436094,0
436095,0
436096,0
436097,0
436098,0
436099,0
436100,0
436101,0
436102,0
436103,0
436104,0
436105,0
436106,0
436107,0
436108,0
436109,0
436110,0
436111,0
436112,0
436113,0
436114,0
436115,0
436116,0
436117,0
436118,0
436119,0
436120,0
436121,0
436122,0
436123,0
436124,0
436125,0
436126,0
436127,0
436128,0
436129,0
436130,0
436131,0
436132,0
436133,0
436134,0
436135,0
436136,0
436137,0
436138,0
436139,0
436140,0
436141,0
436142,0
436143,0
436144,0
436145,0
436146,0
436147,0
436148,0
436149,0
436150,0
436151,0
436152,0
436153,0
436154,0
436155,0
436156,0
436157,0
436158,0
436159,0
436160,0
436161,0
436162,0
436163,0
436164,0
436165,0
436166,0
436167,0
436168,0
436169,0
436170,0
436171,0
436172,0
436173,0
436174,0
436175,0
436176,0
436177,0
436178,0
436179,0
436180,0
436181,0
436182,0
436183,0
436184,0
436185,0
436186,0
436187,0
436188,0
436189,0
436190,0
436191,0
436192,0
436193,0
436194,0
436195,0
436196,0
436197,0
436198,0
436199,0
436200,0
436201,0
436202,0
436203,0
436204,0
436205,0
436206,0
436207,0
436208,0
436209,0
436210,0
436211,0
436212,0
436213,0
436214,0
436215,0
436216,0
436217,0
436218,0
436219,0
436220,0
436221,0
436222,0
436223,0
436224,0
436225,0
436226,0
436227,0
436228,0
436229,0
436230,0
436231,0
436232,0
436233,0
436234,0
436235,0
436236,0
436237,0
436238,0
436239,0
436240,0
436241,0
436242,0
436243,0
436244,0
436245,0
436246,0
436247,0
436248,0
436249,0
436250,0
436251,0
436252,0
436253,0
436254,0
436255,0
436256,0
436257,0
436258,0
436259,0
436260,0
436261,0
436262,0
436263,0
436264,0
436265,0
436266,0
436267,0
436268,0
436269,0
436270,0
436271,0
436272,0
436273,0
436274,0
436275,0
436276,0
436277,0
436278,0
436279,0
436280,0
436281,0
436282,0
436283,0
436284,0
436285,0
436286,0
436287,0
436288,0
436289,0
436290,0
436291,0
436292,0
436293,0
436294,0
436295,0
436296,0
436297,0
436298,0
436299,0
436300,0
436301,0
436302,0
436303,0
436304,0
436305,0
436306,0
436307,0
436308,0
436309,0
436310,0
436311,0
436312,0
436313,0
436314,0
436315,0
436316,0
436317,0
436318,0
436319,0
436320,0
436321,0
436322,0
436323,0
436324,0
436325,0
436326,0
436327,0
436328,0
436329,0
436330,0
436331,0
436332,0
436333,0
436334,0
436335,0
436336,0
436337,0
436338,0
436339,0
436340,0
436341,0
436342,0
436343,0
436344,0
436345,0
436346,0
436347,0
436348,0
436349,0
436350,0
436351,0
436352,0
436353,0
436354,0
436355,0
436356,0
436357,0
436358,0
436359,0
436360,0
436361,0
436362,0
436363,0
436364,0
436365,0
436366,0
436367,0
436368,0
436369,0
436370,0
436371,0
436372,0
436373,0
436374,0
436375,0
436376,0
436377,0
436378,0
436379,0
436380,0
436381,0
436382,0
436383,0
436384,0
436385,0
436386,0
436387,0
436388,0
436389,0
436390,0
436391,0
436392,0
436393,0
436394,0
436395,0
436396,0
436397,0
436398,0
436399,0
436400,0
436401,0
436402,0
436403,0
436404,0
436405,0
436406,0
436407,0
436408,0
436409,0
436410,0
436411,0
436412,0
436413,0
436414,0
436415,0
436416,0
436417,0
436418,0
436419,0
436420,0
436421,0
436422,0
436423,0
436424,0
436425,0
436426,0
436427,0
436428,0
436429,0
436430,0
436431,0
436432,0
436433,0
436434,0
436435,0
436436,0
436437,0
436438,0
436439,0
436440,0
436441,0
436442,0
436443,0
436444,0
436445,0
436446,0
436447,0
436448,0
436449,0
436450,0
436451,0
436452,0
436453,0
436454,0
436455,0
436456,0
436457,0
436458,0
436459,0
436460,0
436461,0
436462,0
436463,0
436464,0
436465,0
436466,0
436467,0
436468,0
436469,0
436470,0
436471,0
436472,0
436473,0
436474,0
436475,0
436476,0
436477,0
436478,0
436479,0
436480,0
436481,0
436482,0
436483,0
436484,0
436485,0
436486,0
436487,0
436488,0
436489,0
436490,0
436491,0
436492,0
436493,0
436494,0
436495,0
436496,0
436497,0
436498,0
436499,0
436500,0
436501,0
436502,0
436503,0
436504,0
436505,0
436506,0
436507,0
436508,0
436509,0
436510,0
436511,0
436512,0
436513,0
436514,0
436515,0
436516,0
436517,0
436518,0
436519,0
436520,0
436521,0
436522,0
436523,0
436524,0
436525,0
436526,0
436527,0
436528,0
436529,0
436530,0
436531,0
436532,0
436533,0
436534,0
436535,0
436536,0
436537,0
436538,0
436539,0
436540,0
436541,0
436542,0
436543,0
436544,0
436545,0
436546,0
436547,0
436548,0
436549,0
436550,0
436551,0
436552,0
436553,0
436554,0
436555,0
436556,0
436557,0
436558,0
436559,0
436560,0
436561,0
436562,0
436563,0
436564,0
436565,0
436566,0
436567,0
436568,0
436569,0
436570,0
436571,0
436572,0
436573,0
436574,0
436575,0
436576,0
436577,0
436578,0
436579,0
436580,0
436581,0
436582,0
436583,0
436584,0
436585,0
436586,0
436587,0
436588,0
436589,0
436590,0
436591,0
436592,0
436593,0
436594,0
436595,0
436596,0
436597,0
436598,0
436599,0
436600,0
436601,0
436602,0
436603,0
436604,0
436605,0
436606,0
436607,0
436608,0
436609,0
436610,0
436611,0
436612,0
436613,0
436614,0
436615,0
436616,0
436617,0
436618,0
436619,0
436620,0
436621,0
436622,0
436623,0
436624,0
436625,0
436626,0
436627,0
436628,0
436629,0
436630,0
436631,0
436632,0
436633,0
436634,0
436635,0
436636,0
436637,0
436638,0
436639,0
436640,0
436641,0
436642,0
436643,0
436644,0
436645,0
436646,0
436647,0
436648,0
436649,0
436650,0
436651,0
436652,0
436653,0
436654,0
436655,0
436656,0
436657,0
436658,0
436659,0
436660,0
436661,0
436662,0
436663,0
436664,0
436665,0
436666,0
436667,0
436668,0
436669,0
436670,0
436671,0
436672,0
436673,0
436674,0
436675,0
436676,0
436677,0
436678,0
436679,0
436680,0
436681,0
436682,0
436683,0
436684,0
436685,0
436686,0
436687,0
436688,0
436689,0
436690,0
436691,0
436692,0
436693,0
436694,0
436695,0
436696,0
436697,0
436698,0
436699,0
436700,0
436701,0
436702,0
436703,0
436704,0
436705,0
436706,0
436707,0
436708,0
436709,0
436710,0
436711,0
436712,0
436713,0
436714,0
436715,0
436716,0
436717,0
436718,0
436719,0
436720,0
436721,0
436722,0
436723,0
436724,0
436725,0
436726,0
436727,0
436728,0
436729,0
436730,0
436731,0
436732,0
436733,0
436734,0
436735,0
436736,0
436737,0
436738,0
436739,0
436740,0
436741,0
436742,0
436743,0
436744,0
436745,0
436746,0
436747,0
436748,0
436749,0
436750,0
436751,0
436752,0
436753,0
436754,0
436755,0
436756,0
436757,0
436758,0
436759,0
436760,0
436761,0
436762,0
436763,0
436764,0
436765,0
436766,0
436767,0
436768,0
436769,0
436770,0
436771,0
436772,0
436773,0
436774,0
436775,0
436776,0
436777,0
436778,0
436779,0
436780,0
436781,0
436782,0
436783,0
436784,0
436785,0
436786,0
436787,0
436788,0
436789,0
436790,0
436791,0
436792,0
436793,0
436794,0
436795,0
436796,0
436797,0
436798,0
436799,0
436800,0
436801,0
436802,0
436803,0
436804,0
436805,0
436806,0
436807,0
436808,0
436809,0
436810,0
436811,0
436812,0
436813,0
436814,0
436815,0
436816,0
436817,0
436818,0
436819,0
436820,0
436821,0
436822,0
436823,0
436824,0
436825,0
436826,0
436827,0
436828,0
436829,0
436830,0
436831,0
436832,0
436833,0
436834,0
436835,0
436836,0
436837,0
436838,0
436839,0
436840,0
436841,0
436842,0
436843,0
436844,0
436845,0
436846,0
436847,0
436848,0
436849,0
436850,0
436851,0
436852,0
436853,0
436854,0
436855,0
436856,0
436857,0
436858,0
436859,0
436860,0
436861,0
436862,0
436863,0
436864,0
436865,0
436866,0
436867,0
436868,0
436869,0
436870,0
436871,0
436872,0
436873,0
436874,0
436875,0
436876,0
436877,0
436878,0
436879,0
436880,0
436881,0
436882,0
436883,0
436884,0
436885,0
436886,0
436887,0
436888,0
436889,0
436890,0
436891,0
436892,0
436893,0
436894,0
436895,0
436896,0
436897,0
436898,0
436899,0
436900,0
436901,0
436902,0
436903,0
436904,0
436905,0
436906,0
436907,0
436908,0
436909,0
436910,0
436911,0
436912,0
436913,0
436914,0
436915,0
436916,0
436917,0
436918,0
436919,0
436920,0
436921,0
436922,0
436923,0
436924,0
436925,0
436926,0
436927,0
436928,0
436929,0
436930,0
436931,0
436932,0
436933,0
436934,0
436935,0
436936,0
436937,0
436938,0
436939,0
436940,0
436941,0
436942,0
436943,0
436944,0
436945,0
436946,0
436947,0
436948,0
436949,0
436950,0
436951,0
436952,0
436953,0
436954,0
436955,0
436956,0
436957,0
436958,0
436959,0
436960,0
436961,0
436962,0
436963,0
436964,0
436965,0
436966,0
436967,0
436968,0
436969,0
436970,0
436971,0
436972,0
436973,0
436974,0
436975,0
436976,0
436977,0
436978,0
436979,0
436980,0
436981,0
436982,0
436983,0
436984,0
436985,0
436986,0
436987,0
436988,0
436989,0
436990,0
436991,0
436992,0
436993,0
436994,0
436995,0
436996,0
436997,0
436998,0
436999,0
437000,0
437001,0
437002,0
437003,0
437004,0
437005,0
437006,0
437007,0
437008,0
437009,0
437010,0
437011,0
437012,0
437013,0
437014,0
437015,0
437016,0
437017,0
437018,0
437019,0
437020,0
437021,0
437022,0
437023,0
437024,0
437025,0
437026,0
437027,0
437028,0
437029,0
437030,0
437031,0
437032,0
437033,0
437034,0
437035,0
437036,0
437037,0
437038,0
437039,0
437040,0
437041,0
437042,0
437043,0
437044,0
437045,0
437046,0
437047,0
437048,0
437049,0
437050,0
437051,0
437052,0
437053,0
437054,0
437055,0
437056,0
437057,0
437058,0
437059,0
437060,0
437061,0
437062,0
437063,0
437064,0
437065,0
437066,0
437067,0
437068,0
437069,0
437070,0
437071,0
437072,0
437073,0
437074,0
437075,0
437076,0
437077,0
437078,0
437079,0
437080,0
437081,0
437082,0
437083,0
437084,0
437085,0
437086,0
437087,0
437088,0
437089,0
437090,0
437091,0
437092,0
437093,0
437094,0
437095,0
437096,0
437097,0
437098,0
437099,0
437100,0
437101,0
437102,0
437103,0
437104,0
437105,0
437106,0
437107,0
437108,0
437109,0
437110,0
437111,0
437112,0
437113,0
437114,0
437115,0
437116,0
437117,0
437118,0
437119,0
437120,0
437121,0
437122,0
437123,0
437124,0
437125,0
437126,0
437127,0
437128,0
437129,0
437130,0
437131,0
437132,0
437133,0
437134,0
437135,0
437136,0
437137,0
437138,0
437139,0
437140,0
437141,0
437142,0
437143,0
437144,0
437145,0
437146,0
437147,0
437148,0
437149,0
437150,0
437151,0
437152,0
437153,0
437154,0
437155,0
437156,0
437157,0
437158,0
437159,0
437160,0
437161,0
437162,0
437163,0
437164,0
437165,0
437166,0
437167,0
437168,0
437169,0
437170,0
437171,0
437172,0
437173,0
437174,0
437175,0
437176,0
437177,0
437178,0
437179,0
437180,0
437181,0
437182,0
437183,0
437184,0
437185,0
437186,0
437187,0
437188,0
437189,0
437190,0
437191,0
437192,0
437193,0
437194,0
437195,0
437196,0
437197,0
437198,0
437199,0
437200,0
437201,0
437202,0
437203,0
437204,0
437205,0
437206,0
437207,0
437208,0
437209,0
437210,0
437211,0
437212,0
437213,0
437214,0
437215,0
437216,0
437217,0
437218,0
437219,0
437220,0
437221,0
437222,0
437223,0
437224,0
437225,0
437226,0
437227,0
437228,0
437229,0
437230,0
437231,0
437232,0
437233,0
437234,0
437235,0
437236,0
437237,0
437238,0
437239,0
437240,0
437241,0
437242,0
437243,0
437244,0
437245,0
437246,0
437247,0
437248,0
437249,0
437250,0
437251,0
437252,0
437253,0
437254,0
437255,0
437256,0
437257,0
437258,0
437259,0
437260,0
437261,0
437262,0
437263,0
437264,0
437265,0
437266,0
437267,0
437268,0
437269,0
437270,0
437271,0
437272,0
437273,0
437274,0
437275,0
437276,0
437277,0
437278,0
437279,0
437280,0
437281,0
437282,0
437283,0
437284,0
437285,0
437286,0
437287,0
437288,0
437289,0
437290,0
437291,0
437292,0
437293,0
437294,0
437295,0
437296,0
437297,0
437298,0
437299,0
437300,0
437301,0
437302,0
437303,0
437304,0
437305,0
437306,0
437307,0
437308,0
437309,0
437310,0
437311,0
437312,0
437313,0
437314,0
437315,0
437316,0
437317,0
437318,0
437319,0
437320,0
437321,0
437322,0
437323,0
437324,0
437325,0
437326,0
437327,0
437328,0
437329,0
437330,0
437331,0
437332,0
437333,0
437334,0
437335,0
437336,0
437337,0
437338,0
437339,0
437340,0
437341,0
437342,0
437343,0
437344,0
437345,0
437346,0
437347,0
437348,0
437349,0
437350,0
437351,0
437352,0
437353,0
437354,0
437355,0
437356,0
437357,0
437358,0
437359,0
437360,0
437361,0
437362,0
437363,0
437364,0
437365,0
437366,0
437367,0
437368,0
437369,0
437370,0
437371,0
437372,0
437373,0
437374,0
437375,0
437376,0
437377,0
437378,0
437379,0
437380,0
437381,0
437382,0
437383,0
437384,0
437385,0
437386,0
437387,0
437388,0
437389,0
437390,0
437391,0
437392,0
437393,0
437394,0
437395,0
437396,0
437397,0
437398,0
437399,0
437400,0
437401,0
437402,0
437403,0
437404,0
437405,0
437406,0
437407,0
437408,0
437409,0
437410,0
437411,0
437412,0
437413,0
437414,0
437415,0
437416,0
437417,0
437418,0
437419,0
437420,0
437421,0
437422,0
437423,0
437424,0
437425,0
437426,0
437427,0
437428,0
437429,0
437430,0
437431,0
437432,0
437433,0
437434,0
437435,0
437436,0
437437,0
437438,0
437439,0
437440,0
437441,0
437442,0
437443,0
437444,0
437445,0
437446,0
437447,0
437448,0
437449,0
437450,0
437451,0
437452,0
437453,0
437454,0
437455,0
437456,0
437457,0
437458,0
437459,0
437460,0
437461,0
437462,0
437463,0
437464,0
437465,0
437466,0
437467,0
437468,0
437469,0
437470,0
437471,0
437472,0
437473,0
437474,0
437475,0
437476,0
437477,0
437478,0
437479,0
437480,0
437481,0
437482,0
437483,0
437484,0
437485,0
437486,0
437487,0
437488,0
437489,0
437490,0
437491,0
437492,0
437493,0
437494,0
437495,0
437496,0
437497,0
437498,0
437499,0
437500,0
437501,0
437502,0
437503,0
437504,0
437505,0
437506,0
437507,0
437508,0
437509,0
437510,0
437511,0
437512,0
437513,0
437514,0
437515,0
437516,0
437517,0
437518,0
437519,0
437520,0
437521,0
437522,0
437523,0
437524,0
437525,0
437526,0
437527,0
437528,0
437529,0
437530,0
437531,0
437532,0
437533,0
437534,0
437535,0
437536,0
437537,0
437538,0
437539,0
437540,0
437541,0
437542,0
437543,0
437544,0
437545,0
437546,0
437547,0
437548,0
437549,0
437550,0
437551,0
437552,0
437553,0
437554,0
437555,0
437556,0
437557,0
437558,0
437559,0
437560,0
437561,0
437562,0
437563,0
437564,0
437565,0
437566,0
437567,0
437568,0
437569,0
437570,0
437571,0
437572,0
437573,0
437574,0
437575,0
437576,0
437577,0
437578,0
437579,0
437580,0
437581,0
437582,0
437583,0
437584,0
437585,0
437586,0
437587,0
437588,0
437589,0
437590,0
437591,0
437592,0
437593,0
437594,0
437595,0
437596,0
437597,0
437598,0
437599,0
437600,0
437601,0
437602,0
437603,0
437604,0
437605,0
437606,0
437607,0
437608,0
437609,0
437610,0
437611,0
437612,0
437613,0
437614,0
437615,0
437616,0
437617,0
437618,0
437619,0
437620,0
437621,0
437622,0
437623,0
437624,0
437625,0
437626,0
437627,0
437628,0
437629,0
437630,0
437631,0
437632,0
437633,0
437634,0
437635,0
437636,0
437637,0
437638,0
437639,0
437640,0
437641,0
437642,0
437643,0
437644,0
437645,0
437646,0
437647,0
437648,0
437649,0
437650,0
437651,0
437652,0
437653,0
437654,0
437655,0
437656,0
437657,0
437658,0
437659,0
437660,0
437661,0
437662,0
437663,0
437664,0
437665,0
437666,0
437667,0
437668,0
437669,0
437670,0
437671,0
437672,0
437673,0
437674,0
437675,0
437676,0
437677,0
437678,0
437679,0
437680,0
437681,0
437682,0
437683,0
437684,0
437685,0
437686,0
437687,0
437688,0
437689,0
437690,0
437691,0
437692,0
437693,0
437694,0
437695,0
437696,0
437697,0
437698,0
437699,0
437700,0
437701,0
437702,0
437703,0
437704,0
437705,0
437706,0
437707,0
437708,0
437709,0
437710,0
437711,0
437712,0
437713,0
437714,0
437715,0
437716,0
437717,0
437718,0
437719,0
437720,0
437721,0
437722,0
437723,0
437724,0
437725,0
437726,0
437727,0
437728,0
437729,0
437730,0
437731,0
437732,0
437733,0
437734,0
437735,0
437736,0
437737,0
437738,0
437739,0
437740,0
437741,0
437742,0
437743,0
437744,0
437745,0
437746,0
437747,0
437748,0
437749,0
437750,0
437751,0
437752,0
437753,0
437754,0
437755,0
437756,0
437757,0
437758,0
437759,0
437760,0
437761,0
437762,0
437763,0
437764,0
437765,0
437766,0
437767,0
437768,0
437769,0
437770,0
437771,0
437772,0
437773,0
437774,0
437775,0
437776,0
437777,0
437778,0
437779,0
437780,0
437781,0
437782,0
437783,0
437784,0
437785,0
437786,0
437787,0
437788,0
437789,0
437790,0
437791,0
437792,0
437793,0
437794,0
437795,0
437796,0
437797,0
437798,0
437799,0
437800,0
437801,0
437802,0
437803,0
437804,0
437805,0
437806,0
437807,0
437808,0
437809,0
437810,0
437811,0
437812,0
437813,0
437814,0
437815,0
437816,0
437817,0
437818,0
437819,0
437820,0
437821,0
437822,0
437823,0
437824,0
437825,0
437826,0
437827,0
437828,0
437829,0
437830,0
437831,0
437832,0
437833,0
437834,0
437835,0
437836,0
437837,0
437838,0
437839,0
437840,0
437841,0
437842,0
437843,0
437844,0
437845,0
437846,0
437847,0
437848,0
437849,0
437850,0
437851,0
437852,0
437853,0
437854,0
437855,0
437856,0
437857,0
437858,0
437859,0
437860,0
437861,0
437862,0
437863,0
437864,0
437865,0
437866,0
437867,0
437868,0
437869,0
437870,0
437871,0
437872,0
437873,0
437874,0
437875,0
437876,0
437877,0
437878,0
437879,0
437880,0
437881,0
437882,0
437883,0
437884,0
437885,0
437886,0
437887,0
437888,0
437889,0
437890,0
437891,0
437892,0
437893,0
437894,0
437895,0
437896,0
437897,0
437898,0
437899,0
437900,0
437901,0
437902,0
437903,0
437904,0
437905,0
437906,0
437907,0
437908,0
437909,0
437910,0
437911,0
437912,0
437913,0
437914,0
437915,0
437916,0
437917,0
437918,0
437919,0
437920,0
437921,0
437922,0
437923,0
437924,0
437925,0
437926,0
437927,0
437928,0
437929,0
437930,0
437931,0
437932,0
437933,0
437934,0
437935,0
437936,0
437937,0
437938,0
437939,0
437940,0
437941,0
437942,0
437943,0
437944,0
437945,0
437946,0
437947,0
437948,0
437949,0
437950,0
437951,0
437952,0
437953,0
437954,0
437955,0
437956,0
437957,0
437958,0
437959,0
437960,0
437961,0
437962,0
437963,0
437964,0
437965,0
437966,0
437967,0
437968,0
437969,0
437970,0
437971,0
437972,0
437973,0
437974,0
437975,0
437976,0
437977,0
437978,0
437979,0
437980,0
437981,0
437982,0
437983,0
437984,0
437985,0
437986,0
437987,0
437988,0
437989,0
437990,0
437991,0
437992,0
437993,0
437994,0
437995,0
437996,0
437997,0
437998,0
437999,0
438000,0
438001,0
438002,0
438003,0
438004,0
438005,0
438006,0
438007,0
438008,0
438009,0
438010,0
438011,0
438012,0
438013,0
438014,0
438015,0
438016,0
438017,0
438018,0
438019,0
438020,0
438021,0
438022,0
438023,0
438024,0
438025,0
438026,0
438027,0
438028,0
438029,0
438030,0
438031,0
438032,0
438033,0
438034,0
438035,0
438036,0
438037,0
438038,0
438039,0
438040,0
438041,0
438042,0
438043,0
438044,0
438045,0
438046,0
438047,0
438048,0
438049,0
438050,0
438051,0
438052,0
438053,0
438054,0
438055,0
438056,0
438057,0
438058,0
438059,0
438060,0
438061,0
438062,0
438063,0
438064,0
438065,0
438066,0
438067,0
438068,0
438069,0
438070,0
438071,0
438072,0
438073,0
438074,0
438075,0
438076,0
438077,0
438078,0
438079,0
438080,0
438081,0
438082,0
438083,0
438084,0
438085,0
438086,0
438087,0
438088,0
438089,0
438090,0
438091,0
438092,0
438093,0
438094,0
438095,0
438096,0
438097,0
438098,0
438099,0
438100,0
438101,0
438102,0
438103,0
438104,0
438105,0
438106,0
438107,0
438108,0
438109,0
438110,0
438111,0
438112,0
438113,0
438114,0
438115,0
438116,0
438117,0
438118,0
438119,0
438120,0
438121,0
438122,0
438123,0
438124,0
438125,0
438126,0
438127,0
438128,0
438129,0
438130,0
438131,0
438132,0
438133,0
438134,0
438135,0
438136,0
438137,0
438138,0
438139,0
438140,0
438141,0
438142,0
438143,0
438144,0
438145,0
438146,0
438147,0
438148,0
438149,0
438150,0
438151,0
438152,0
438153,0
438154,0
438155,0
438156,0
438157,0
438158,0
438159,0
438160,0
438161,0
438162,0
438163,0
438164,0
438165,0
438166,0
438167,0
438168,0
438169,0
438170,0
438171,0
438172,0
438173,0
438174,0
438175,0
438176,0
438177,0
438178,0
438179,0
438180,0
438181,0
438182,0
438183,0
438184,0
438185,0
438186,0
438187,0
438188,0
438189,0
438190,0
438191,0
438192,0
438193,0
438194,0
438195,0
438196,0
438197,0
438198,0
438199,0
438200,0
438201,0
438202,0
438203,0
438204,0
438205,0
438206,0
438207,0
438208,0
438209,0
438210,0
438211,0
438212,0
438213,0
438214,0
438215,0
438216,0
438217,0
438218,0
438219,0
438220,0
438221,0
438222,0
438223,0
438224,0
438225,0
438226,0
438227,0
438228,0
438229,0
438230,0
438231,0
438232,0
438233,0
438234,0
438235,0
438236,0
438237,0
438238,0
438239,0
438240,0
438241,0
438242,0
438243,0
438244,0
438245,0
438246,0
438247,0
438248,0
438249,0
438250,0
438251,0
438252,0
438253,0
438254,0
438255,0
438256,0
438257,0
438258,0
438259,0
438260,0
438261,0
438262,0
438263,0
438264,0
438265,0
438266,0
438267,0
438268,0
438269,0
438270,0
438271,0
438272,0
438273,0
438274,0
438275,0
438276,0
438277,0
438278,0
438279,0
438280,0
438281,0
438282,0
438283,0
438284,0
438285,0
438286,0
438287,0
438288,0
438289,0
438290,0
438291,0
438292,0
438293,0
438294,0
438295,0
438296,0
438297,0
438298,0
438299,0
438300,0
438301,0
438302,0
438303,0
438304,0
438305,0
438306,0
438307,0
438308,0
438309,0
438310,0
438311,0
438312,0
438313,0
438314,0
438315,0
438316,0
438317,0
438318,0
438319,0
438320,0
438321,0
438322,0
438323,0
438324,0
438325,0
438326,0
438327,0
438328,0
438329,0
438330,0
438331,0
438332,0
438333,0
438334,0
438335,0
438336,0
438337,0
438338,0
438339,0
438340,0
438341,0
438342,0
438343,0
438344,0
438345,0
438346,0
438347,0
438348,0
438349,0
438350,0
438351,0
438352,0
438353,0
438354,0
438355,0
438356,0
438357,0
438358,0
438359,0
438360,0
438361,0
438362,0
438363,0
438364,0
438365,0
438366,0
438367,0
438368,0
438369,0
438370,0
438371,0
438372,0
438373,0
438374,0
438375,0
438376,0
438377,0
438378,0
438379,0
438380,0
438381,0
438382,0
438383,0
438384,0
438385,0
438386,0
438387,0
438388,0
438389,0
438390,0
438391,0
438392,0
438393,0
438394,0
438395,0
438396,0
438397,0
438398,0
438399,0
438400,0
438401,0
438402,0
438403,0
438404,0
438405,0
438406,0
438407,0
438408,0
438409,0
438410,0
438411,0
438412,0
438413,0
438414,0
438415,0
438416,0
438417,0
438418,0
438419,0
438420,0
438421,0
438422,0
438423,0
438424,0
438425,0
438426,0
438427,0
438428,0
438429,0
438430,0
438431,0
438432,0
438433,0
438434,0
438435,0
438436,0
438437,0
438438,0
438439,0
438440,0
438441,0
438442,0
438443,0
438444,0
438445,0
438446,0
438447,0
438448,0
438449,0
438450,0
438451,0
438452,0
438453,0
438454,0
438455,0
438456,0
438457,0
438458,0
438459,0
438460,0
438461,0
438462,0
438463,0
438464,0
438465,0
438466,0
438467,0
438468,0
438469,0
438470,0
438471,0
438472,0
438473,0
438474,0
438475,0
438476,0
438477,0
438478,0
438479,0
438480,0
438481,0
438482,0
438483,0
438484,0
438485,0
438486,0
438487,0
438488,0
438489,0
438490,0
438491,0
438492,0
438493,0
438494,0
438495,0
438496,0
438497,0
438498,0
438499,0
438500,0
438501,0
438502,0
438503,0
438504,0
438505,0
438506,0
438507,0
438508,0
438509,0
438510,0
438511,0
438512,0
438513,0
438514,0
438515,0
438516,0
438517,0
438518,0
438519,0
438520,0
438521,0
438522,0
438523,0
438524,0
438525,0
438526,0
438527,0
438528,0
438529,0
438530,0
438531,0
438532,0
438533,0
438534,0
438535,0
438536,0
438537,0
438538,0
438539,0
438540,0
438541,0
438542,0
438543,0
438544,0
438545,0
438546,0
438547,0
438548,0
438549,0
438550,0
438551,0
438552,0
438553,0
438554,0
438555,0
438556,0
438557,0
438558,0
438559,0
438560,0
438561,0
438562,0
438563,0
438564,0
438565,0
438566,0
438567,0
438568,0
438569,0
438570,0
438571,0
438572,0
438573,0
438574,0
438575,0
438576,0
438577,0
438578,0
438579,0
438580,0
438581,0
438582,0
438583,0
438584,0
438585,0
438586,0
438587,0
438588,0
438589,0
438590,0
438591,0
438592,0
438593,0
438594,0
438595,0
438596,0
438597,0
438598,0
438599,0
438600,0
438601,0
438602,0
438603,0
438604,0
438605,0
438606,0
438607,0
438608,0
438609,0
438610,0
438611,0
438612,0
438613,0
438614,0
438615,0
438616,0
438617,0
438618,0
438619,0
438620,0
438621,0
438622,0
438623,0
438624,0
438625,0
438626,0
438627,0
438628,0
438629,0
438630,0
438631,0
438632,0
438633,0
438634,0
438635,0
438636,0
438637,0
438638,0
438639,0
438640,0
438641,0
438642,0
438643,0
438644,0
438645,0
438646,0
438647,0
438648,0
438649,0
438650,0
438651,0
438652,0
438653,0
438654,0
438655,0
438656,0
438657,0
438658,0
438659,0
438660,0
438661,0
438662,0
438663,0
438664,0
438665,0
438666,0
438667,0
438668,0
438669,0
438670,0
438671,0
438672,0
438673,0
438674,0
438675,0
438676,0
438677,0
438678,0
438679,0
438680,0
438681,0
438682,0
438683,0
438684,0
438685,0
438686,0
438687,0
438688,0
438689,0
438690,0
438691,0
438692,0
438693,0
438694,0
438695,0
438696,0
438697,0
438698,0
438699,0
438700,0
438701,0
438702,0
438703,0
438704,0
438705,0
438706,0
438707,0
438708,0
438709,0
438710,0
438711,0
438712,0
438713,0
438714,0
438715,0
438716,0
438717,0
438718,0
438719,0
438720,0
438721,0
438722,0
438723,0
438724,0
438725,0
438726,0
438727,0
438728,0
438729,0
438730,0
438731,0
438732,0
438733,0
438734,0
438735,0
438736,0
438737,0
438738,0
438739,0
438740,0
438741,0
438742,0
438743,0
438744,0
438745,0
438746,0
438747,0
438748,0
438749,0
438750,0
438751,0
438752,0
438753,0
438754,0
438755,0
438756,0
438757,0
438758,0
438759,0
438760,0
438761,0
438762,0
438763,0
438764,0
438765,0
438766,0
438767,0
438768,0
438769,0
438770,0
438771,0
438772,0
438773,0
438774,0
438775,0
438776,0
438777,0
438778,0
438779,0
438780,0
438781,0
438782,0
438783,0
438784,0
438785,0
438786,0
438787,0
438788,0
438789,0
438790,0
438791,0
438792,0
438793,0
438794,0
438795,0
438796,0
438797,0
438798,0
438799,0
438800,0
438801,0
438802,0
438803,0
438804,0
438805,0
438806,0
438807,0
438808,0
438809,0
438810,0
438811,0
438812,0
438813,0
438814,0
438815,0
438816,0
438817,0
438818,0
438819,0
438820,0
438821,0
438822,0
438823,0
438824,0
438825,0
438826,0
438827,0
438828,0
438829,0
438830,0
438831,0
438832,0
438833,0
438834,0
438835,0
438836,0
438837,0
438838,0
438839,0
438840,0
438841,0
438842,0
438843,0
438844,0
438845,0
438846,0
438847,0
438848,0
438849,0
438850,0
438851,0
438852,0
438853,0
438854,0
438855,0
438856,0
438857,0
438858,0
438859,0
438860,0
438861,0
438862,0
438863,0
438864,0
438865,0
438866,0
438867,0
438868,0
438869,0
438870,0
438871,0
438872,0
438873,0
438874,0
438875,0
438876,0
438877,0
438878,0
438879,0
438880,0
438881,0
438882,0
438883,0
438884,0
438885,0
438886,0
438887,0
438888,0
438889,0
438890,0
438891,0
438892,0
438893,0
438894,0
438895,0
438896,0
438897,0
438898,0
438899,0
438900,0
438901,0
438902,0
438903,0
438904,0
438905,0
438906,0
438907,0
438908,0
438909,0
438910,0
438911,0
438912,0
438913,0
438914,0
438915,0
438916,0
438917,0
438918,0
438919,0
438920,0
438921,0
438922,0
438923,0
438924,0
438925,0
438926,0
438927,0
438928,0
438929,0
438930,0
438931,0
438932,0
438933,0
438934,0
438935,0
438936,0
438937,0
438938,0
438939,0
438940,0
438941,0
438942,0
438943,0
438944,0
438945,0
438946,0
438947,0
438948,0
438949,0
438950,0
438951,0
438952,0
438953,0
438954,0
438955,0
438956,0
438957,0
438958,0
438959,0
438960,0
438961,0
438962,0
438963,0
438964,0
438965,0
438966,0
438967,0
438968,0
438969,0
438970,0
438971,0
438972,0
438973,0
438974,0
438975,0
438976,0
438977,0
438978,0
438979,0
438980,0
438981,0
438982,0
438983,0
438984,0
438985,0
438986,0
438987,0
438988,0
438989,0
438990,0
438991,0
438992,0
438993,0
438994,0
438995,0
438996,0
438997,0
438998,0
438999,0
439000,0
439001,0
439002,0
439003,0
439004,0
439005,0
439006,0
439007,0
439008,0
439009,0
439010,0
439011,0
439012,0
439013,0
439014,0
439015,0
439016,0
439017,0
439018,0
439019,0
439020,0
439021,0
439022,0
439023,0
439024,0
439025,0
439026,0
439027,0
439028,0
439029,0
439030,0
439031,0
439032,0
439033,0
439034,0
439035,0
439036,0
439037,0
439038,0
439039,0
439040,0
439041,0
439042,0
439043,0
439044,0
439045,0
439046,0
439047,0
439048,0
439049,0
439050,0
439051,0
439052,0
439053,0
439054,0
439055,0
439056,0
439057,0
439058,0
439059,0
439060,0
439061,0
439062,0
439063,0
439064,0
439065,0
439066,0
439067,0
439068,0
439069,0
439070,0
439071,0
439072,0
439073,0
439074,0
439075,0
439076,0
439077,0
439078,0
439079,0
439080,0
439081,0
439082,0
439083,0
439084,0
439085,0
439086,0
439087,0
439088,0
439089,0
439090,0
439091,0
439092,0
439093,0
439094,0
439095,0
439096,0
439097,0
439098,0
439099,0
439100,0
439101,0
439102,0
439103,0
439104,0
439105,0
439106,0
439107,0
439108,0
439109,0
439110,0
439111,0
439112,0
439113,0
439114,0
439115,0
439116,0
439117,0
439118,0
439119,0
439120,0
439121,0
439122,0
439123,0
439124,0
439125,0
439126,0
439127,0
439128,0
439129,0
439130,0
439131,0
439132,0
439133,0
439134,0
439135,0
439136,0
439137,0
439138,0
439139,0
439140,0
439141,0
439142,0
439143,0
439144,0
439145,0
439146,0
439147,0
439148,0
439149,0
439150,0
439151,0
439152,0
439153,0
439154,0
439155,0
439156,0
439157,0
439158,0
439159,0
439160,0
439161,0
439162,0
439163,0
439164,0
439165,0
439166,0
439167,0
439168,0
439169,0
439170,0
439171,0
439172,0
439173,0
439174,0
439175,0
439176,0
439177,0
439178,0
439179,0
439180,0
439181,0
439182,0
439183,0
439184,0
439185,0
439186,0
439187,0
439188,0
439189,0
439190,0
439191,0
439192,0
439193,0
439194,0
439195,0
439196,0
439197,0
439198,0
439199,0
439200,0
439201,0
439202,0
439203,0
439204,0
439205,0
439206,0
439207,0
439208,0
439209,0
439210,0
439211,0
439212,0
439213,0
439214,0
439215,0
439216,0
439217,0
439218,0
439219,0
439220,0
439221,0
439222,0
439223,0
439224,0
439225,0
439226,0
439227,0
439228,0
439229,0
439230,0
439231,0
439232,0
439233,0
439234,0
439235,0
439236,0
439237,0
439238,0
439239,0
439240,0
439241,0
439242,0
439243,0
439244,0
439245,0
439246,0
439247,0
439248,0
439249,0
439250,0
439251,0
439252,0
439253,0
439254,0
439255,0
439256,0
439257,0
439258,0
439259,0
439260,0
439261,0
439262,0
439263,0
439264,0
439265,0
439266,0
439267,0
439268,0
439269,0
439270,0
439271,0
439272,0
439273,0
439274,0
439275,0
439276,0
439277,0
439278,0
439279,0
439280,0
439281,0
439282,0
439283,0
439284,0
439285,0
439286,0
439287,0
439288,0
439289,0
439290,0
439291,0
439292,0
439293,0
439294,0
439295,0
439296,0
439297,0
439298,0
439299,0
439300,0
439301,0
439302,0
439303,0
439304,0
439305,0
439306,0
439307,0
439308,0
439309,0
439310,0
439311,0
439312,0
439313,0
439314,0
439315,0
439316,0
439317,0
439318,0
439319,0
439320,0
439321,0
439322,0
439323,0
439324,0
439325,0
439326,0
439327,0
439328,0
439329,0
439330,0
439331,0
439332,0
439333,0
439334,0
439335,0
439336,0
439337,0
439338,0
439339,0
439340,0
439341,0
439342,0
439343,0
439344,0
439345,0
439346,0
439347,0
439348,0
439349,0
439350,0
439351,0
439352,0
439353,0
439354,0
439355,0
439356,0
439357,0
439358,0
439359,0
439360,0
439361,0
439362,0
439363,0
439364,0
439365,0
439366,0
439367,0
439368,0
439369,0
439370,0
439371,0
439372,0
439373,0
439374,0
439375,0
439376,0
439377,0
439378,0
439379,0
439380,0
439381,0
439382,0
439383,0
439384,0
439385,0
439386,0
439387,0
439388,0
439389,0
439390,0
439391,0
439392,0
439393,0
439394,0
439395,0
439396,0
439397,0
439398,0
439399,0
439400,0
439401,0
439402,0
439403,0
439404,0
439405,0
439406,0
439407,0
439408,0
439409,0
439410,0
439411,0
439412,0
439413,0
439414,0
439415,0
439416,0
439417,0
439418,0
439419,0
439420,0
439421,0
439422,0
439423,0
439424,0
439425,0
439426,0
439427,0
439428,0
439429,0
439430,0
439431,0
439432,0
439433,0
439434,0
439435,0
439436,0
439437,0
439438,0
439439,0
439440,0
439441,0
439442,0
439443,0
439444,0
439445,0
439446,0
439447,0
439448,0
439449,0
439450,0
439451,0
439452,0
439453,0
439454,0
439455,0
439456,0
439457,0
439458,0
439459,0
439460,0
439461,0
439462,0
439463,0
439464,0
439465,0
439466,0
439467,0
439468,0
439469,0
439470,0
439471,0
439472,0
439473,0
439474,0
439475,0
439476,0
439477,0
439478,0
439479,0
439480,0
439481,0
439482,0
439483,0
439484,0
439485,0
439486,0
439487,0
439488,0
439489,0
439490,0
439491,0
439492,0
439493,0
439494,0
439495,0
439496,0
439497,0
439498,0
439499,0
439500,0
439501,0
439502,0
439503,0
439504,0
439505,0
439506,0
439507,0
439508,0
439509,0
439510,0
439511,0
439512,0
439513,0
439514,0
439515,0
439516,0
439517,0
439518,0
439519,0
439520,0
439521,0
439522,0
439523,0
439524,0
439525,0
439526,0
439527,0
439528,0
439529,0
439530,0
439531,0
439532,0
439533,0
439534,0
439535,0
439536,0
439537,0
439538,0
439539,0
439540,0
439541,0
439542,0
439543,0
439544,0
439545,0
439546,0
439547,0
439548,0
439549,0
439550,0
439551,0
439552,0
439553,0
439554,0
439555,0
439556,0
439557,0
439558,0
439559,0
439560,0
439561,0
439562,0
439563,0
439564,0
439565,0
439566,0
439567,0
439568,0
439569,0
439570,0
439571,0
439572,0
439573,0
439574,0
439575,0
439576,0
439577,0
439578,0
439579,0
439580,0
439581,0
439582,0
439583,0
439584,0
439585,0
439586,0
439587,0
439588,0
439589,0
439590,0
439591,0
439592,0
439593,0
439594,0
439595,0
439596,0
439597,0
439598,0
439599,0
439600,0
439601,0
439602,0
439603,0
439604,0
439605,0
439606,0
439607,0
439608,0
439609,0
439610,0
439611,0
439612,0
439613,0
439614,0
439615,0
439616,0
439617,0
439618,0
439619,0
439620,0
439621,0
439622,0
439623,0
439624,0
439625,0
439626,0
439627,0
439628,0
439629,0
439630,0
439631,0
439632,0
439633,0
439634,0
439635,0
439636,0
439637,0
439638,0
439639,0
439640,0
439641,0
439642,0
439643,0
439644,0
439645,0
439646,0
439647,0
439648,0
439649,0
439650,0
439651,0
439652,0
439653,0
439654,0
439655,0
439656,0
439657,0
439658,0
439659,0
439660,0
439661,0
439662,0
439663,0
439664,0
439665,0
439666,0
439667,0
439668,0
439669,0
439670,0
439671,0
439672,0
439673,0
439674,0
439675,0
439676,0
439677,0
439678,0
439679,0
439680,0
439681,0
439682,0
439683,0
439684,0
439685,0
439686,0
439687,0
439688,0
439689,0
439690,0
439691,0
439692,0
439693,0
439694,0
439695,0
439696,0
439697,0
439698,0
439699,0
439700,0
439701,0
439702,0
439703,0
439704,0
439705,0
439706,0
439707,0
439708,0
439709,0
439710,0
439711,0
439712,0
439713,0
439714,0
439715,0
439716,0
439717,0
439718,0
439719,0
439720,0
439721,0
439722,0
439723,0
439724,0
439725,0
439726,0
439727,0
439728,0
439729,0
439730,0
439731,0
439732,0
439733,0
439734,0
439735,0
439736,0
439737,0
439738,0
439739,0
439740,0
439741,0
439742,0
439743,0
439744,0
439745,0
439746,0
439747,0
439748,0
439749,0
439750,0
439751,0
439752,0
439753,0
439754,0
439755,0
439756,0
439757,0
439758,0
439759,0
439760,0
439761,0
439762,0
439763,0
439764,0
439765,0
439766,0
439767,0
439768,0
439769,0
439770,0
439771,0
439772,0
439773,0
439774,0
439775,0
439776,0
439777,0
439778,0
439779,0
439780,0
439781,0
439782,0
439783,0
439784,0
439785,0
439786,0
439787,0
439788,0
439789,0
439790,0
439791,0
439792,0
439793,0
439794,0
439795,0
439796,0
439797,0
439798,0
439799,0
439800,0
439801,0
439802,0
439803,0
439804,0
439805,0
439806,0
439807,0
439808,0
439809,0
439810,0
439811,0
439812,0
439813,0
439814,0
439815,0
439816,0
439817,0
439818,0
439819,0
439820,0
439821,0
439822,0
439823,0
439824,0
439825,0
439826,0
439827,0
439828,0
439829,0
439830,0
439831,0
439832,0
439833,0
439834,0
439835,0
439836,0
439837,0
439838,0
439839,0
439840,0
439841,0
439842,0
439843,0
439844,0
439845,0
439846,0
439847,0
439848,0
439849,0
439850,0
439851,0
439852,0
439853,0
439854,0
439855,0
439856,0
439857,0
439858,0
439859,0
439860,0
439861,0
439862,0
439863,0
439864,0
439865,0
439866,0
439867,0
439868,0
439869,0
439870,0
439871,0
439872,0
439873,0
439874,0
439875,0
439876,0
439877,0
439878,0
439879,0
439880,0
439881,0
439882,0
439883,0
439884,0
439885,0
439886,0
439887,0
439888,0
439889,0
439890,0
439891,0
439892,0
439893,0
439894,0
439895,0
439896,0
439897,0
439898,0
439899,0
439900,0
439901,0
439902,0
439903,0
439904,0
439905,0
439906,0
439907,0
439908,0
439909,0
439910,0
439911,0
439912,0
439913,0
439914,0
439915,0
439916,0
439917,0
439918,0
439919,0
439920,0
439921,0
439922,0
439923,0
439924,0
439925,0
439926,0
439927,0
439928,0
439929,0
439930,0
439931,0
439932,0
439933,0
439934,0
439935,0
439936,0
439937,0
439938,0
439939,0
439940,0
439941,0
439942,0
439943,0
439944,0
439945,0
439946,0
439947,0
439948,0
439949,0
439950,0
439951,0
439952,0
439953,0
439954,0
439955,0
439956,0
439957,0
439958,0
439959,0
439960,0
439961,0
439962,0
439963,0
439964,0
439965,0
439966,0
439967,0
439968,0
439969,0
439970,0
439971,0
439972,0
439973,0
439974,0
439975,0
439976,0
439977,0
439978,0
439979,0
439980,0
439981,0
439982,0
439983,0
439984,0
439985,0
439986,0
439987,0
439988,0
439989,0
439990,0
439991,0
439992,0
439993,0
439994,0
439995,0
439996,0
439997,0
439998,0
439999,0
440000,0
440001,0
440002,0
440003,0
440004,0
440005,0
440006,0
440007,0
440008,0
440009,0
440010,0
440011,0
440012,0
440013,0
440014,0
440015,0
440016,0
440017,0
440018,0
440019,0
440020,0
440021,0
440022,0
440023,0
440024,0
440025,0
440026,0
440027,0
440028,0
440029,0
440030,0
440031,0
440032,0
440033,0
440034,0
440035,0
440036,0
440037,0
440038,0
440039,0
440040,0
440041,0
440042,0
440043,0
440044,0
440045,0
440046,0
440047,0
440048,0
440049,0
440050,0
440051,0
440052,0
440053,0
440054,0
440055,0
440056,0
440057,0
440058,0
440059,0
440060,0
440061,0
440062,0
440063,0
440064,0
440065,0
440066,0
440067,0
440068,0
440069,0
440070,0
440071,0
440072,0
440073,0
440074,0
440075,0
440076,0
440077,0
440078,0
440079,0
440080,0
440081,0
440082,0
440083,0
440084,0
440085,0
440086,0
440087,0
440088,0
440089,0
440090,0
440091,0
440092,0
440093,0
440094,0
440095,0
440096,0
440097,0
440098,0
440099,0
440100,0
440101,0
440102,0
440103,0
440104,0
440105,0
440106,0
440107,0
440108,0
440109,0
440110,0
440111,0
440112,0
440113,0
440114,0
440115,0
440116,0
440117,0
440118,0
440119,0
440120,0
440121,0
440122,0
440123,0
440124,0
440125,0
440126,0
440127,0
440128,0
440129,0
440130,0
440131,0
440132,0
440133,0
440134,0
440135,0
440136,0
440137,0
440138,0
440139,0
440140,0
440141,0
440142,0
440143,0
440144,0
440145,0
440146,0
440147,0
440148,0
440149,0
440150,0
440151,0
440152,0
440153,0
440154,0
440155,0
440156,0
440157,0
440158,0
440159,0
440160,0
440161,0
440162,0
440163,0
440164,0
440165,0
440166,0
440167,0
440168,0
440169,0
440170,0
440171,0
440172,0
440173,0
440174,0
440175,0
440176,0
440177,0
440178,0
440179,0
440180,0
440181,0
440182,0
440183,0
440184,0
440185,0
440186,0
440187,0
440188,0
440189,0
440190,0
440191,0
440192,0
440193,0
440194,0
440195,0
440196,0
440197,0
440198,0
440199,0
440200,0
440201,0
440202,0
440203,0
440204,0
440205,0
440206,0
440207,0
440208,0
440209,0
440210,0
440211,0
440212,0
440213,0
440214,0
440215,0
440216,0
440217,0
440218,0
440219,0
440220,0
440221,0
440222,0
440223,0
440224,0
440225,0
440226,0
440227,0
440228,0
440229,0
440230,0
440231,0
440232,0
440233,0
440234,0
440235,0
440236,0
440237,0
440238,0
440239,0
440240,0
440241,0
440242,0
440243,0
440244,0
440245,0
440246,0
440247,0
440248,0
440249,0
440250,0
440251,0
440252,0
440253,0
440254,0
440255,0
440256,0
440257,0
440258,0
440259,0
440260,0
440261,0
440262,0
440263,0
440264,0
440265,0
440266,0
440267,0
440268,0
440269,0
440270,0
440271,0
440272,0
440273,0
440274,0
440275,0
440276,0
440277,0
440278,0
440279,0
440280,0
440281,0
440282,0
440283,0
440284,0
440285,0
440286,0
440287,0
440288,0
440289,0
440290,0
440291,0
440292,0
440293,0
440294,0
440295,0
440296,0
440297,0
440298,0
440299,0
440300,0
440301,0
440302,0
440303,0
440304,0
440305,0
440306,0
440307,0
440308,0
440309,0
440310,0
440311,0
440312,0
440313,0
440314,0
440315,0
440316,0
440317,0
440318,0
440319,0
440320,0
440321,0
440322,0
440323,0
440324,0
440325,0
440326,0
440327,0
440328,0
440329,0
440330,0
440331,0
440332,0
440333,0
440334,0
440335,0
440336,0
440337,0
440338,0
440339,0
440340,0
440341,0
440342,0
440343,0
440344,0
440345,0
440346,0
440347,0
440348,0
440349,0
440350,0
440351,0
440352,0
440353,0
440354,0
440355,0
440356,0
440357,0
440358,0
440359,0
440360,0
440361,0
440362,0
440363,0
440364,0
440365,0
440366,0
440367,0
440368,0
440369,0
440370,0
440371,0
440372,0
440373,0
440374,0
440375,0
440376,0
440377,0
440378,0
440379,0
440380,0
440381,0
440382,0
440383,0
440384,0
440385,0
440386,0
440387,0
440388,0
440389,0
440390,0
440391,0
440392,0
440393,0
440394,0
440395,0
440396,0
440397,0
440398,0
440399,0
440400,0
440401,0
440402,0
440403,0
440404,0
440405,0
440406,0
440407,0
440408,0
440409,0
440410,0
440411,0
440412,0
440413,0
440414,0
440415,0
440416,0
440417,0
440418,0
440419,0
440420,0
440421,0
440422,0
440423,0
440424,0
440425,0
440426,0
440427,0
440428,0
440429,0
440430,0
440431,0
440432,0
440433,0
440434,0
440435,0
440436,0
440437,0
440438,0
440439,0
440440,0
440441,0
440442,0
440443,0
440444,0
440445,0
440446,0
440447,0
440448,0
440449,0
440450,0
440451,0
440452,0
440453,0
440454,0
440455,0
440456,0
440457,0
440458,0
440459,0
440460,0
440461,0
440462,0
440463,0
440464,0
440465,0
440466,0
440467,0
440468,0
440469,0
440470,0
440471,0
440472,0
440473,0
440474,0
440475,0
440476,0
440477,0
440478,0
440479,0
440480,0
440481,0
440482,0
440483,0
440484,0
440485,0
440486,0
440487,0
440488,0
440489,0
440490,0
440491,0
440492,0
440493,0
440494,0
440495,0
440496,0
440497,0
440498,0
440499,0
440500,0
440501,0
440502,0
440503,0
440504,0
440505,0
440506,0
440507,0
440508,0
440509,0
440510,0
440511,0
440512,0
440513,0
440514,0
440515,0
440516,0
440517,0
440518,0
440519,0
440520,0
440521,0
440522,0
440523,0
440524,0
440525,0
440526,0
440527,0
440528,0
440529,0
440530,0
440531,0
440532,0
440533,0
440534,0
440535,0
440536,0
440537,0
440538,0
440539,0
440540,0
440541,0
440542,0
440543,0
440544,0
440545,0
440546,0
440547,0
440548,0
440549,0
440550,0
440551,0
440552,0
440553,0
440554,0
440555,0
440556,0
440557,0
440558,0
440559,0
440560,0
440561,0
440562,0
440563,0
440564,0
440565,0
440566,0
440567,0
440568,0
440569,0
440570,0
440571,0
440572,0
440573,0
440574,0
440575,0
440576,0
440577,0
440578,0
440579,0
440580,0
440581,0
440582,0
440583,0
440584,0
440585,0
440586,0
440587,0
440588,0
440589,0
440590,0
440591,0
440592,0
440593,0
440594,0
440595,0
440596,0
440597,0
440598,0
440599,0
440600,0
440601,0
440602,0
440603,0
440604,0
440605,0
440606,0
440607,0
440608,0
440609,0
440610,0
440611,0
440612,0
440613,0
440614,0
440615,0
440616,0
440617,0
440618,0
440619,0
440620,0
440621,0
440622,0
440623,0
440624,0
440625,0
440626,0
440627,0
440628,0
440629,0
440630,0
440631,0
440632,0
440633,0
440634,0
440635,0
440636,0
440637,0
440638,0
440639,0
440640,0
440641,0
440642,0
440643,0
440644,0
440645,0
440646,0
440647,0
440648,0
440649,0
440650,0
440651,0
440652,0
440653,0
440654,0
440655,0
440656,0
440657,0
440658,0
440659,0
440660,0
440661,0
440662,0
440663,0
440664,0
440665,0
440666,0
440667,0
440668,0
440669,0
440670,0
440671,0
440672,0
440673,0
440674,0
440675,0
440676,0
440677,0
440678,0
440679,0
440680,0
440681,0
440682,0
440683,0
440684,0
440685,0
440686,0
440687,0
440688,0
440689,0
440690,0
440691,0
440692,0
440693,0
440694,0
440695,0
440696,0
440697,0
440698,0
440699,0
440700,0
440701,0
440702,0
440703,0
440704,0
440705,0
440706,0
440707,0
440708,0
440709,0
440710,0
440711,0
440712,0
440713,0
440714,0
440715,0
440716,0
440717,0
440718,0
440719,0
440720,0
440721,0
440722,0
440723,0
440724,0
440725,0
440726,0
440727,0
440728,0
440729,0
440730,0
440731,0
440732,0
440733,0
440734,0
440735,0
440736,0
440737,0
440738,0
440739,0
440740,0
440741,0
440742,0
440743,0
440744,0
440745,0
440746,0
440747,0
440748,0
440749,0
440750,0
440751,0
440752,0
440753,0
440754,0
440755,0
440756,0
440757,0
440758,0
440759,0
440760,0
440761,0
440762,0
440763,0
440764,0
440765,0
440766,0
440767,0
440768,0
440769,0
440770,0
440771,0
440772,0
440773,0
440774,0
440775,0
440776,0
440777,0
440778,0
440779,0
440780,0
440781,0
440782,0
440783,0
440784,0
440785,0
440786,0
440787,0
440788,0
440789,0
440790,0
440791,0
440792,0
440793,0
440794,0
440795,0
440796,0
440797,0
440798,0
440799,0
440800,0
440801,0
440802,0
440803,0
440804,0
440805,0
440806,0
440807,0
440808,0
440809,0
440810,0
440811,0
440812,0
440813,0
440814,0
440815,0
440816,0
440817,0
440818,0
440819,0
440820,0
440821,0
440822,0
440823,0
440824,0
440825,0
440826,0
440827,0
440828,0
440829,0
440830,0
440831,0
440832,0
440833,0
440834,0
440835,0
440836,0
440837,0
440838,0
440839,0
440840,0
440841,0
440842,0
440843,0
440844,0
440845,0
440846,0
440847,0
440848,0
440849,0
440850,0
440851,0
440852,0
440853,0
440854,0
440855,0
440856,0
440857,0
440858,0
440859,0
440860,0
440861,0
440862,0
440863,0
440864,0
440865,0
440866,0
440867,0
440868,0
440869,0
440870,0
440871,0
440872,0
440873,0
440874,0
440875,0
440876,0
440877,0
440878,0
440879,0
440880,0
440881,0
440882,0
440883,0
440884,0
440885,0
440886,0
440887,0
440888,0
440889,0
440890,0
440891,0
440892,0
440893,0
440894,0
440895,0
440896,0
440897,0
440898,0
440899,0
440900,0
440901,0
440902,0
440903,0
440904,0
440905,0
440906,0
440907,0
440908,0
440909,0
440910,0
440911,0
440912,0
440913,0
440914,0
440915,0
440916,0
440917,0
440918,0
440919,0
440920,0
440921,0
440922,0
440923,0
440924,0
440925,0
440926,0
440927,0
440928,0
440929,0
440930,0
440931,0
440932,0
440933,0
440934,0
440935,0
440936,0
440937,0
440938,0
440939,0
440940,0
440941,0
440942,0
440943,0
440944,0
440945,0
440946,0
440947,0
440948,0
440949,0
440950,0
440951,0
440952,0
440953,0
440954,0
440955,0
440956,0
440957,0
440958,0
440959,0
440960,0
440961,0
440962,0
440963,0
440964,0
440965,0
440966,0
440967,0
440968,0
440969,0
440970,0
440971,0
440972,0
440973,0
440974,0
440975,0
440976,0
440977,0
440978,0
440979,0
440980,0
440981,0
440982,0
440983,0
440984,0
440985,0
440986,0
440987,0
440988,0
440989,0
440990,0
440991,0
440992,0
440993,0
440994,0
440995,0
440996,0
440997,0
440998,0
440999,0
441000,0
441001,0
441002,0
441003,0
441004,0
441005,0
441006,0
441007,0
441008,0
441009,0
441010,0
441011,0
441012,0
441013,0
441014,0
441015,0
441016,0
441017,0
441018,0
441019,0
441020,0
441021,0
441022,0
441023,0
441024,0
441025,0
441026,0
441027,0
441028,0
441029,0
441030,0
441031,0
441032,0
441033,0
441034,0
441035,0
441036,0
441037,0
441038,0
441039,0
441040,0
441041,0
441042,0
441043,0
441044,0
441045,0
441046,0
441047,0
441048,0
441049,0
441050,0
441051,0
441052,0
441053,0
441054,0
441055,0
441056,0
441057,0
441058,0
441059,0
441060,0
441061,0
441062,0
441063,0
441064,0
441065,0
441066,0
441067,0
441068,0
441069,0
441070,0
441071,0
441072,0
441073,0
441074,0
441075,0
441076,0
441077,0
441078,0
441079,0
441080,0
441081,0
441082,0
441083,0
441084,0
441085,0
441086,0
441087,0
441088,0
441089,0
441090,0
441091,0
441092,0
441093,0
441094,0
441095,0
441096,0
441097,0
441098,0
441099,0
441100,0
441101,0
441102,0
441103,0
441104,0
441105,0
441106,0
441107,0
441108,0
441109,0
441110,0
441111,0
441112,0
441113,0
441114,0
441115,0
441116,0
441117,0
441118,0
441119,0
441120,0
441121,0
441122,0
441123,0
441124,0
441125,0
441126,0
441127,0
441128,0
441129,0
441130,0
441131,0
441132,0
441133,0
441134,0
441135,0
441136,0
441137,0
441138,0
441139,0
441140,0
441141,0
441142,0
441143,0
441144,0
441145,0
441146,0
441147,0
441148,0
441149,0
441150,0
441151,0
441152,0
441153,0
441154,0
441155,0
441156,0
441157,0
441158,0
441159,0
441160,0
441161,0
441162,0
441163,0
441164,0
441165,0
441166,0
441167,0
441168,0
441169,0
441170,0
441171,0
441172,0
441173,0
441174,0
441175,0
441176,0
441177,0
441178,0
441179,0
441180,0
441181,0
441182,0
441183,0
441184,0
441185,0
441186,0
441187,0
441188,0
441189,0
441190,0
441191,0
441192,0
441193,0
441194,0
441195,0
441196,0
441197,0
441198,0
441199,0
441200,0
441201,0
441202,0
441203,0
441204,0
441205,0
441206,0
441207,0
441208,0
441209,0
441210,0
441211,0
441212,0
441213,0
441214,0
441215,0
441216,0
441217,0
441218,0
441219,0
441220,0
441221,0
441222,0
441223,0
441224,0
441225,0
441226,0
441227,0
441228,0
441229,0
441230,0
441231,0
441232,0
441233,0
441234,0
441235,0
441236,0
441237,0
441238,0
441239,0
441240,0
441241,0
441242,0
441243,0
441244,0
441245,0
441246,0
441247,0
441248,0
441249,0
441250,0
441251,0
441252,0
441253,0
441254,0
441255,0
441256,0
441257,0
441258,0
441259,0
441260,0
441261,0
441262,0
441263,0
441264,0
441265,0
441266,0
441267,0
441268,0
441269,0
441270,0
441271,0
441272,0
441273,0
441274,0
441275,0
441276,0
441277,0
441278,0
441279,0
441280,0
441281,0
441282,0
441283,0
441284,0
441285,0
441286,0
441287,0
441288,0
441289,0
441290,0
441291,0
441292,0
441293,0
441294,0
441295,0
441296,0
441297,0
441298,0
441299,0
441300,0
441301,0
441302,0
441303,0
441304,0
441305,0
441306,0
441307,0
441308,0
441309,0
441310,0
441311,0
441312,0
441313,0
441314,0
441315,0
441316,0
441317,0
441318,0
441319,0
441320,0
441321,0
441322,0
441323,0
441324,0
441325,0
441326,0
441327,0
441328,0
441329,0
441330,0
441331,0
441332,0
441333,0
441334,0
441335,0
441336,0
441337,0
441338,0
441339,0
441340,0
441341,0
441342,0
441343,0
441344,0
441345,0
441346,0
441347,0
441348,0
441349,0
441350,0
441351,0
441352,0
441353,0
441354,0
441355,0
441356,0
441357,0
441358,0
441359,0
441360,0
441361,0
441362,0
441363,0
441364,0
441365,0
441366,0
441367,0
441368,0
441369,0
441370,0
441371,0
441372,0
441373,0
441374,0
441375,0
441376,0
441377,0
441378,0
441379,0
441380,0
441381,0
441382,0
441383,0
441384,0
441385,0
441386,0
441387,0
441388,0
441389,0
441390,0
441391,0
441392,0
441393,0
441394,0
441395,0
441396,0
441397,0
441398,0
441399,0
441400,0
441401,0
441402,0
441403,0
441404,0
441405,0
441406,0
441407,0
441408,0
441409,0
441410,0
441411,0
441412,0
441413,0
441414,0
441415,0
441416,0
441417,0
441418,0
441419,0
441420,0
441421,0
441422,0
441423,0
441424,0
441425,0
441426,0
441427,0
441428,0
441429,0
441430,0
441431,0
441432,0
441433,0
441434,0
441435,0
441436,0
441437,0
441438,0
441439,0
441440,0
441441,0
441442,0
441443,0
441444,0
441445,0
441446,0
441447,0
441448,0
441449,0
441450,0
441451,0
441452,0
441453,0
441454,0
441455,0
441456,0
441457,0
441458,0
441459,0
441460,0
441461,0
441462,0
441463,0
441464,0
441465,0
441466,0
441467,0
441468,0
441469,0
441470,0
441471,0
441472,0
441473,0
441474,0
441475,0
441476,0
441477,0
441478,0
441479,0
441480,0
441481,0
441482,0
441483,0
441484,0
441485,0
441486,0
441487,0
441488,0
441489,0
441490,0
441491,0
441492,0
441493,0
441494,0
441495,0
441496,0
441497,0
441498,0
441499,0
441500,0
441501,0
441502,0
441503,0
441504,0
441505,0
441506,0
441507,0
441508,0
441509,0
441510,0
441511,0
441512,0
441513,0
441514,0
441515,0
441516,0
441517,0
441518,0
441519,0
441520,0
441521,0
441522,0
441523,0
441524,0
441525,0
441526,0
441527,0
441528,0
441529,0
441530,0
441531,0
441532,0
441533,0
441534,0
441535,0
441536,0
441537,0
441538,0
441539,0
441540,0
441541,0
441542,0
441543,0
441544,0
441545,0
441546,0
441547,0
441548,0
441549,0
441550,0
441551,0
441552,0
441553,0
441554,0
441555,0
441556,0
441557,0
441558,0
441559,0
441560,0
441561,0
441562,0
441563,0
441564,0
441565,0
441566,0
441567,0
441568,0
441569,0
441570,0
441571,0
441572,0
441573,0
441574,0
441575,0
441576,0
441577,0
441578,0
441579,0
441580,0
441581,0
441582,0
441583,0
441584,0
441585,0
441586,0
441587,0
441588,0
441589,0
441590,0
441591,0
441592,0
441593,0
441594,0
441595,0
441596,0
441597,0
441598,0
441599,0
441600,0
441601,0
441602,0
441603,0
441604,0
441605,0
441606,0
441607,0
441608,0
441609,0
441610,0
441611,0
441612,0
441613,0
441614,0
441615,0
441616,0
441617,0
441618,0
441619,0
441620,0
441621,0
441622,0
441623,0
441624,0
441625,0
441626,0
441627,0
441628,0
441629,0
441630,0
441631,0
441632,0
441633,0
441634,0
441635,0
441636,0
441637,0
441638,0
441639,0
441640,0
441641,0
441642,0
441643,0
441644,0
441645,0
441646,0
441647,0
441648,0
441649,0
441650,0
441651,0
441652,0
441653,0
441654,0
441655,0
441656,0
441657,0
441658,0
441659,0
441660,0
441661,0
441662,0
441663,0
441664,0
441665,0
441666,0
441667,0
441668,0
441669,0
441670,0
441671,0
441672,0
441673,0
441674,0
441675,0
441676,0
441677,0
441678,0
441679,0
441680,0
441681,0
441682,0
441683,0
441684,0
441685,0
441686,0
441687,0
441688,0
441689,0
441690,0
441691,0
441692,0
441693,0
441694,0
441695,0
441696,0
441697,0
441698,0
441699,0
441700,0
441701,0
441702,0
441703,0
441704,0
441705,0
441706,0
441707,0
441708,0
441709,0
441710,0
441711,0
441712,0
441713,0
441714,0
441715,0
441716,0
441717,0
441718,0
441719,0
441720,0
441721,0
441722,0
441723,0
441724,0
441725,0
441726,0
441727,0
441728,0
441729,0
441730,0
441731,0
441732,0
441733,0
441734,0
441735,0
441736,0
441737,0
441738,0
441739,0
441740,0
441741,0
441742,0
441743,0
441744,0
441745,0
441746,0
441747,0
441748,0
441749,0
441750,0
441751,0
441752,0
441753,0
441754,0
441755,0
441756,0
441757,0
441758,0
441759,0
441760,0
441761,0
441762,0
441763,0
441764,0
441765,0
441766,0
441767,0
441768,0
441769,0
441770,0
441771,0
441772,0
441773,0
441774,0
441775,0
441776,0
441777,0
441778,0
441779,0
441780,0
441781,0
441782,0
441783,0
441784,0
441785,0
441786,0
441787,0
441788,0
441789,0
441790,0
441791,0
441792,0
441793,0
441794,0
441795,0
441796,0
441797,0
441798,0
441799,0
441800,0
441801,0
441802,0
441803,0
441804,0
441805,0
441806,0
441807,0
441808,0
441809,0
441810,0
441811,0
441812,0
441813,0
441814,0
441815,0
441816,0
441817,0
441818,0
441819,0
441820,0
441821,0
441822,0
441823,0
441824,0
441825,0
441826,0
441827,0
441828,0
441829,0
441830,0
441831,0
441832,0
441833,0
441834,0
441835,0
441836,0
441837,0
441838,0
441839,0
441840,0
441841,0
441842,0
441843,0
441844,0
441845,0
441846,0
441847,0
441848,0
441849,0
441850,0
441851,0
441852,0
441853,0
441854,0
441855,0
441856,0
441857,0
441858,0
441859,0
441860,0
441861,0
441862,0
441863,0
441864,0
441865,0
441866,0
441867,0
441868,0
441869,0
441870,0
441871,0
441872,0
441873,0
441874,0
441875,0
441876,0
441877,0
441878,0
441879,0
441880,0
441881,0
441882,0
441883,0
441884,0
441885,0
441886,0
441887,0
441888,0
441889,0
441890,0
441891,0
441892,0
441893,0
441894,0
441895,0
441896,0
441897,0
441898,0
441899,0
441900,0
441901,0
441902,0
441903,0
441904,0
441905,0
441906,0
441907,0
441908,0
441909,0
441910,0
441911,0
441912,0
441913,0
441914,0
441915,0
441916,0
441917,0
441918,0
441919,0
441920,0
441921,0
441922,0
441923,0
441924,0
441925,0
441926,0
441927,0
441928,0
441929,0
441930,0
441931,0
441932,0
441933,0
441934,0
441935,0
441936,0
441937,0
441938,0
441939,0
441940,0
441941,0
441942,0
441943,0
441944,0
441945,0
441946,0
441947,0
441948,0
441949,0
441950,0
441951,0
441952,0
441953,0
441954,0
441955,0
441956,0
441957,0
441958,0
441959,0
441960,0
441961,0
441962,0
441963,0
441964,0
441965,0
441966,0
441967,0
441968,0
441969,0
441970,0
441971,0
441972,0
441973,0
441974,0
441975,0
441976,0
441977,0
441978,0
441979,0
441980,0
441981,0
441982,0
441983,0
441984,0
441985,0
441986,0
441987,0
441988,0
441989,0
441990,0
441991,0
441992,0
441993,0
441994,0
441995,0
441996,0
441997,0
441998,0
441999,0
442000,0
442001,0
442002,0
442003,0
442004,0
442005,0
442006,0
442007,0
442008,0
442009,0
442010,0
442011,0
442012,0
442013,0
442014,0
442015,0
442016,0
442017,0
442018,0
442019,0
442020,0
442021,0
442022,0
442023,0
442024,0
442025,0
442026,0
442027,0
442028,0
442029,0
442030,0
442031,0
442032,0
442033,0
442034,0
442035,0
442036,0
442037,0
442038,0
442039,0
442040,0
442041,0
442042,0
442043,0
442044,0
442045,0
442046,0
442047,0
442048,0
442049,0
442050,0
442051,0
442052,0
442053,0
442054,0
442055,0
442056,0
442057,0
442058,0
442059,0
442060,0
442061,0
442062,0
442063,0
442064,0
442065,0
442066,0
442067,0
442068,0
442069,0
442070,0
442071,0
442072,0
442073,0
442074,0
442075,0
442076,0
442077,0
442078,0
442079,0
442080,0
442081,0
442082,0
442083,0
442084,0
442085,0
442086,0
442087,0
442088,0
442089,0
442090,0
442091,0
442092,0
442093,0
442094,0
442095,0
442096,0
442097,0
442098,0
442099,0
442100,0
442101,0
442102,0
442103,0
442104,0
442105,0
442106,0
442107,0
442108,0
442109,0
442110,0
442111,0
442112,0
442113,0
442114,0
442115,0
442116,0
442117,0
442118,0
442119,0
442120,0
442121,0
442122,0
442123,0
442124,0
442125,0
442126,0
442127,0
442128,0
442129,0
442130,0
442131,0
442132,0
442133,0
442134,0
442135,0
442136,0
442137,0
442138,0
442139,0
442140,0
442141,0
442142,0
442143,0
442144,0
442145,0
442146,0
442147,0
442148,0
442149,0
442150,0
442151,0
442152,0
442153,0
442154,0
442155,0
442156,0
442157,0
442158,0
442159,0
442160,0
442161,0
442162,0
442163,0
442164,0
442165,0
442166,0
442167,0
442168,0
442169,0
442170,0
442171,0
442172,0
442173,0
442174,0
442175,0
442176,0
442177,0
442178,0
442179,0
442180,0
442181,0
442182,0
442183,0
442184,0
442185,0
442186,0
442187,0
442188,0
442189,0
442190,0
442191,0
442192,0
442193,0
442194,0
442195,0
442196,0
442197,0
442198,0
442199,0
442200,0
442201,0
442202,0
442203,0
442204,0
442205,0
442206,0
442207,0
442208,0
442209,0
442210,0
442211,0
442212,0
442213,0
442214,0
442215,0
442216,0
442217,0
442218,0
442219,0
442220,0
442221,0
442222,0
442223,0
442224,0
442225,0
442226,0
442227,0
442228,0
442229,0
442230,0
442231,0
442232,0
442233,0
442234,0
442235,0
442236,0
442237,0
442238,0
442239,0
442240,0
442241,0
442242,0
442243,0
442244,0
442245,0
442246,0
442247,0
442248,0
442249,0
442250,0
442251,0
442252,0
442253,0
442254,0
442255,0
442256,0
442257,0
442258,0
442259,0
442260,0
442261,0
442262,0
442263,0
442264,0
442265,0
442266,0
442267,0
442268,0
442269,0
442270,0
442271,0
442272,0
442273,0
442274,0
442275,0
442276,0
442277,0
442278,0
442279,0
442280,0
442281,0
442282,0
442283,0
442284,0
442285,0
442286,0
442287,0
442288,0
442289,0
442290,0
442291,0
442292,0
442293,0
442294,0
442295,0
442296,0
442297,0
442298,0
442299,0
442300,0
442301,0
442302,0
442303,0
442304,0
442305,0
442306,0
442307,0
442308,0
442309,0
442310,0
442311,0
442312,0
442313,0
442314,0
442315,0
442316,0
442317,0
442318,0
442319,0
442320,0
442321,0
442322,0
442323,0
442324,0
442325,0
442326,0
442327,0
442328,0
442329,0
442330,0
442331,0
442332,0
442333,0
442334,0
442335,0
442336,0
442337,0
442338,0
442339,0
442340,0
442341,0
442342,0
442343,0
442344,0
442345,0
442346,0
442347,0
442348,0
442349,0
442350,0
442351,0
442352,0
442353,0
442354,0
442355,0
442356,0
442357,0
442358,0
442359,0
442360,0
442361,0
442362,0
442363,0
442364,0
442365,0
442366,0
442367,0
442368,0
442369,0
442370,0
442371,0
442372,0
442373,0
442374,0
442375,0
442376,0
442377,0
442378,0
442379,0
442380,0
442381,0
442382,0
442383,0
442384,0
442385,0
442386,0
442387,0
442388,0
442389,0
442390,0
442391,0
442392,0
442393,0
442394,0
442395,0
442396,0
442397,0
442398,0
442399,0
442400,0
442401,0
442402,0
442403,0
442404,0
442405,0
442406,0
442407,0
442408,0
442409,0
442410,0
442411,0
442412,0
442413,0
442414,0
442415,0
442416,0
442417,0
442418,0
442419,0
442420,0
442421,0
442422,0
442423,0
442424,0
442425,0
442426,0
442427,0
442428,0
442429,0
442430,0
442431,0
442432,0
442433,0
442434,0
442435,0
442436,0
442437,0
442438,0
442439,0
442440,0
442441,0
442442,0
442443,0
442444,0
442445,0
442446,0
442447,0
442448,0
442449,0
442450,0
442451,0
442452,0
442453,0
442454,0
442455,0
442456,0
442457,0
442458,0
442459,0
442460,0
442461,0
442462,0
442463,0
442464,0
442465,0
442466,0
442467,0
442468,0
442469,0
442470,0
442471,0
442472,0
442473,0
442474,0
442475,0
442476,0
442477,0
442478,0
442479,0
442480,0
442481,0
442482,0
442483,0
442484,0
442485,0
442486,0
442487,0
442488,0
442489,0
442490,0
442491,0
442492,0
442493,0
442494,0
442495,0
442496,0
442497,0
442498,0
442499,0
442500,0
442501,0
442502,0
442503,0
442504,0
442505,0
442506,0
442507,0
442508,0
442509,0
442510,0
442511,0
442512,0
442513,0
442514,0
442515,0
442516,0
442517,0
442518,0
442519,0
442520,0
442521,0
442522,0
442523,0
442524,0
442525,0
442526,0
442527,0
442528,0
442529,0
442530,0
442531,0
442532,0
442533,0
442534,0
442535,0
442536,0
442537,0
442538,0
442539,0
442540,0
442541,0
442542,0
442543,0
442544,0
442545,0
442546,0
442547,0
442548,0
442549,0
442550,0
442551,0
442552,0
442553,0
442554,0
442555,0
442556,0
442557,0
442558,0
442559,0
442560,0
442561,0
442562,0
442563,0
442564,0
442565,0
442566,0
442567,0
442568,0
442569,0
442570,0
442571,0
442572,0
442573,0
442574,0
442575,0
442576,0
442577,0
442578,0
442579,0
442580,0
442581,0
442582,0
442583,0
442584,0
442585,0
442586,0
442587,0
442588,0
442589,0
442590,0
442591,0
442592,0
442593,0
442594,0
442595,0
442596,0
442597,0
442598,0
442599,0
442600,0
442601,0
442602,0
442603,0
442604,0
442605,0
442606,0
442607,0
442608,0
442609,0
442610,0
442611,0
442612,0
442613,0
442614,0
442615,0
442616,0
442617,0
442618,0
442619,0
442620,0
442621,0
442622,0
442623,0
442624,0
442625,0
442626,0
442627,0
442628,0
442629,0
442630,0
442631,0
442632,0
442633,0
442634,0
442635,0
442636,0
442637,0
442638,0
442639,0
442640,0
442641,0
442642,0
442643,0
442644,0
442645,0
442646,0
442647,0
442648,0
442649,0
442650,0
442651,0
442652,0
442653,0
442654,0
442655,0
442656,0
442657,0
442658,0
442659,0
442660,0
442661,0
442662,0
442663,0
442664,0
442665,0
442666,0
442667,0
442668,0
442669,0
442670,0
442671,0
442672,0
442673,0
442674,0
442675,0
442676,0
442677,0
442678,0
442679,0
442680,0
442681,0
442682,0
442683,0
442684,0
442685,0
442686,0
442687,0
442688,0
442689,0
442690,0
442691,0
442692,0
442693,0
442694,0
442695,0
442696,0
442697,0
442698,0
442699,0
442700,0
442701,0
442702,0
442703,0
442704,0
442705,0
442706,0
442707,0
442708,0
442709,0
442710,0
442711,0
442712,0
442713,0
442714,0
442715,0
442716,0
442717,0
442718,0
442719,0
442720,0
442721,0
442722,0
442723,0
442724,0
442725,0
442726,0
442727,0
442728,0
442729,0
442730,0
442731,0
442732,0
442733,0
442734,0
442735,0
442736,0
442737,0
442738,0
442739,0
442740,0
442741,0
442742,0
442743,0
442744,0
442745,0
442746,0
442747,0
442748,0
442749,0
442750,0
442751,0
442752,0
442753,0
442754,0
442755,0
442756,0
442757,0
442758,0
442759,0
442760,0
442761,0
442762,0
442763,0
442764,0
442765,0
442766,0
442767,0
442768,0
442769,0
442770,0
442771,0
442772,0
442773,0
442774,0
442775,0
442776,0
442777,0
442778,0
442779,0
442780,0
442781,0
442782,0
442783,0
442784,0
442785,0
442786,0
442787,0
442788,0
442789,0
442790,0
442791,0
442792,0
442793,0
442794,0
442795,0
442796,0
442797,0
442798,0
442799,0
442800,0
442801,0
442802,0
442803,0
442804,0
442805,0
442806,0
442807,0
442808,0
442809,0
442810,0
442811,0
442812,0
442813,0
442814,0
442815,0
442816,0
442817,0
442818,0
442819,0
442820,0
442821,0
442822,0
442823,0
442824,0
442825,0
442826,0
442827,0
442828,0
442829,0
442830,0
442831,0
442832,0
442833,0
442834,0
442835,0
442836,0
442837,0
442838,0
442839,0
442840,0
442841,0
442842,0
442843,0
442844,0
442845,0
442846,0
442847,0
442848,0
442849,0
442850,0
442851,0
442852,0
442853,0
442854,0
442855,0
442856,0
442857,0
442858,0
442859,0
442860,0
442861,0
442862,0
442863,0
442864,0
442865,0
442866,0
442867,0
442868,0
442869,0
442870,0
442871,0
442872,0
442873,0
442874,0
442875,0
442876,0
442877,0
442878,0
442879,0
442880,0
442881,0
442882,0
442883,0
442884,0
442885,0
442886,0
442887,0
442888,0
442889,0
442890,0
442891,0
442892,0
442893,0
442894,0
442895,0
442896,0
442897,0
442898,0
442899,0
442900,0
442901,0
442902,0
442903,0
442904,0
442905,0
442906,0
442907,0
442908,0
442909,0
442910,0
442911,0
442912,0
442913,0
442914,0
442915,0
442916,0
442917,0
442918,0
442919,0
442920,0
442921,0
442922,0
442923,0
442924,0
442925,0
442926,0
442927,0
442928,0
442929,0
442930,0
442931,0
442932,0
442933,0
442934,0
442935,0
442936,0
442937,0
442938,0
442939,0
442940,0
442941,0
442942,0
442943,0
442944,0
442945,0
442946,0
442947,0
442948,0
442949,0
442950,0
442951,0
442952,0
442953,0
442954,0
442955,0
442956,0
442957,0
442958,0
442959,0
442960,0
442961,0
442962,0
442963,0
442964,0
442965,0
442966,0
442967,0
442968,0
442969,0
442970,0
442971,0
442972,0
442973,0
442974,0
442975,0
442976,0
442977,0
442978,0
442979,0
442980,0
442981,0
442982,0
442983,0
442984,0
442985,0
442986,0
442987,0
442988,0
442989,0
442990,0
442991,0
442992,0
442993,0
442994,0
442995,0
442996,0
442997,0
442998,0
442999,0
443000,0
443001,0
443002,0
443003,0
443004,0
443005,0
443006,0
443007,0
443008,0
443009,0
443010,0
443011,0
443012,0
443013,0
443014,0
443015,0
443016,0
443017,0
443018,0
443019,0
443020,0
443021,0
443022,0
443023,0
443024,0
443025,0
443026,0
443027,0
443028,0
443029,0
443030,0
443031,0
443032,0
443033,0
443034,0
443035,0
443036,0
443037,0
443038,0
443039,0
443040,0
443041,0
443042,0
443043,0
443044,0
443045,0
443046,0
443047,0
443048,0
443049,0
443050,0
443051,0
443052,0
443053,0
443054,0
443055,0
443056,0
443057,0
443058,0
443059,0
443060,0
443061,0
443062,0
443063,0
443064,0
443065,0
443066,0
443067,0
443068,0
443069,0
443070,0
443071,0
443072,0
443073,0
443074,0
443075,0
443076,0
443077,0
443078,0
443079,0
443080,0
443081,0
443082,0
443083,0
443084,0
443085,0
443086,0
443087,0
443088,0
443089,0
443090,0
443091,0
443092,0
443093,0
443094,0
443095,0
443096,0
443097,0
443098,0
443099,0
443100,0
443101,0
443102,0
443103,0
443104,0
443105,0
443106,0
443107,0
443108,0
443109,0
443110,0
443111,0
443112,0
443113,0
443114,0
443115,0
443116,0
443117,0
443118,0
443119,0
443120,0
443121,0
443122,0
443123,0
443124,0
443125,0
443126,0
443127,0
443128,0
443129,0
443130,0
443131,0
443132,0
443133,0
443134,0
443135,0
443136,0
443137,0
443138,0
443139,0
443140,0
443141,0
443142,0
443143,0
443144,0
443145,0
443146,0
443147,0
443148,0
443149,0
443150,0
443151,0
443152,0
443153,0
443154,0
443155,0
443156,0
443157,0
443158,0
443159,0
443160,0
443161,0
443162,0
443163,0
443164,0
443165,0
443166,0
443167,0
443168,0
443169,0
443170,0
443171,0
443172,0
443173,0
443174,0
443175,0
443176,0
443177,0
443178,0
443179,0
443180,0
443181,0
443182,0
443183,0
443184,0
443185,0
443186,0
443187,0
443188,0
443189,0
443190,0
443191,0
443192,0
443193,0
443194,0
443195,0
443196,0
443197,0
443198,0
443199,0
443200,0
443201,0
443202,0
443203,0
443204,0
443205,0
443206,0
443207,0
443208,0
443209,0
443210,0
443211,0
443212,0
443213,0
443214,0
443215,0
443216,0
443217,0
443218,0
443219,0
443220,0
443221,0
443222,0
443223,0
443224,0
443225,0
443226,0
443227,0
443228,0
443229,0
443230,0
443231,0
443232,0
443233,0
443234,0
443235,0
443236,0
443237,0
443238,0
443239,0
443240,0
443241,0
443242,0
443243,0
443244,0
443245,0
443246,0
443247,0
443248,0
443249,0
443250,0
443251,0
443252,0
443253,0
443254,0
443255,0
443256,0
443257,0
443258,0
443259,0
443260,0
443261,0
443262,0
443263,0
443264,0
443265,0
443266,0
443267,0
443268,0
443269,0
443270,0
443271,0
443272,0
443273,0
443274,0
443275,0
443276,0
443277,0
443278,0
443279,0
443280,0
443281,0
443282,0
443283,0
443284,0
443285,0
443286,0
443287,0
443288,0
443289,0
443290,0
443291,0
443292,0
443293,0
443294,0
443295,0
443296,0
443297,0
443298,0
443299,0
443300,0
443301,0
443302,0
443303,0
443304,0
443305,0
443306,0
443307,0
443308,0
443309,0
443310,0
443311,0
443312,0
443313,0
443314,0
443315,0
443316,0
443317,0
443318,0
443319,0
443320,0
443321,0
443322,0
443323,0
443324,0
443325,0
443326,0
443327,0
443328,0
443329,0
443330,0
443331,0
443332,0
443333,0
443334,0
443335,0
443336,0
443337,0
443338,0
443339,0
443340,0
443341,0
443342,0
443343,0
443344,0
443345,0
443346,0
443347,0
443348,0
443349,0
443350,0
443351,0
443352,0
443353,0
443354,0
443355,0
443356,0
443357,0
443358,0
443359,0
443360,0
443361,0
443362,0
443363,0
443364,0
443365,0
443366,0
443367,0
443368,0
443369,0
443370,0
443371,0
443372,0
443373,0
443374,0
443375,0
443376,0
443377,0
443378,0
443379,0
443380,0
443381,0
443382,0
443383,0
443384,0
443385,0
443386,0
443387,0
443388,0
443389,0
443390,0
443391,0
443392,0
443393,0
443394,0
443395,0
443396,0
443397,0
443398,0
443399,0
443400,0
443401,0
443402,0
443403,0
443404,0
443405,0
443406,0
443407,0
443408,0
443409,0
443410,0
443411,0
443412,0
443413,0
443414,0
443415,0
443416,0
443417,0
443418,0
443419,0
443420,0
443421,0
443422,0
443423,0
443424,0
443425,0
443426,0
443427,0
443428,0
443429,0
443430,0
443431,0
443432,0
443433,0
443434,0
443435,0
443436,0
443437,0
443438,0
443439,0
443440,0
443441,0
443442,0
443443,0
443444,0
443445,0
443446,0
443447,0
443448,0
443449,0
443450,0
443451,0
443452,0
443453,0
443454,0
443455,0
443456,0
443457,0
443458,0
443459,0
443460,0
443461,0
443462,0
443463,0
443464,0
443465,0
443466,0
443467,0
443468,0
443469,0
443470,0
443471,0
443472,0
443473,0
443474,0
443475,0
443476,0
443477,0
443478,0
443479,0
443480,0
443481,0
443482,0
443483,0
443484,0
443485,0
443486,0
443487,0
443488,0
443489,0
443490,0
443491,0
443492,0
443493,0
443494,0
443495,0
443496,0
443497,0
443498,0
443499,0
443500,0
443501,0
443502,0
443503,0
443504,0
443505,0
443506,0
443507,0
443508,0
443509,0
443510,0
443511,0
443512,0
443513,0
443514,0
443515,0
443516,0
443517,0
443518,0
443519,0
443520,0
443521,0
443522,0
443523,0
443524,0
443525,0
443526,0
443527,0
443528,0
443529,0
443530,0
443531,0
443532,0
443533,0
443534,0
443535,0
443536,0
443537,0
443538,0
443539,0
443540,0
443541,0
443542,0
443543,0
443544,0
443545,0
443546,0
443547,0
443548,0
443549,0
443550,0
443551,0
443552,0
443553,0
443554,0
443555,0
443556,0
443557,0
443558,0
443559,0
443560,0
443561,0
443562,0
443563,0
443564,0
443565,0
443566,0
443567,0
443568,0
443569,0
443570,0
443571,0
443572,0
443573,0
443574,0
443575,0
443576,0
443577,0
443578,0
443579,0
443580,0
443581,0
443582,0
443583,0
443584,0
443585,0
443586,0
443587,0
443588,0
443589,0
443590,0
443591,0
443592,0
443593,0
443594,0
443595,0
443596,0
443597,0
443598,0
443599,0
443600,0
443601,0
443602,0
443603,0
443604,0
443605,0
443606,0
443607,0
443608,0
443609,0
443610,0
443611,0
443612,0
443613,0
443614,0
443615,0
443616,0
443617,0
443618,0
443619,0
443620,0
443621,0
443622,0
443623,0
443624,0
443625,0
443626,0
443627,0
443628,0
443629,0
443630,0
443631,0
443632,0
443633,0
443634,0
443635,0
443636,0
443637,0
443638,0
443639,0
443640,0
443641,0
443642,0
443643,0
443644,0
443645,0
443646,0
443647,0
443648,0
443649,0
443650,0
443651,0
443652,0
443653,0
443654,0
443655,0
443656,0
443657,0
443658,0
443659,0
443660,0
443661,0
443662,0
443663,0
443664,0
443665,0
443666,0
443667,0
443668,0
443669,0
443670,0
443671,0
443672,0
443673,0
443674,0
443675,0
443676,0
443677,0
443678,0
443679,0
443680,0
443681,0
443682,0
443683,0
443684,0
443685,0
443686,0
443687,0
443688,0
443689,0
443690,0
443691,0
443692,0
443693,0
443694,0
443695,0
443696,0
443697,0
443698,0
443699,0
443700,0
443701,0
443702,0
443703,0
443704,0
443705,0
443706,0
443707,0
443708,0
443709,0
443710,0
443711,0
443712,0
443713,0
443714,0
443715,0
443716,0
443717,0
443718,0
443719,0
443720,0
443721,0
443722,0
443723,0
443724,0
443725,0
443726,0
443727,0
443728,0
443729,0
443730,0
443731,0
443732,0
443733,0
443734,0
443735,0
443736,0
443737,0
443738,0
443739,0
443740,0
443741,0
443742,0
443743,0
443744,0
443745,0
443746,0
443747,0
443748,0
443749,0
443750,0
443751,0
443752,0
443753,0
443754,0
443755,0
443756,0
443757,0
443758,0
443759,0
443760,0
443761,0
443762,0
443763,0
443764,0
443765,0
443766,0
443767,0
443768,0
443769,0
443770,0
443771,0
443772,0
443773,0
443774,0
443775,0
443776,0
443777,0
443778,0
443779,0
443780,0
443781,0
443782,0
443783,0
443784,0
443785,0
443786,0
443787,0
443788,0
443789,0
443790,0
443791,0
443792,0
443793,0
443794,0
443795,0
443796,0
443797,0
443798,0
443799,0
443800,0
443801,0
443802,0
443803,0
443804,0
443805,0
443806,0
443807,0
443808,0
443809,0
443810,0
443811,0
443812,0
443813,0
443814,0
443815,0
443816,0
443817,0
443818,0
443819,0
443820,0
443821,0
443822,0
443823,0
443824,0
443825,0
443826,0
443827,0
443828,0
443829,0
443830,0
443831,0
443832,0
443833,0
443834,0
443835,0
443836,0
443837,0
443838,0
443839,0
443840,0
443841,0
443842,0
443843,0
443844,0
443845,0
443846,0
443847,0
443848,0
443849,0
443850,0
443851,0
443852,0
443853,0
443854,0
443855,0
443856,0
443857,0
443858,0
443859,0
443860,0
443861,0
443862,0
443863,0
443864,0
443865,0
443866,0
443867,0
443868,0
443869,0
443870,0
443871,0
443872,0
443873,0
443874,0
443875,0
443876,0
443877,0
443878,0
443879,0
443880,0
443881,0
443882,0
443883,0
443884,0
443885,0
443886,0
443887,0
443888,0
443889,0
443890,0
443891,0
443892,0
443893,0
443894,0
443895,0
443896,0
443897,0
443898,0
443899,0
443900,0
443901,0
443902,0
443903,0
443904,0
443905,0
443906,0
443907,0
443908,0
443909,0
443910,0
443911,0
443912,0
443913,0
443914,0
443915,0
443916,0
443917,0
443918,0
443919,0
443920,0
443921,0
443922,0
443923,0
443924,0
443925,0
443926,0
443927,0
443928,0
443929,0
443930,0
443931,0
443932,0
443933,0
443934,0
443935,0
443936,0
443937,0
443938,0
443939,0
443940,0
443941,0
443942,0
443943,0
443944,0
443945,0
443946,0
443947,0
443948,0
443949,0
443950,0
443951,0
443952,0
443953,0
443954,0
443955,0
443956,0
443957,0
443958,0
443959,0
443960,0
443961,0
443962,0
443963,0
443964,0
443965,0
443966,0
443967,0
443968,0
443969,0
443970,0
443971,0
443972,0
443973,0
443974,0
443975,0
443976,0
443977,0
443978,0
443979,0
443980,0
443981,0
443982,0
443983,0
443984,0
443985,0
443986,0
443987,0
443988,0
443989,0
443990,0
443991,0
443992,0
443993,0
443994,0
443995,0
443996,0
443997,0
443998,0
443999,0
444000,0
444001,0
444002,0
444003,0
444004,0
444005,0
444006,0
444007,0
444008,0
444009,0
444010,0
444011,0
444012,0
444013,0
444014,0
444015,0
444016,0
444017,0
444018,0
444019,0
444020,0
444021,0
444022,0
444023,0
444024,0
444025,0
444026,0
444027,0
444028,0
444029,0
444030,0
444031,0
444032,0
444033,0
444034,0
444035,0
444036,0
444037,0
444038,0
444039,0
444040,0
444041,0
444042,0
444043,0
444044,0
444045,0
444046,0
444047,0
444048,0
444049,0
444050,0
444051,0
444052,0
444053,0
444054,0
444055,0
444056,0
444057,0
444058,0
444059,0
444060,0
444061,0
444062,0
444063,0
444064,0
444065,0
444066,0
444067,0
444068,0
444069,0
444070,0
444071,0
444072,0
444073,0
444074,0
444075,0
444076,0
444077,0
444078,0
444079,0
444080,0
444081,0
444082,0
444083,0
444084,0
444085,0
444086,0
444087,0
444088,0
444089,0
444090,0
444091,0
444092,0
444093,0
444094,0
444095,0
444096,0
444097,0
444098,0
444099,0
444100,0
444101,0
444102,0
444103,0
444104,0
444105,0
444106,0
444107,0
444108,0
444109,0
444110,0
444111,0
444112,0
444113,0
444114,0
444115,0
444116,0
444117,0
444118,0
444119,0
444120,0
444121,0
444122,0
444123,0
444124,0
444125,0
444126,0
444127,0
444128,0
444129,0
444130,0
444131,0
444132,0
444133,0
444134,0
444135,0
444136,0
444137,0
444138,0
444139,0
444140,0
444141,0
444142,0
444143,0
444144,0
444145,0
444146,0
444147,0
444148,0
444149,0
444150,0
444151,0
444152,0
444153,0
444154,0
444155,0
444156,0
444157,0
444158,0
444159,0
444160,0
444161,0
444162,0
444163,0
444164,0
444165,0
444166,0
444167,0
444168,0
444169,0
444170,0
444171,0
444172,0
444173,0
444174,0
444175,0
444176,0
444177,0
444178,0
444179,0
444180,0
444181,0
444182,0
444183,0
444184,0
444185,0
444186,0
444187,0
444188,0
444189,0
444190,0
444191,0
444192,0
444193,0
444194,0
444195,0
444196,0
444197,0
444198,0
444199,0
444200,0
444201,0
444202,0
444203,0
444204,0
444205,0
444206,0
444207,0
444208,0
444209,0
444210,0
444211,0
444212,0
444213,0
444214,0
444215,0
444216,0
444217,0
444218,0
444219,0
444220,0
444221,0
444222,0
444223,0
444224,0
444225,0
444226,0
444227,0
444228,0
444229,0
444230,0
444231,0
444232,0
444233,0
444234,0
444235,0
444236,0
444237,0
444238,0
444239,0
444240,0
444241,0
444242,0
444243,0
444244,0
444245,0
444246,0
444247,0
444248,0
444249,0
444250,0
444251,0
444252,0
444253,0
444254,0
444255,0
444256,0
444257,0
444258,0
444259,0
444260,0
444261,0
444262,0
444263,0
444264,0
444265,0
444266,0
444267,0
444268,0
444269,0
444270,0
444271,0
444272,0
444273,0
444274,0
444275,0
444276,0
444277,0
444278,0
444279,0
444280,0
444281,0
444282,0
444283,0
444284,0
444285,0
444286,0
444287,0
444288,0
444289,0
444290,0
444291,0
444292,0
444293,0
444294,0
444295,0
444296,0
444297,0
444298,0
444299,0
444300,0
444301,0
444302,0
444303,0
444304,0
444305,0
444306,0
444307,0
444308,0
444309,0
444310,0
444311,0
444312,0
444313,0
444314,0
444315,0
444316,0
444317,0
444318,0
444319,0
444320,0
444321,0
444322,0
444323,0
444324,0
444325,0
444326,0
444327,0
444328,0
444329,0
444330,0
444331,0
444332,0
444333,0
444334,0
444335,0
444336,0
444337,0
444338,0
444339,0
444340,0
444341,0
444342,0
444343,0
444344,0
444345,0
444346,0
444347,0
444348,0
444349,0
444350,0
444351,0
444352,0
444353,0
444354,0
444355,0
444356,0
444357,0
444358,0
444359,0
444360,0
444361,0
444362,0
444363,0
444364,0
444365,0
444366,0
444367,0
444368,0
444369,0
444370,0
444371,0
444372,0
444373,0
444374,0
444375,0
444376,0
444377,0
444378,0
444379,0
444380,0
444381,0
444382,0
444383,0
444384,0
444385,0
444386,0
444387,0
444388,0
444389,0
444390,0
444391,0
444392,0
444393,0
444394,0
444395,0
444396,0
444397,0
444398,0
444399,0
444400,0
444401,0
444402,0
444403,0
444404,0
444405,0
444406,0
444407,0
444408,0
444409,0
444410,0
444411,0
444412,0
444413,0
444414,0
444415,0
444416,0
444417,0
444418,0
444419,0
444420,0
444421,0
444422,0
444423,0
444424,0
444425,0
444426,0
444427,0
444428,0
444429,0
444430,0
444431,0
444432,0
444433,0
444434,0
444435,0
444436,0
444437,0
444438,0
444439,0
444440,0
444441,0
444442,0
444443,0
444444,0
444445,0
444446,0
444447,0
444448,0
444449,0
444450,0
444451,0
444452,0
444453,0
444454,0
444455,0
444456,0
444457,0
444458,0
444459,0
444460,0
444461,0
444462,0
444463,0
444464,0
444465,0
444466,0
444467,0
444468,0
444469,0
444470,0
444471,0
444472,0
444473,0
444474,0
444475,0
444476,0
444477,0
444478,0
444479,0
444480,0
444481,0
444482,0
444483,0
444484,0
444485,0
444486,0
444487,0
444488,0
444489,0
444490,0
444491,0
444492,0
444493,0
444494,0
444495,0
444496,0
444497,0
444498,0
444499,0
444500,0
444501,0
444502,0
444503,0
444504,0
444505,0
444506,0
444507,0
444508,0
444509,0
444510,0
444511,0
444512,0
444513,0
444514,0
444515,0
444516,0
444517,0
444518,0
444519,0
444520,0
444521,0
444522,0
444523,0
444524,0
444525,0
444526,0
444527,0
444528,0
444529,0
444530,0
444531,0
444532,0
444533,0
444534,0
444535,0
444536,0
444537,0
444538,0
444539,0
444540,0
444541,0
444542,0
444543,0
444544,0
444545,0
444546,0
444547,0
444548,0
444549,0
444550,0
444551,0
444552,0
444553,0
444554,0
444555,0
444556,0
444557,0
444558,0
444559,0
444560,0
444561,0
444562,0
444563,0
444564,0
444565,0
444566,0
444567,0
444568,0
444569,0
444570,0
444571,0
444572,0
444573,0
444574,0
444575,0
444576,0
444577,0
444578,0
444579,0
444580,0
444581,0
444582,0
444583,0
444584,0
444585,0
444586,0
444587,0
444588,0
444589,0
444590,0
444591,0
444592,0
444593,0
444594,0
444595,0
444596,0
444597,0
444598,0
444599,0
444600,0
444601,0
444602,0
444603,0
444604,0
444605,0
444606,0
444607,0
444608,0
444609,0
444610,0
444611,0
444612,0
444613,0
444614,0
444615,0
444616,0
444617,0
444618,0
444619,0
444620,0
444621,0
444622,0
444623,0
444624,0
444625,0
444626,0
444627,0
444628,0
444629,0
444630,0
444631,0
444632,0
444633,0
444634,0
444635,0
444636,0
444637,0
444638,0
444639,0
444640,0
444641,0
444642,0
444643,0
444644,0
444645,0
444646,0
444647,0
444648,0
444649,0
444650,0
444651,0
444652,0
444653,0
444654,0
444655,0
444656,0
444657,0
444658,0
444659,0
444660,0
444661,0
444662,0
444663,0
444664,0
444665,0
444666,0
444667,0
444668,0
444669,0
444670,0
444671,0
444672,0
444673,0
444674,0
444675,0
444676,0
444677,0
444678,0
444679,0
444680,0
444681,0
444682,0
444683,0
444684,0
444685,0
444686,0
444687,0
444688,0
444689,0
444690,0
444691,0
444692,0
444693,0
444694,0
444695,0
444696,0
444697,0
444698,0
444699,0
444700,0
444701,0
444702,0
444703,0
444704,0
444705,0
444706,0
444707,0
444708,0
444709,0
444710,0
444711,0
444712,0
444713,0
444714,0
444715,0
444716,0
444717,0
444718,0
444719,0
444720,0
444721,0
444722,0
444723,0
444724,0
444725,0
444726,0
444727,0
444728,0
444729,0
444730,0
444731,0
444732,0
444733,0
444734,0
444735,0
444736,0
444737,0
444738,0
444739,0
444740,0
444741,0
444742,0
444743,0
444744,0
444745,0
444746,0
444747,0
444748,0
444749,0
444750,0
444751,0
444752,0
444753,0
444754,0
444755,0
444756,0
444757,0
444758,0
444759,0
444760,0
444761,0
444762,0
444763,0
444764,0
444765,0
444766,0
444767,0
444768,0
444769,0
444770,0
444771,0
444772,0
444773,0
444774,0
444775,0
444776,0
444777,0
444778,0
444779,0
444780,0
444781,0
444782,0
444783,0
444784,0
444785,0
444786,0
444787,0
444788,0
444789,0
444790,0
444791,0
444792,0
444793,0
444794,0
444795,0
444796,0
444797,0
444798,0
444799,0
444800,0
444801,0
444802,0
444803,0
444804,0
444805,0
444806,0
444807,0
444808,0
444809,0
444810,0
444811,0
444812,0
444813,0
444814,0
444815,0
444816,0
444817,0
444818,0
444819,0
444820,0
444821,0
444822,0
444823,0
444824,0
444825,0
444826,0
444827,0
444828,0
444829,0
444830,0
444831,0
444832,0
444833,0
444834,0
444835,0
444836,0
444837,0
444838,0
444839,0
444840,0
444841,0
444842,0
444843,0
444844,0
444845,0
444846,0
444847,0
444848,0
444849,0
444850,0
444851,0
444852,0
444853,0
444854,0
444855,0
444856,0
444857,0
444858,0
444859,0
444860,0
444861,0
444862,0
444863,0
444864,0
444865,0
444866,0
444867,0
444868,0
444869,0
444870,0
444871,0
444872,0
444873,0
444874,0
444875,0
444876,0
444877,0
444878,0
444879,0
444880,0
444881,0
444882,0
444883,0
444884,0
444885,0
444886,0
444887,0
444888,0
444889,0
444890,0
444891,0
444892,0
444893,0
444894,0
444895,0
444896,0
444897,0
444898,0
444899,0
444900,0
444901,0
444902,0
444903,0
444904,0
444905,0
444906,0
444907,0
444908,0
444909,0
444910,0
444911,0
444912,0
444913,0
444914,0
444915,0
444916,0
444917,0
444918,0
444919,0
444920,0
444921,0
444922,0
444923,0
444924,0
444925,0
444926,0
444927,0
444928,0
444929,0
444930,0
444931,0
444932,0
444933,0
444934,0
444935,0
444936,0
444937,0
444938,0
444939,0
444940,0
444941,0
444942,0
444943,0
444944,0
444945,0
444946,0
444947,0
444948,0
444949,0
444950,0
444951,0
444952,0
444953,0
444954,0
444955,0
444956,0
444957,0
444958,0
444959,0
444960,0
444961,0
444962,0
444963,0
444964,0
444965,0
444966,0
444967,0
444968,0
444969,0
444970,0
444971,0
444972,0
444973,0
444974,0
444975,0
444976,0
444977,0
444978,0
444979,0
444980,0
444981,0
444982,0
444983,0
444984,0
444985,0
444986,0
444987,0
444988,0
444989,0
444990,0
444991,0
444992,0
444993,0
444994,0
444995,0
444996,0
444997,0
444998,0
444999,0
445000,0
445001,0
445002,0
445003,0
445004,0
445005,0
445006,0
445007,0
445008,0
445009,0
445010,0
445011,0
445012,0
445013,0
445014,0
445015,0
445016,0
445017,0
445018,0
445019,0
445020,0
445021,0
445022,0
445023,0
445024,0
445025,0
445026,0
445027,0
445028,0
445029,0
445030,0
445031,0
445032,0
445033,0
445034,0
445035,0
445036,0
445037,0
445038,0
445039,0
445040,0
445041,0
445042,0
445043,0
445044,0
445045,0
445046,0
445047,0
445048,0
445049,0
445050,0
445051,0
445052,0
445053,0
445054,0
445055,0
445056,0
445057,0
445058,0
445059,0
445060,0
445061,0
445062,0
445063,0
445064,0
445065,0
445066,0
445067,0
445068,0
445069,0
445070,0
445071,0
445072,0
445073,0
445074,0
445075,0
445076,0
445077,0
445078,0
445079,0
445080,0
445081,0
445082,0
445083,0
445084,0
445085,0
445086,0
445087,0
445088,0
445089,0
445090,0
445091,0
445092,0
445093,0
445094,0
445095,0
445096,0
445097,0
445098,0
445099,0
445100,0
445101,0
445102,0
445103,0
445104,0
445105,0
445106,0
445107,0
445108,0
445109,0
445110,0
445111,0
445112,0
445113,0
445114,0
445115,0
445116,0
445117,0
445118,0
445119,0
445120,0
445121,0
445122,0
445123,0
445124,0
445125,0
445126,0
445127,0
445128,0
445129,0
445130,0
445131,0
445132,0
445133,0
445134,0
445135,0
445136,0
445137,0
445138,0
445139,0
445140,0
445141,0
445142,0
445143,0
445144,0
445145,0
445146,0
445147,0
445148,0
445149,0
445150,0
445151,0
445152,0
445153,0
445154,0
445155,0
445156,0
445157,0
445158,0
445159,0
445160,0
445161,0
445162,0
445163,0
445164,0
445165,0
445166,0
445167,0
445168,0
445169,0
445170,0
445171,0
445172,0
445173,0
445174,0
445175,0
445176,0
445177,0
445178,0
445179,0
445180,0
445181,0
445182,0
445183,0
445184,0
445185,0
445186,0
445187,0
445188,0
445189,0
445190,0
445191,0
445192,0
445193,0
445194,0
445195,0
445196,0
445197,0
445198,0
445199,0
445200,0
445201,0
445202,0
445203,0
445204,0
445205,0
445206,0
445207,0
445208,0
445209,0
445210,0
445211,0
445212,0
445213,0
445214,0
445215,0
445216,0
445217,0
445218,0
445219,0
445220,0
445221,0
445222,0
445223,0
445224,0
445225,0
445226,0
445227,0
445228,0
445229,0
445230,0
445231,0
445232,0
445233,0
445234,0
445235,0
445236,0
445237,0
445238,0
445239,0
445240,0
445241,0
445242,0
445243,0
445244,0
445245,0
445246,0
445247,0
445248,0
445249,0
445250,0
445251,0
445252,0
445253,0
445254,0
445255,0
445256,0
445257,0
445258,0
445259,0
445260,0
445261,0
445262,0
445263,0
445264,0
445265,0
445266,0
445267,0
445268,0
445269,0
445270,0
445271,0
445272,0
445273,0
445274,0
445275,0
445276,0
445277,0
445278,0
445279,0
445280,0
445281,0
445282,0
445283,0
445284,0
445285,0
445286,0
445287,0
445288,0
445289,0
445290,0
445291,0
445292,0
445293,0
445294,0
445295,0
445296,0
445297,0
445298,0
445299,0
445300,0
445301,0
445302,0
445303,0
445304,0
445305,0
445306,0
445307,0
445308,0
445309,0
445310,0
445311,0
445312,0
445313,0
445314,0
445315,0
445316,0
445317,0
445318,0
445319,0
445320,0
445321,0
445322,0
445323,0
445324,0
445325,0
445326,0
445327,0
445328,0
445329,0
445330,0
445331,0
445332,0
445333,0
445334,0
445335,0
445336,0
445337,0
445338,0
445339,0
445340,0
445341,0
445342,0
445343,0
445344,0
445345,0
445346,0
445347,0
445348,0
445349,0
445350,0
445351,0
445352,0
445353,0
445354,0
445355,0
445356,0
445357,0
445358,0
445359,0
445360,0
445361,0
445362,0
445363,0
445364,0
445365,0
445366,0
445367,0
445368,0
445369,0
445370,0
445371,0
445372,0
445373,0
445374,0
445375,0
445376,0
445377,0
445378,0
445379,0
445380,0
445381,0
445382,0
445383,0
445384,0
445385,0
445386,0
445387,0
445388,0
445389,0
445390,0
445391,0
445392,0
445393,0
445394,0
445395,0
445396,0
445397,0
445398,0
445399,0
445400,0
445401,0
445402,0
445403,0
445404,0
445405,0
445406,0
445407,0
445408,0
445409,0
445410,0
445411,0
445412,0
445413,0
445414,0
445415,0
445416,0
445417,0
445418,0
445419,0
445420,0
445421,0
445422,0
445423,0
445424,0
445425,0
445426,0
445427,0
445428,0
445429,0
445430,0
445431,0
445432,0
445433,0
445434,0
445435,0
445436,0
445437,0
445438,0
445439,0
445440,0
445441,0
445442,0
445443,0
445444,0
445445,0
445446,0
445447,0
445448,0
445449,0
445450,0
445451,0
445452,0
445453,0
445454,0
445455,0
445456,0
445457,0
445458,0
445459,0
445460,0
445461,0
445462,0
445463,0
445464,0
445465,0
445466,0
445467,0
445468,0
445469,0
445470,0
445471,0
445472,0
445473,0
445474,0
445475,0
445476,0
445477,0
445478,0
445479,0
445480,0
445481,0
445482,0
445483,0
445484,0
445485,0
445486,0
445487,0
445488,0
445489,0
445490,0
445491,0
445492,0
445493,0
445494,0
445495,0
445496,0
445497,0
445498,0
445499,0
445500,0
445501,0
445502,0
445503,0
445504,0
445505,0
445506,0
445507,0
445508,0
445509,0
445510,0
445511,0
445512,0
445513,0
445514,0
445515,0
445516,0
445517,0
445518,0
445519,0
445520,0
445521,0
445522,0
445523,0
445524,0
445525,0
445526,0
445527,0
445528,0
445529,0
445530,0
445531,0
445532,0
445533,0
445534,0
445535,0
445536,0
445537,0
445538,0
445539,0
445540,0
445541,0
445542,0
445543,0
445544,0
445545,0
445546,0
445547,0
445548,0
445549,0
445550,0
445551,0
445552,0
445553,0
445554,0
445555,0
445556,0
445557,0
445558,0
445559,0
445560,0
445561,0
445562,0
445563,0
445564,0
445565,0
445566,0
445567,0
445568,0
445569,0
445570,0
445571,0
445572,0
445573,0
445574,0
445575,0
445576,0
445577,0
445578,0
445579,0
445580,0
445581,0
445582,0
445583,0
445584,0
445585,0
445586,0
445587,0
445588,0
445589,0
445590,0
445591,0
445592,0
445593,0
445594,0
445595,0
445596,0
445597,0
445598,0
445599,0
445600,0
445601,0
445602,0
445603,0
445604,0
445605,0
445606,0
445607,0
445608,0
445609,0
445610,0
445611,0
445612,0
445613,0
445614,0
445615,0
445616,0
445617,0
445618,0
445619,0
445620,0
445621,0
445622,0
445623,0
445624,0
445625,0
445626,0
445627,0
445628,0
445629,0
445630,0
445631,0
445632,0
445633,0
445634,0
445635,0
445636,0
445637,0
445638,0
445639,0
445640,0
445641,0
445642,0
445643,0
445644,0
445645,0
445646,0
445647,0
445648,0
445649,0
445650,0
445651,0
445652,0
445653,0
445654,0
445655,0
445656,0
445657,0
445658,0
445659,0
445660,0
445661,0
445662,0
445663,0
445664,0
445665,0
445666,0
445667,0
445668,0
445669,0
445670,0
445671,0
445672,0
445673,0
445674,0
445675,0
445676,0
445677,0
445678,0
445679,0
445680,0
445681,0
445682,0
445683,0
445684,0
445685,0
445686,0
445687,0
445688,0
445689,0
445690,0
445691,0
445692,0
445693,0
445694,0
445695,0
445696,0
445697,0
445698,0
445699,0
445700,0
445701,0
445702,0
445703,0
445704,0
445705,0
445706,0
445707,0
445708,0
445709,0
445710,0
445711,0
445712,0
445713,0
445714,0
445715,0
445716,0
445717,0
445718,0
445719,0
445720,0
445721,0
445722,0
445723,0
445724,0
445725,0
445726,0
445727,0
445728,0
445729,0
445730,0
445731,0
445732,0
445733,0
445734,0
445735,0
445736,0
445737,0
445738,0
445739,0
445740,0
445741,0
445742,0
445743,0
445744,0
445745,0
445746,0
445747,0
445748,0
445749,0
445750,0
445751,0
445752,0
445753,0
445754,0
445755,0
445756,0
445757,0
445758,0
445759,0
445760,0
445761,0
445762,0
445763,0
445764,0
445765,0
445766,0
445767,0
445768,0
445769,0
445770,0
445771,0
445772,0
445773,0
445774,0
445775,0
445776,0
445777,0
445778,0
445779,0
445780,0
445781,0
445782,0
445783,0
445784,0
445785,0
445786,0
445787,0
445788,0
445789,0
445790,0
445791,0
445792,0
445793,0
445794,0
445795,0
445796,0
445797,0
445798,0
445799,0
445800,0
445801,0
445802,0
445803,0
445804,0
445805,0
445806,0
445807,0
445808,0
445809,0
445810,0
445811,0
445812,0
445813,0
445814,0
445815,0
445816,0
445817,0
445818,0
445819,0
445820,0
445821,0
445822,0
445823,0
445824,0
445825,0
445826,0
445827,0
445828,0
445829,0
445830,0
445831,0
445832,0
445833,0
445834,0
445835,0
445836,0
445837,0
445838,0
445839,0
445840,0
445841,0
445842,0
445843,0
445844,0
445845,0
445846,0
445847,0
445848,0
445849,0
445850,0
445851,0
445852,0
445853,0
445854,0
445855,0
445856,0
445857,0
445858,0
445859,0
445860,0
445861,0
445862,0
445863,0
445864,0
445865,0
445866,0
445867,0
445868,0
445869,0
445870,0
445871,0
445872,0
445873,0
445874,0
445875,0
445876,0
445877,0
445878,0
445879,0
445880,0
445881,0
445882,0
445883,0
445884,0
445885,0
445886,0
445887,0
445888,0
445889,0
445890,0
445891,0
445892,0
445893,0
445894,0
445895,0
445896,0
445897,0
445898,0
445899,0
445900,0
445901,0
445902,0
445903,0
445904,0
445905,0
445906,0
445907,0
445908,0
445909,0
445910,0
445911,0
445912,0
445913,0
445914,0
445915,0
445916,0
445917,0
445918,0
445919,0
445920,0
445921,0
445922,0
445923,0
445924,0
445925,0
445926,0
445927,0
445928,0
445929,0
445930,0
445931,0
445932,0
445933,0
445934,0
445935,0
445936,0
445937,0
445938,0
445939,0
445940,0
445941,0
445942,0
445943,0
445944,0
445945,0
445946,0
445947,0
445948,0
445949,0
445950,0
445951,0
445952,0
445953,0
445954,0
445955,0
445956,0
445957,0
445958,0
445959,0
445960,0
445961,0
445962,0
445963,0
445964,0
445965,0
445966,0
445967,0
445968,0
445969,0
445970,0
445971,0
445972,0
445973,0
445974,0
445975,0
445976,0
445977,0
445978,0
445979,0
445980,0
445981,0
445982,0
445983,0
445984,0
445985,0
445986,0
445987,0
445988,0
445989,0
445990,0
445991,0
445992,0
445993,0
445994,0
445995,0
445996,0
445997,0
445998,0
445999,0
446000,0
446001,0
446002,0
446003,0
446004,0
446005,0
446006,0
446007,0
446008,0
446009,0
446010,0
446011,0
446012,0
446013,0
446014,0
446015,0
446016,0
446017,0
446018,0
446019,0
446020,0
446021,0
446022,0
446023,0
446024,0
446025,0
446026,0
446027,0
446028,0
446029,0
446030,0
446031,0
446032,0
446033,0
446034,0
446035,0
446036,0
446037,0
446038,0
446039,0
446040,0
446041,0
446042,0
446043,0
446044,0
446045,0
446046,0
446047,0
446048,0
446049,0
446050,0
446051,0
446052,0
446053,0
446054,0
446055,0
446056,0
446057,0
446058,0
446059,0
446060,0
446061,0
446062,0
446063,0
446064,0
446065,0
446066,0
446067,0
446068,0
446069,0
446070,0
446071,0
446072,0
446073,0
446074,0
446075,0
446076,0
446077,0
446078,0
446079,0
446080,0
446081,0
446082,0
446083,0
446084,0
446085,0
446086,0
446087,0
446088,0
446089,0
446090,0
446091,0
446092,0
446093,0
446094,0
446095,0
446096,0
446097,0
446098,0
446099,0
446100,0
446101,0
446102,0
446103,0
446104,0
446105,0
446106,0
446107,0
446108,0
446109,0
446110,0
446111,0
446112,0
446113,0
446114,0
446115,0
446116,0
446117,0
446118,0
446119,0
446120,0
446121,0
446122,0
446123,0
446124,0
446125,0
446126,0
446127,0
446128,0
446129,0
446130,0
446131,0
446132,0
446133,0
446134,0
446135,0
446136,0
446137,0
446138,0
446139,0
446140,0
446141,0
446142,0
446143,0
446144,0
446145,0
446146,0
446147,0
446148,0
446149,0
446150,0
446151,0
446152,0
446153,0
446154,0
446155,0
446156,0
446157,0
446158,0
446159,0
446160,0
446161,0
446162,0
446163,0
446164,0
446165,0
446166,0
446167,0
446168,0
446169,0
446170,0
446171,0
446172,0
446173,0
446174,0
446175,0
446176,0
446177,0
446178,0
446179,0
446180,0
446181,0
446182,0
446183,0
446184,0
446185,0
446186,0
446187,0
446188,0
446189,0
446190,0
446191,0
446192,0
446193,0
446194,0
446195,0
446196,0
446197,0
446198,0
446199,0
446200,0
446201,0
446202,0
446203,0
446204,0
446205,0
446206,0
446207,0
446208,0
446209,0
446210,0
446211,0
446212,0
446213,0
446214,0
446215,0
446216,0
446217,0
446218,0
446219,0
446220,0
446221,0
446222,0
446223,0
446224,0
446225,0
446226,0
446227,0
446228,0
446229,0
446230,0
446231,0
446232,0
446233,0
446234,0
446235,0
446236,0
446237,0
446238,0
446239,0
446240,0
446241,0
446242,0
446243,0
446244,0
446245,0
446246,0
446247,0
446248,0
446249,0
446250,0
446251,0
446252,0
446253,0
446254,0
446255,0
446256,0
446257,0
446258,0
446259,0
446260,0
446261,0
446262,0
446263,0
446264,0
446265,0
446266,0
446267,0
446268,0
446269,0
446270,0
446271,0
446272,0
446273,0
446274,0
446275,0
446276,0
446277,0
446278,0
446279,0
446280,0
446281,0
446282,0
446283,0
446284,0
446285,0
446286,0
446287,0
446288,0
446289,0
446290,0
446291,0
446292,0
446293,0
446294,0
446295,0
446296,0
446297,0
446298,0
446299,0
446300,0
446301,0
446302,0
446303,0
446304,0
446305,0
446306,0
446307,0
446308,0
446309,0
446310,0
446311,0
446312,0
446313,0
446314,0
446315,0
446316,0
446317,0
446318,0
446319,0
446320,0
446321,0
446322,0
446323,0
446324,0
446325,0
446326,0
446327,0
446328,0
446329,0
446330,0
446331,0
446332,0
446333,0
446334,0
446335,0
446336,0
446337,0
446338,0
446339,0
446340,0
446341,0
446342,0
446343,0
446344,0
446345,0
446346,0
446347,0
446348,0
446349,0
446350,0
446351,0
446352,0
446353,0
446354,0
446355,0
446356,0
446357,0
446358,0
446359,0
446360,0
446361,0
446362,0
446363,0
446364,0
446365,0
446366,0
446367,0
446368,0
446369,0
446370,0
446371,0
446372,0
446373,0
446374,0
446375,0
446376,0
446377,0
446378,0
446379,0
446380,0
446381,0
446382,0
446383,0
446384,0
446385,0
446386,0
446387,0
446388,0
446389,0
446390,0
446391,0
446392,0
446393,0
446394,0
446395,0
446396,0
446397,0
446398,0
446399,0
446400,0
446401,0
446402,0
446403,0
446404,0
446405,0
446406,0
446407,0
446408,0
446409,0
446410,0
446411,0
446412,0
446413,0
446414,0
446415,0
446416,0
446417,0
446418,0
446419,0
446420,0
446421,0
446422,0
446423,0
446424,0
446425,0
446426,0
446427,0
446428,0
446429,0
446430,0
446431,0
446432,0
446433,0
446434,0
446435,0
446436,0
446437,0
446438,0
446439,0
446440,0
446441,0
446442,0
446443,0
446444,0
446445,0
446446,0
446447,0
446448,0
446449,0
446450,0
446451,0
446452,0
446453,0
446454,0
446455,0
446456,0
446457,0
446458,0
446459,0
446460,0
446461,0
446462,0
446463,0
446464,0
446465,0
446466,0
446467,0
446468,0
446469,0
446470,0
446471,0
446472,0
446473,0
446474,0
446475,0
446476,0
446477,0
446478,0
446479,0
446480,0
446481,0
446482,0
446483,0
446484,0
446485,0
446486,0
446487,0
446488,0
446489,0
446490,0
446491,0
446492,0
446493,0
446494,0
446495,0
446496,0
446497,0
446498,0
446499,0
446500,0
446501,0
446502,0
446503,0
446504,0
446505,0
446506,0
446507,0
446508,0
446509,0
446510,0
446511,0
446512,0
446513,0
446514,0
446515,0
446516,0
446517,0
446518,0
446519,0
446520,0
446521,0
446522,0
446523,0
446524,0
446525,0
446526,0
446527,0
446528,0
446529,0
446530,0
446531,0
446532,0
446533,0
446534,0
446535,0
446536,0
446537,0
446538,0
446539,0
446540,0
446541,0
446542,0
446543,0
446544,0
446545,0
446546,0
446547,0
446548,0
446549,0
446550,0
446551,0
446552,0
446553,0
446554,0
446555,0
446556,0
446557,0
446558,0
446559,0
446560,0
446561,0
446562,0
446563,0
446564,0
446565,0
446566,0
446567,0
446568,0
446569,0
446570,0
446571,0
446572,0
446573,0
446574,0
446575,0
446576,0
446577,0
446578,0
446579,0
446580,0
446581,0
446582,0
446583,0
446584,0
446585,0
446586,0
446587,0
446588,0
446589,0
446590,0
446591,0
446592,0
446593,0
446594,0
446595,0
446596,0
446597,0
446598,0
446599,0
446600,0
446601,0
446602,0
446603,0
446604,0
446605,0
446606,0
446607,0
446608,0
446609,0
446610,0
446611,0
446612,0
446613,0
446614,0
446615,0
446616,0
446617,0
446618,0
446619,0
446620,0
446621,0
446622,0
446623,0
446624,0
446625,0
446626,0
446627,0
446628,0
446629,0
446630,0
446631,0
446632,0
446633,0
446634,0
446635,0
446636,0
446637,0
446638,0
446639,0
446640,0
446641,0
446642,0
446643,0
446644,0
446645,0
446646,0
446647,0
446648,0
446649,0
446650,0
446651,0
446652,0
446653,0
446654,0
446655,0
446656,0
446657,0
446658,0
446659,0
446660,0
446661,0
446662,0
446663,0
446664,0
446665,0
446666,0
446667,0
446668,0
446669,0
446670,0
446671,0
446672,0
446673,0
446674,0
446675,0
446676,0
446677,0
446678,0
446679,0
446680,0
446681,0
446682,0
446683,0
446684,0
446685,0
446686,0
446687,0
446688,0
446689,0
446690,0
446691,0
446692,0
446693,0
446694,0
446695,0
446696,0
446697,0
446698,0
446699,0
446700,0
446701,0
446702,0
446703,0
446704,0
446705,0
446706,0
446707,0
446708,0
446709,0
446710,0
446711,0
446712,0
446713,0
446714,0
446715,0
446716,0
446717,0
446718,0
446719,0
446720,0
446721,0
446722,0
446723,0
446724,0
446725,0
446726,0
446727,0
446728,0
446729,0
446730,0
446731,0
446732,0
446733,0
446734,0
446735,0
446736,0
446737,0
446738,0
446739,0
446740,0
446741,0
446742,0
446743,0
446744,0
446745,0
446746,0
446747,0
446748,0
446749,0
446750,0
446751,0
446752,0
446753,0
446754,0
446755,0
446756,0
446757,0
446758,0
446759,0
446760,0
446761,0
446762,0
446763,0
446764,0
446765,0
446766,0
446767,0
446768,0
446769,0
446770,0
446771,0
446772,0
446773,0
446774,0
446775,0
446776,0
446777,0
446778,0
446779,0
446780,0
446781,0
446782,0
446783,0
446784,0
446785,0
446786,0
446787,0
446788,0
446789,0
446790,0
446791,0
446792,0
446793,0
446794,0
446795,0
446796,0
446797,0
446798,0
446799,0
446800,0
446801,0
446802,0
446803,0
446804,0
446805,0
446806,0
446807,0
446808,0
446809,0
446810,0
446811,0
446812,0
446813,0
446814,0
446815,0
446816,0
446817,0
446818,0
446819,0
446820,0
446821,0
446822,0
446823,0
446824,0
446825,0
446826,0
446827,0
446828,0
446829,0
446830,0
446831,0
446832,0
446833,0
446834,0
446835,0
446836,0
446837,0
446838,0
446839,0
446840,0
446841,0
446842,0
446843,0
446844,0
446845,0
446846,0
446847,0
446848,0
446849,0
446850,0
446851,0
446852,0
446853,0
446854,0
446855,0
446856,0
446857,0
446858,0
446859,0
446860,0
446861,0
446862,0
446863,0
446864,0
446865,0
446866,0
446867,0
446868,0
446869,0
446870,0
446871,0
446872,0
446873,0
446874,0
446875,0
446876,0
446877,0
446878,0
446879,0
446880,0
446881,0
446882,0
446883,0
446884,0
446885,0
446886,0
446887,0
446888,0
446889,0
446890,0
446891,0
446892,0
446893,0
446894,0
446895,0
446896,0
446897,0
446898,0
446899,0
446900,0
446901,0
446902,0
446903,0
446904,0
446905,0
446906,0
446907,0
446908,0
446909,0
446910,0
446911,0
446912,0
446913,0
446914,0
446915,0
446916,0
446917,0
446918,0
446919,0
446920,0
446921,0
446922,0
446923,0
446924,0
446925,0
446926,0
446927,0
446928,0
446929,0
446930,0
446931,0
446932,0
446933,0
446934,0
446935,0
446936,0
446937,0
446938,0
446939,0
446940,0
446941,0
446942,0
446943,0
446944,0
446945,0
446946,0
446947,0
446948,0
446949,0
446950,0
446951,0
446952,0
446953,0
446954,0
446955,0
446956,0
446957,0
446958,0
446959,0
446960,0
446961,0
446962,0
446963,0
446964,0
446965,0
446966,0
446967,0
446968,0
446969,0
446970,0
446971,0
446972,0
446973,0
446974,0
446975,0
446976,0
446977,0
446978,0
446979,0
446980,0
446981,0
446982,0
446983,0
446984,0
446985,0
446986,0
446987,0
446988,0
446989,0
446990,0
446991,0
446992,0
446993,0
446994,0
446995,0
446996,0
446997,0
446998,0
446999,0
447000,0
447001,0
447002,0
447003,0
447004,0
447005,0
447006,0
447007,0
447008,0
447009,0
447010,0
447011,0
447012,0
447013,0
447014,0
447015,0
447016,0
447017,0
447018,0
447019,0
447020,0
447021,0
447022,0
447023,0
447024,0
447025,0
447026,0
447027,0
447028,0
447029,0
447030,0
447031,0
447032,0
447033,0
447034,0
447035,0
447036,0
447037,0
447038,0
447039,0
447040,0
447041,0
447042,0
447043,0
447044,0
447045,0
447046,0
447047,0
447048,0
447049,0
447050,0
447051,0
447052,0
447053,0
447054,0
447055,0
447056,0
447057,0
447058,0
447059,0
447060,0
447061,0
447062,0
447063,0
447064,0
447065,0
447066,0
447067,0
447068,0
447069,0
447070,0
447071,0
447072,0
447073,0
447074,0
447075,0
447076,0
447077,0
447078,0
447079,0
447080,0
447081,0
447082,0
447083,0
447084,0
447085,0
447086,0
447087,0
447088,0
447089,0
447090,0
447091,0
447092,0
447093,0
447094,0
447095,0
447096,0
447097,0
447098,0
447099,0
447100,0
447101,0
447102,0
447103,0
447104,0
447105,0
447106,0
447107,0
447108,0
447109,0
447110,0
447111,0
447112,0
447113,0
447114,0
447115,0
447116,0
447117,0
447118,0
447119,0
447120,0
447121,0
447122,0
447123,0
447124,0
447125,0
447126,0
447127,0
447128,0
447129,0
447130,0
447131,0
447132,0
447133,0
447134,0
447135,0
447136,0
447137,0
447138,0
447139,0
447140,0
447141,0
447142,0
447143,0
447144,0
447145,0
447146,0
447147,0
447148,0
447149,0
447150,0
447151,0
447152,0
447153,0
447154,0
447155,0
447156,0
447157,0
447158,0
447159,0
447160,0
447161,0
447162,0
447163,0
447164,0
447165,0
447166,0
447167,0
447168,0
447169,0
447170,0
447171,0
447172,0
447173,0
447174,0
447175,0
447176,0
447177,0
447178,0
447179,0
447180,0
447181,0
447182,0
447183,0
447184,0
447185,0
447186,0
447187,0
447188,0
447189,0
447190,0
447191,0
447192,0
447193,0
447194,0
447195,0
447196,0
447197,0
447198,0
447199,0
447200,0
447201,0
447202,0
447203,0
447204,0
447205,0
447206,0
447207,0
447208,0
447209,0
447210,0
447211,0
447212,0
447213,0
447214,0
447215,0
447216,0
447217,0
447218,0
447219,0
447220,0
447221,0
447222,0
447223,0
447224,0
447225,0
447226,0
447227,0
447228,0
447229,0
447230,0
447231,0
447232,0
447233,0
447234,0
447235,0
447236,0
447237,0
447238,0
447239,0
447240,0
447241,0
447242,0
447243,0
447244,0
447245,0
447246,0
447247,0
447248,0
447249,0
447250,0
447251,0
447252,0
447253,0
447254,0
447255,0
447256,0
447257,0
447258,0
447259,0
447260,0
447261,0
447262,0
447263,0
447264,0
447265,0
447266,0
447267,0
447268,0
447269,0
447270,0
447271,0
447272,0
447273,0
447274,0
447275,0
447276,0
447277,0
447278,0
447279,0
447280,0
447281,0
447282,0
447283,0
447284,0
447285,0
447286,0
447287,0
447288,0
447289,0
447290,0
447291,0
447292,0
447293,0
447294,0
447295,0
447296,0
447297,0
447298,0
447299,0
447300,0
447301,0
447302,0
447303,0
447304,0
447305,0
447306,0
447307,0
447308,0
447309,0
447310,0
447311,0
447312,0
447313,0
447314,0
447315,0
447316,0
447317,0
447318,0
447319,0
447320,0
447321,0
447322,0
447323,0
447324,0
447325,0
447326,0
447327,0
447328,0
447329,0
447330,0
447331,0
447332,0
447333,0
447334,0
447335,0
447336,0
447337,0
447338,0
447339,0
447340,0
447341,0
447342,0
447343,0
447344,0
447345,0
447346,0
447347,0
447348,0
447349,0
447350,0
447351,0
447352,0
447353,0
447354,0
447355,0
447356,0
447357,0
447358,0
447359,0
447360,0
447361,0
447362,0
447363,0
447364,0
447365,0
447366,0
447367,0
447368,0
447369,0
447370,0
447371,0
447372,0
447373,0
447374,0
447375,0
447376,0
447377,0
447378,0
447379,0
447380,0
447381,0
447382,0
447383,0
447384,0
447385,0
447386,0
447387,0
447388,0
447389,0
447390,0
447391,0
447392,0
447393,0
447394,0
447395,0
447396,0
447397,0
447398,0
447399,0
447400,0
447401,0
447402,0
447403,0
447404,0
447405,0
447406,0
447407,0
447408,0
447409,0
447410,0
447411,0
447412,0
447413,0
447414,0
447415,0
447416,0
447417,0
447418,0
447419,0
447420,0
447421,0
447422,0
447423,0
447424,0
447425,0
447426,0
447427,0
447428,0
447429,0
447430,0
447431,0
447432,0
447433,0
447434,0
447435,0
447436,0
447437,0
447438,0
447439,0
447440,0
447441,0
447442,0
447443,0
447444,0
447445,0
447446,0
447447,0
447448,0
447449,0
447450,0
447451,0
447452,0
447453,0
447454,0
447455,0
447456,0
447457,0
447458,0
447459,0
447460,0
447461,0
447462,0
447463,0
447464,0
447465,0
447466,0
447467,0
447468,0
447469,0
447470,0
447471,0
447472,0
447473,0
447474,0
447475,0
447476,0
447477,0
447478,0
447479,0
447480,0
447481,0
447482,0
447483,0
447484,0
447485,0
447486,0
447487,0
447488,0
447489,0
447490,0
447491,0
447492,0
447493,0
447494,0
447495,0
447496,0
447497,0
447498,0
447499,0
447500,0
447501,0
447502,0
447503,0
447504,0
447505,0
447506,0
447507,0
447508,0
447509,0
447510,0
447511,0
447512,0
447513,0
447514,0
447515,0
447516,0
447517,0
447518,0
447519,0
447520,0
447521,0
447522,0
447523,0
447524,0
447525,0
447526,0
447527,0
447528,0
447529,0
447530,0
447531,0
447532,0
447533,0
447534,0
447535,0
447536,0
447537,0
447538,0
447539,0
447540,0
447541,0
447542,0
447543,0
447544,0
447545,0
447546,0
447547,0
447548,0
447549,0
447550,0
447551,0
447552,0
447553,0
447554,0
447555,0
447556,0
447557,0
447558,0
447559,0
447560,0
447561,0
447562,0
447563,0
447564,0
447565,0
447566,0
447567,0
447568,0
447569,0
447570,0
447571,0
447572,0
447573,0
447574,0
447575,0
447576,0
447577,0
447578,0
447579,0
447580,0
447581,0
447582,0
447583,0
447584,0
447585,0
447586,0
447587,0
447588,0
447589,0
447590,0
447591,0
447592,0
447593,0
447594,0
447595,0
447596,0
447597,0
447598,0
447599,0
447600,0
447601,0
447602,0
447603,0
447604,0
447605,0
447606,0
447607,0
447608,0
447609,0
447610,0
447611,0
447612,0
447613,0
447614,0
447615,0
447616,0
447617,0
447618,0
447619,0
447620,0
447621,0
447622,0
447623,0
447624,0
447625,0
447626,0
447627,0
447628,0
447629,0
447630,0
447631,0
447632,0
447633,0
447634,0
447635,0
447636,0
447637,0
447638,0
447639,0
447640,0
447641,0
447642,0
447643,0
447644,0
447645,0
447646,0
447647,0
447648,0
447649,0
447650,0
447651,0
447652,0
447653,0
447654,0
447655,0
447656,0
447657,0
447658,0
447659,0
447660,0
447661,0
447662,0
447663,0
447664,0
447665,0
447666,0
447667,0
447668,0
447669,0
447670,0
447671,0
447672,0
447673,0
447674,0
447675,0
447676,0
447677,0
447678,0
447679,0
447680,0
447681,0
447682,0
447683,0
447684,0
447685,0
447686,0
447687,0
447688,0
447689,0
447690,0
447691,0
447692,0
447693,0
447694,0
447695,0
447696,0
447697,0
447698,0
447699,0
447700,0
447701,0
447702,0
447703,0
447704,0
447705,0
447706,0
447707,0
447708,0
447709,0
447710,0
447711,0
447712,0
447713,0
447714,0
447715,0
447716,0
447717,0
447718,0
447719,0
447720,0
447721,0
447722,0
447723,0
447724,0
447725,0
447726,0
447727,0
447728,0
447729,0
447730,0
447731,0
447732,0
447733,0
447734,0
447735,0
447736,0
447737,0
447738,0
447739,0
447740,0
447741,0
447742,0
447743,0
447744,0
447745,0
447746,0
447747,0
447748,0
447749,0
447750,0
447751,0
447752,0
447753,0
447754,0
447755,0
447756,0
447757,0
447758,0
447759,0
447760,0
447761,0
447762,0
447763,0
447764,0
447765,0
447766,0
447767,0
447768,0
447769,0
447770,0
447771,0
447772,0
447773,0
447774,0
447775,0
447776,0
447777,0
447778,0
447779,0
447780,0
447781,0
447782,0
447783,0
447784,0
447785,0
447786,0
447787,0
447788,0
447789,0
447790,0
447791,0
447792,0
447793,0
447794,0
447795,0
447796,0
447797,0
447798,0
447799,0
447800,0
447801,0
447802,0
447803,0
447804,0
447805,0
447806,0
447807,0
447808,0
447809,0
447810,0
447811,0
447812,0
447813,0
447814,0
447815,0
447816,0
447817,0
447818,0
447819,0
447820,0
447821,0
447822,0
447823,0
447824,0
447825,0
447826,0
447827,0
447828,0
447829,0
447830,0
447831,0
447832,0
447833,0
447834,0
447835,0
447836,0
447837,0
447838,0
447839,0
447840,0
447841,0
447842,0
447843,0
447844,0
447845,0
447846,0
447847,0
447848,0
447849,0
447850,0
447851,0
447852,0
447853,0
447854,0
447855,0
447856,0
447857,0
447858,0
447859,0
447860,0
447861,0
447862,0
447863,0
447864,0
447865,0
447866,0
447867,0
447868,0
447869,0
447870,0
447871,0
447872,0
447873,0
447874,0
447875,0
447876,0
447877,0
447878,0
447879,0
447880,0
447881,0
447882,0
447883,0
447884,0
447885,0
447886,0
447887,0
447888,0
447889,0
447890,0
447891,0
447892,0
447893,0
447894,0
447895,0
447896,0
447897,0
447898,0
447899,0
447900,0
447901,0
447902,0
447903,0
447904,0
447905,0
447906,0
447907,0
447908,0
447909,0
447910,0
447911,0
447912,0
447913,0
447914,0
447915,0
447916,0
447917,0
447918,0
447919,0
447920,0
447921,0
447922,0
447923,0
447924,0
447925,0
447926,0
447927,0
447928,0
447929,0
447930,0
447931,0
447932,0
447933,0
447934,0
447935,0
447936,0
447937,0
447938,0
447939,0
447940,0
447941,0
447942,0
447943,0
447944,0
447945,0
447946,0
447947,0
447948,0
447949,0
447950,0
447951,0
447952,0
447953,0
447954,0
447955,0
447956,0
447957,0
447958,0
447959,0
447960,0
447961,0
447962,0
447963,0
447964,0
447965,0
447966,0
447967,0
447968,0
447969,0
447970,0
447971,0
447972,0
447973,0
447974,0
447975,0
447976,0
447977,0
447978,0
447979,0
447980,0
447981,0
447982,0
447983,0
447984,0
447985,0
447986,0
447987,0
447988,0
447989,0
447990,0
447991,0
447992,0
447993,0
447994,0
447995,0
447996,0
447997,0
447998,0
447999,0
448000,0
448001,0
448002,0
448003,0
448004,0
448005,0
448006,0
448007,0
448008,0
448009,0
448010,0
448011,0
448012,0
448013,0
448014,0
448015,0
448016,0
448017,0
448018,0
448019,0
448020,0
448021,0
448022,0
448023,0
448024,0
448025,0
448026,0
448027,0
448028,0
448029,0
448030,0
448031,0
448032,0
448033,0
448034,0
448035,0
448036,0
448037,0
448038,0
448039,0
448040,0
448041,0
448042,0
448043,0
448044,0
448045,0
448046,0
448047,0
448048,0
448049,0
448050,0
448051,0
448052,0
448053,0
448054,0
448055,0
448056,0
448057,0
448058,0
448059,0
448060,0
448061,0
448062,0
448063,0
448064,0
448065,0
448066,0
448067,0
448068,0
448069,0
448070,0
448071,0
448072,0
448073,0
448074,0
448075,0
448076,0
448077,0
448078,0
448079,0
448080,0
448081,0
448082,0
448083,0
448084,0
448085,0
448086,0
448087,0
448088,0
448089,0
448090,0
448091,0
448092,0
448093,0
448094,0
448095,0
448096,0
448097,0
448098,0
448099,0
448100,0
448101,0
448102,0
448103,0
448104,0
448105,0
448106,0
448107,0
448108,0
448109,0
448110,0
448111,0
448112,0
448113,0
448114,0
448115,0
448116,0
448117,0
448118,0
448119,0
448120,0
448121,0
448122,0
448123,0
448124,0
448125,0
448126,0
448127,0
448128,0
448129,0
448130,0
448131,0
448132,0
448133,0
448134,0
448135,0
448136,0
448137,0
448138,0
448139,0
448140,0
448141,0
448142,0
448143,0
448144,0
448145,0
448146,0
448147,0
448148,0
448149,0
448150,0
448151,0
448152,0
448153,0
448154,0
448155,0
448156,0
448157,0
448158,0
448159,0
448160,0
448161,0
448162,0
448163,0
448164,0
448165,0
448166,0
448167,0
448168,0
448169,0
448170,0
448171,0
448172,0
448173,0
448174,0
448175,0
448176,0
448177,0
448178,0
448179,0
448180,0
448181,0
448182,0
448183,0
448184,0
448185,0
448186,0
448187,0
448188,0
448189,0
448190,0
448191,0
448192,0
448193,0
448194,0
448195,0
448196,0
448197,0
448198,0
448199,0
448200,0
448201,0
448202,0
448203,0
448204,0
448205,0
448206,0
448207,0
448208,0
448209,0
448210,0
448211,0
448212,0
448213,0
448214,0
448215,0
448216,0
448217,0
448218,0
448219,0
448220,0
448221,0
448222,0
448223,0
448224,0
448225,0
448226,0
448227,0
448228,0
448229,0
448230,0
448231,0
448232,0
448233,0
448234,0
448235,0
448236,0
448237,0
448238,0
448239,0
448240,0
448241,0
448242,0
448243,0
448244,0
448245,0
448246,0
448247,0
448248,0
448249,0
448250,0
448251,0
448252,0
448253,0
448254,0
448255,0
448256,0
448257,0
448258,0
448259,0
448260,0
448261,0
448262,0
448263,0
448264,0
448265,0
448266,0
448267,0
448268,0
448269,0
448270,0
448271,0
448272,0
448273,0
448274,0
448275,0
448276,0
448277,0
448278,0
448279,0
448280,0
448281,0
448282,0
448283,0
448284,0
448285,0
448286,0
448287,0
448288,0
448289,0
448290,0
448291,0
448292,0
448293,0
448294,0
448295,0
448296,0
448297,0
448298,0
448299,0
448300,0
448301,0
448302,0
448303,0
448304,0
448305,0
448306,0
448307,0
448308,0
448309,0
448310,0
448311,0
448312,0
448313,0
448314,0
448315,0
448316,0
448317,0
448318,0
448319,0
448320,0
448321,0
448322,0
448323,0
448324,0
448325,0
448326,0
448327,0
448328,0
448329,0
448330,0
448331,0
448332,0
448333,0
448334,0
448335,0
448336,0
448337,0
448338,0
448339,0
448340,0
448341,0
448342,0
448343,0
448344,0
448345,0
448346,0
448347,0
448348,0
448349,0
448350,0
448351,0
448352,0
448353,0
448354,0
448355,0
448356,0
448357,0
448358,0
448359,0
448360,0
448361,0
448362,0
448363,0
448364,0
448365,0
448366,0
448367,0
448368,0
448369,0
448370,0
448371,0
448372,0
448373,0
448374,0
448375,0
448376,0
448377,0
448378,0
448379,0
448380,0
448381,0
448382,0
448383,0
448384,0
448385,0
448386,0
448387,0
448388,0
448389,0
448390,0
448391,0
448392,0
448393,0
448394,0
448395,0
448396,0
448397,0
448398,0
448399,0
448400,0
448401,0
448402,0
448403,0
448404,0
448405,0
448406,0
448407,0
448408,0
448409,0
448410,0
448411,0
448412,0
448413,0
448414,0
448415,0
448416,0
448417,0
448418,0
448419,0
448420,0
448421,0
448422,0
448423,0
448424,0
448425,0
448426,0
448427,0
448428,0
448429,0
448430,0
448431,0
448432,0
448433,0
448434,0
448435,0
448436,0
448437,0
448438,0
448439,0
448440,0
448441,0
448442,0
448443,0
448444,0
448445,0
448446,0
448447,0
448448,0
448449,0
448450,0
448451,0
448452,0
448453,0
448454,0
448455,0
448456,0
448457,0
448458,0
448459,0
448460,0
448461,0
448462,0
448463,0
448464,0
448465,0
448466,0
448467,0
448468,0
448469,0
448470,0
448471,0
448472,0
448473,0
448474,0
448475,0
448476,0
448477,0
448478,0
448479,0
448480,0
448481,0
448482,0
448483,0
448484,0
448485,0
448486,0
448487,0
448488,0
448489,0
448490,0
448491,0
448492,0
448493,0
448494,0
448495,0
448496,0
448497,0
448498,0
448499,0
448500,0
448501,0
448502,0
448503,0
448504,0
448505,0
448506,0
448507,0
448508,0
448509,0
448510,0
448511,0
448512,0
448513,0
448514,0
448515,0
448516,0
448517,0
448518,0
448519,0
448520,0
448521,0
448522,0
448523,0
448524,0
448525,0
448526,0
448527,0
448528,0
448529,0
448530,0
448531,0
448532,0
448533,0
448534,0
448535,0
448536,0
448537,0
448538,0
448539,0
448540,0
448541,0
448542,0
448543,0
448544,0
448545,0
448546,0
448547,0
448548,0
448549,0
448550,0
448551,0
448552,0
448553,0
448554,0
448555,0
448556,0
448557,0
448558,0
448559,0
448560,0
448561,0
448562,0
448563,0
448564,0
448565,0
448566,0
448567,0
448568,0
448569,0
448570,0
448571,0
448572,0
448573,0
448574,0
448575,0
448576,0
448577,0
448578,0
448579,0
448580,0
448581,0
448582,0
448583,0
448584,0
448585,0
448586,0
448587,0
448588,0
448589,0
448590,0
448591,0
448592,0
448593,0
448594,0
448595,0
448596,0
448597,0
448598,0
448599,0
448600,0
448601,0
448602,0
448603,0
448604,0
448605,0
448606,0
448607,0
448608,0
448609,0
448610,0
448611,0
448612,0
448613,0
448614,0
448615,0
448616,0
448617,0
448618,0
448619,0
448620,0
448621,0
448622,0
448623,0
448624,0
448625,0
448626,0
448627,0
448628,0
448629,0
448630,0
448631,0
448632,0
448633,0
448634,0
448635,0
448636,0
448637,0
448638,0
448639,0
448640,0
448641,0
448642,0
448643,0
448644,0
448645,0
448646,0
448647,0
448648,0
448649,0
448650,0
448651,0
448652,0
448653,0
448654,0
448655,0
448656,0
448657,0
448658,0
448659,0
448660,0
448661,0
448662,0
448663,0
448664,0
448665,0
448666,0
448667,0
448668,0
448669,0
448670,0
448671,0
448672,0
448673,0
448674,0
448675,0
448676,0
448677,0
448678,0
448679,0
448680,0
448681,0
448682,0
448683,0
448684,0
448685,0
448686,0
448687,0
448688,0
448689,0
448690,0
448691,0
448692,0
448693,0
448694,0
448695,0
448696,0
448697,0
448698,0
448699,0
448700,0
448701,0
448702,0
448703,0
448704,0
448705,0
448706,0
448707,0
448708,0
448709,0
448710,0
448711,0
448712,0
448713,0
448714,0
448715,0
448716,0
448717,0
448718,0
448719,0
448720,0
448721,0
448722,0
448723,0
448724,0
448725,0
448726,0
448727,0
448728,0
448729,0
448730,0
448731,0
448732,0
448733,0
448734,0
448735,0
448736,0
448737,0
448738,0
448739,0
448740,0
448741,0
448742,0
448743,0
448744,0
448745,0
448746,0
448747,0
448748,0
448749,0
448750,0
448751,0
448752,0
448753,0
448754,0
448755,0
448756,0
448757,0
448758,0
448759,0
448760,0
448761,0
448762,0
448763,0
448764,0
448765,0
448766,0
448767,0
448768,0
448769,0
448770,0
448771,0
448772,0
448773,0
448774,0
448775,0
448776,0
448777,0
448778,0
448779,0
448780,0
448781,0
448782,0
448783,0
448784,0
448785,0
448786,0
448787,0
448788,0
448789,0
448790,0
448791,0
448792,0
448793,0
448794,0
448795,0
448796,0
448797,0
448798,0
448799,0
448800,0
448801,0
448802,0
448803,0
448804,0
448805,0
448806,0
448807,0
448808,0
448809,0
448810,0
448811,0
448812,0
448813,0
448814,0
448815,0
448816,0
448817,0
448818,0
448819,0
448820,0
448821,0
448822,0
448823,0
448824,0
448825,0
448826,0
448827,0
448828,0
448829,0
448830,0
448831,0
448832,0
448833,0
448834,0
448835,0
448836,0
448837,0
448838,0
448839,0
448840,0
448841,0
448842,0
448843,0
448844,0
448845,0
448846,0
448847,0
448848,0
448849,0
448850,0
448851,0
448852,0
448853,0
448854,0
448855,0
448856,0
448857,0
448858,0
448859,0
448860,0
448861,0
448862,0
448863,0
448864,0
448865,0
448866,0
448867,0
448868,0
448869,0
448870,0
448871,0
448872,0
448873,0
448874,0
448875,0
448876,0
448877,0
448878,0
448879,0
448880,0
448881,0
448882,0
448883,0
448884,0
448885,0
448886,0
448887,0
448888,0
448889,0
448890,0
448891,0
448892,0
448893,0
448894,0
448895,0
448896,0
448897,0
448898,0
448899,0
448900,0
448901,0
448902,0
448903,0
448904,0
448905,0
448906,0
448907,0
448908,0
448909,0
448910,0
448911,0
448912,0
448913,0
448914,0
448915,0
448916,0
448917,0
448918,0
448919,0
448920,0
448921,0
448922,0
448923,0
448924,0
448925,0
448926,0
448927,0
448928,0
448929,0
448930,0
448931,0
448932,0
448933,0
448934,0
448935,0
448936,0
448937,0
448938,0
448939,0
448940,0
448941,0
448942,0
448943,0
448944,0
448945,0
448946,0
448947,0
448948,0
448949,0
448950,0
448951,0
448952,0
448953,0
448954,0
448955,0
448956,0
448957,0
448958,0
448959,0
448960,0
448961,0
448962,0
448963,0
448964,0
448965,0
448966,0
448967,0
448968,0
448969,0
448970,0
448971,0
448972,0
448973,0
448974,0
448975,0
448976,0
448977,0
448978,0
448979,0
448980,0
448981,0
448982,0
448983,0
448984,0
448985,0
448986,0
448987,0
448988,0
448989,0
448990,0
448991,0
448992,0
448993,0
448994,0
448995,0
448996,0
448997,0
448998,0
448999,0
449000,0
449001,0
449002,0
449003,0
449004,0
449005,0
449006,0
449007,0
449008,0
449009,0
449010,0
449011,0
449012,0
449013,0
449014,0
449015,0
449016,0
449017,0
449018,0
449019,0
449020,0
449021,0
449022,0
449023,0
449024,0
449025,0
449026,0
449027,0
449028,0
449029,0
449030,0
449031,0
449032,0
449033,0
449034,0
449035,0
449036,0
449037,0
449038,0
449039,0
449040,0
449041,0
449042,0
449043,0
449044,0
449045,0
449046,0
449047,0
449048,0
449049,0
449050,0
449051,0
449052,0
449053,0
449054,0
449055,0
449056,0
449057,0
449058,0
449059,0
449060,0
449061,0
449062,0
449063,0
449064,0
449065,0
449066,0
449067,0
449068,0
449069,0
449070,0
449071,0
449072,0
449073,0
449074,0
449075,0
449076,0
449077,0
449078,0
449079,0
449080,0
449081,0
449082,0
449083,0
449084,0
449085,0
449086,0
449087,0
449088,0
449089,0
449090,0
449091,0
449092,0
449093,0
449094,0
449095,0
449096,0
449097,0
449098,0
449099,0
449100,0
449101,0
449102,0
449103,0
449104,0
449105,0
449106,0
449107,0
449108,0
449109,0
449110,0
449111,0
449112,0
449113,0
449114,0
449115,0
449116,0
449117,0
449118,0
449119,0
449120,0
449121,0
449122,0
449123,0
449124,0
449125,0
449126,0
449127,0
449128,0
449129,0
449130,0
449131,0
449132,0
449133,0
449134,0
449135,0
449136,0
449137,0
449138,0
449139,0
449140,0
449141,0
449142,0
449143,0
449144,0
449145,0
449146,0
449147,0
449148,0
449149,0
449150,0
449151,0
449152,0
449153,0
449154,0
449155,0
449156,0
449157,0
449158,0
449159,0
449160,0
449161,0
449162,0
449163,0
449164,0
449165,0
449166,0
449167,0
449168,0
449169,0
449170,0
449171,0
449172,0
449173,0
449174,0
449175,0
449176,0
449177,0
449178,0
449179,0
449180,0
449181,0
449182,0
449183,0
449184,0
449185,0
449186,0
449187,0
449188,0
449189,0
449190,0
449191,0
449192,0
449193,0
449194,0
449195,0
449196,0
449197,0
449198,0
449199,0
449200,0
449201,0
449202,0
449203,0
449204,0
449205,0
449206,0
449207,0
449208,0
449209,0
449210,0
449211,0
449212,0
449213,0
449214,0
449215,0
449216,0
449217,0
449218,0
449219,0
449220,0
449221,0
449222,0
449223,0
449224,0
449225,0
449226,0
449227,0
449228,0
449229,0
449230,0
449231,0
449232,0
449233,0
449234,0
449235,0
449236,0
449237,0
449238,0
449239,0
449240,0
449241,0
449242,0
449243,0
449244,0
449245,0
449246,0
449247,0
449248,0
449249,0
449250,0
449251,0
449252,0
449253,0
449254,0
449255,0
449256,0
449257,0
449258,0
449259,0
449260,0
449261,0
449262,0
449263,0
449264,0
449265,0
449266,0
449267,0
449268,0
449269,0
449270,0
449271,0
449272,0
449273,0
449274,0
449275,0
449276,0
449277,0
449278,0
449279,0
449280,0
449281,0
449282,0
449283,0
449284,0
449285,0
449286,0
449287,0
449288,0
449289,0
449290,0
449291,0
449292,0
449293,0
449294,0
449295,0
449296,0
449297,0
449298,0
449299,0
449300,0
449301,0
449302,0
449303,0
449304,0
449305,0
449306,0
449307,0
449308,0
449309,0
449310,0
449311,0
449312,0
449313,0
449314,0
449315,0
449316,0
449317,0
449318,0
449319,0
449320,0
449321,0
449322,0
449323,0
449324,0
449325,0
449326,0
449327,0
449328,0
449329,0
449330,0
449331,0
449332,0
449333,0
449334,0
449335,0
449336,0
449337,0
449338,0
449339,0
449340,0
449341,0
449342,0
449343,0
449344,0
449345,0
449346,0
449347,0
449348,0
449349,0
449350,0
449351,0
449352,0
449353,0
449354,0
449355,0
449356,0
449357,0
449358,0
449359,0
449360,0
449361,0
449362,0
449363,0
449364,0
449365,0
449366,0
449367,0
449368,0
449369,0
449370,0
449371,0
449372,0
449373,0
449374,0
449375,0
449376,0
449377,0
449378,0
449379,0
449380,0
449381,0
449382,0
449383,0
449384,0
449385,0
449386,0
449387,0
449388,0
449389,0
449390,0
449391,0
449392,0
449393,0
449394,0
449395,0
449396,0
449397,0
449398,0
449399,0
449400,0
449401,0
449402,0
449403,0
449404,0
449405,0
449406,0
449407,0
449408,0
449409,0
449410,0
449411,0
449412,0
449413,0
449414,0
449415,0
449416,0
449417,0
449418,0
449419,0
449420,0
449421,0
449422,0
449423,0
449424,0
449425,0
449426,0
449427,0
449428,0
449429,0
449430,0
449431,0
449432,0
449433,0
449434,0
449435,0
449436,0
449437,0
449438,0
449439,0
449440,0
449441,0
449442,0
449443,0
449444,0
449445,0
449446,0
449447,0
449448,0
449449,0
449450,0
449451,0
449452,0
449453,0
449454,0
449455,0
449456,0
449457,0
449458,0
449459,0
449460,0
449461,0
449462,0
449463,0
449464,0
449465,0
449466,0
449467,0
449468,0
449469,0
449470,0
449471,0
449472,0
449473,0
449474,0
449475,0
449476,0
449477,0
449478,0
449479,0
449480,0
449481,0
449482,0
449483,0
449484,0
449485,0
449486,0
449487,0
449488,0
449489,0
449490,0
449491,0
449492,0
449493,0
449494,0
449495,0
449496,0
449497,0
449498,0
449499,0
449500,0
449501,0
449502,0
449503,0
449504,0
449505,0
449506,0
449507,0
449508,0
449509,0
449510,0
449511,0
449512,0
449513,0
449514,0
449515,0
449516,0
449517,0
449518,0
449519,0
449520,0
449521,0
449522,0
449523,0
449524,0
449525,0
449526,0
449527,0
449528,0
449529,0
449530,0
449531,0
449532,0
449533,0
449534,0
449535,0
449536,0
449537,0
449538,0
449539,0
449540,0
449541,0
449542,0
449543,0
449544,0
449545,0
449546,0
449547,0
449548,0
449549,0
449550,0
449551,0
449552,0
449553,0
449554,0
449555,0
449556,0
449557,0
449558,0
449559,0
449560,0
449561,0
449562,0
449563,0
449564,0
449565,0
449566,0
449567,0
449568,0
449569,0
449570,0
449571,0
449572,0
449573,0
449574,0
449575,0
449576,0
449577,0
449578,0
449579,0
449580,0
449581,0
449582,0
449583,0
449584,0
449585,0
449586,0
449587,0
449588,0
449589,0
449590,0
449591,0
449592,0
449593,0
449594,0
449595,0
449596,0
449597,0
449598,0
449599,0
449600,0
449601,0
449602,0
449603,0
449604,0
449605,0
449606,0
449607,0
449608,0
449609,0
449610,0
449611,0
449612,0
449613,0
449614,0
449615,0
449616,0
449617,0
449618,0
449619,0
449620,0
449621,0
449622,0
449623,0
449624,0
449625,0
449626,0
449627,0
449628,0
449629,0
449630,0
449631,0
449632,0
449633,0
449634,0
449635,0
449636,0
449637,0
449638,0
449639,0
449640,0
449641,0
449642,0
449643,0
449644,0
449645,0
449646,0
449647,0
449648,0
449649,0
449650,0
449651,0
449652,0
449653,0
449654,0
449655,0
449656,0
449657,0
449658,0
449659,0
449660,0
449661,0
449662,0
449663,0
449664,0
449665,0
449666,0
449667,0
449668,0
449669,0
449670,0
449671,0
449672,0
449673,0
449674,0
449675,0
449676,0
449677,0
449678,0
449679,0
449680,0
449681,0
449682,0
449683,0
449684,0
449685,0
449686,0
449687,0
449688,0
449689,0
449690,0
449691,0
449692,0
449693,0
449694,0
449695,0
449696,0
449697,0
449698,0
449699,0
449700,0
449701,0
449702,0
449703,0
449704,0
449705,0
449706,0
449707,0
449708,0
449709,0
449710,0
449711,0
449712,0
449713,0
449714,0
449715,0
449716,0
449717,0
449718,0
449719,0
449720,0
449721,0
449722,0
449723,0
449724,0
449725,0
449726,0
449727,0
449728,0
449729,0
449730,0
449731,0
449732,0
449733,0
449734,0
449735,0
449736,0
449737,0
449738,0
449739,0
449740,0
449741,0
449742,0
449743,0
449744,0
449745,0
449746,0
449747,0
449748,0
449749,0
449750,0
449751,0
449752,0
449753,0
449754,0
449755,0
449756,0
449757,0
449758,0
449759,0
449760,0
449761,0
449762,0
449763,0
449764,0
449765,0
449766,0
449767,0
449768,0
449769,0
449770,0
449771,0
449772,0
449773,0
449774,0
449775,0
449776,0
449777,0
449778,0
449779,0
449780,0
449781,0
449782,0
449783,0
449784,0
449785,0
449786,0
449787,0
449788,0
449789,0
449790,0
449791,0
449792,0
449793,0
449794,0
449795,0
449796,0
449797,0
449798,0
449799,0
449800,0
449801,0
449802,0
449803,0
449804,0
449805,0
449806,0
449807,0
449808,0
449809,0
449810,0
449811,0
449812,0
449813,0
449814,0
449815,0
449816,0
449817,0
449818,0
449819,0
449820,0
449821,0
449822,0
449823,0
449824,0
449825,0
449826,0
449827,0
449828,0
449829,0
449830,0
449831,0
449832,0
449833,0
449834,0
449835,0
449836,0
449837,0
449838,0
449839,0
449840,0
449841,0
449842,0
449843,0
449844,0
449845,0
449846,0
449847,0
449848,0
449849,0
449850,0
449851,0
449852,0
449853,0
449854,0
449855,0
449856,0
449857,0
449858,0
449859,0
449860,0
449861,0
449862,0
449863,0
449864,0
449865,0
449866,0
449867,0
449868,0
449869,0
449870,0
449871,0
449872,0
449873,0
449874,0
449875,0
449876,0
449877,0
449878,0
449879,0
449880,0
449881,0
449882,0
449883,0
449884,0
449885,0
449886,0
449887,0
449888,0
449889,0
449890,0
449891,0
449892,0
449893,0
449894,0
449895,0
449896,0
449897,0
449898,0
449899,0
449900,0
449901,0
449902,0
449903,0
449904,0
449905,0
449906,0
449907,0
449908,0
449909,0
449910,0
449911,0
449912,0
449913,0
449914,0
449915,0
449916,0
449917,0
449918,0
